1445088373 18
1445088374 13
1445088374 14
1445088374 20
1445088374 6
1445088374 5
1445088374 2
1445088375 3
1445088376 7
1445088376 11
1445088376 8
1445088376 26
1445088376 9
1445088376 19
1445088376 25
1445088376 23
1445088376 12
1445088379 21
1445088379 15
1445088379 17
1445088379 26
1445088391 28
1445088391 16
1445088393 21
1445088393 15
1445088393 17
1445088393 26
1445088404 28
1445088416 16
1445088418 21
1445088418 15
1445088418 17
1445088418 26
1445088428 28
1445088428 16
1445088429 21
1445088429 15
1445088429 17
1445088429 26
1445088439 28
1445088439 16
1445088441 21
1445088441 15
1445088441 17
1445088441 26
1445088450 28
1445088450 16
1445088451 21
1445088451 15
1445088451 17
1445088451 26
1445088452 10
1445088460 28
1445088460 16
1445088460 21
1445088460 15
1445088460 17
1445088461 27
1445088461 24
1445088461 1
1445088490 4
1445088490 22
