1445088373 8
1445088374 147
1445088374 16
1445088374 102
1445088374 83
1445088374 8
1445088374 147
1445088375 160
1445088376 82
1445088376 67
1445088376 22
1445088376 102
1445088376 3
1445088376 75
1445088376 25
1445088376 25
1445088376 154
1445088379 102
1445088379 25
1445088379 25
1445088379 102
1445088391 75
1445088391 25
1445088393 102
1445088393 25
1445088393 25
1445088393 102
1445088404 75
1445088416 25
1445088418 102
1445088418 25
1445088418 25
1445088418 102
1445088428 75
1445088428 25
1445088429 102
1445088429 25
1445088429 25
1445088429 102
1445088439 75
1445088439 25
1445088441 102
1445088441 25
1445088441 25
1445088441 102
1445088450 75
1445088450 25
1445088451 102
1445088451 25
1445088451 25
1445088451 102
1445088452 67
1445088460 75
1445088460 25
1445088460 102
1445088460 25
1445088460 25
1445088461 75
1445088461 102
1445088461 160
1445088490 129
1445088490 3
