1445088263 23
1445088263 10
1445088263 15
1445088264 20
1445088264 5
1445088264 4
1445088266 2
1445088269 3
1445088272 7
1445088272 11
1445088273 6
1445088273 26
1445088273 12
1445088273 22
1445088273 21
1445088273 18
1445088273 9
1445088289 19
1445088289 14
1445088289 16
1445088289 26
1445088321 24
1445088322 13
1445088327 19
1445088327 14
1445088327 16
1445088327 26
1445088357 24
1445088357 13
1445088365 19
1445088365 14
1445088365 16
1445088365 26
1445088395 24
1445088396 13
1445088400 19
1445088400 14
1445088400 16
1445088400 26
1445088430 24
1445088430 13
1445088434 19
1445088434 14
1445088434 16
1445088434 26
1445088463 24
1445088463 13
1445088467 19
1445088467 14
1445088467 16
1445088467 26
1445088468 8
1445088496 24
1445088496 13
1445088496 19
1445088496 14
1445088496 16
1445088500 25
1445088500 17
1445088501 1
