1445247564 8
1445247564 147
1445247564 16
1445247564 102
1445247564 83
1445247564 8
1445247565 147
1445247566 160
1445247567 82
1445247567 67
1445247567 22
1445247567 102
1445247567 3
1445247567 75
1445247567 25
1445247567 25
1445247567 154
1445247571 102
1445247571 25
1445247571 25
1445247571 102
1445247581 75
1445247581 25
1445247582 102
1445247582 25
1445247582 25
1445247582 102
1445247592 75
1445247592 25
1445247595 102
1445247595 25
1445247595 25
1445247595 102
1445247605 75
1445247605 25
1445247607 102
1445247607 25
1445247607 25
1445247607 102
1445247617 75
1445247617 25
1445247618 102
1445247618 25
1445247618 25
1445247618 102
1445247628 75
1445247628 25
1445247629 102
1445247629 25
1445247629 25
1445247629 102
1445247639 75
1445247639 25
1445247641 102
1445247641 25
1445247641 25
1445247641 102
1445247650 75
1445247650 25
1445247651 67
1445247651 102
1445247651 25
1445247651 25
1445247659 75
1445247659 102
1445247659 160
1445247694 129
1445247694 3
1445247694 16
1445247694 16
1445247694 111
