1445093108 8
1445093108 147
1445093108 16
1445093108 102
1445093108 83
1445093108 8
1445093108 147
1445093109 160
1445093110 82
1445093110 67
1445093110 22
1445093110 102
1445093110 3
1445093110 75
1445093110 25
1445093110 25
1445093110 154
1445093113 102
1445093113 25
1445093113 25
1445093113 102
1445093124 75
1445093124 25
1445093125 102
1445093125 25
1445093125 25
1445093125 102
1445093137 75
1445093137 25
1445093138 102
1445093138 25
1445093138 25
1445093138 102
1445093149 75
1445093149 25
1445093150 102
1445093150 25
1445093150 25
1445093150 102
1445093158 75
1445093158 25
1445093159 67
1445093159 102
1445093159 25
1445093159 25
1445093166 75
1445093166 102
1445093166 160
