1445076963 25
1445076963 12
1445076963 15
1445076963 24
1445076963 6
1445076963 3
1445076964 2
1445076964 4
1445076965 7
1445076965 9
1445076965 8
1445076965 28
1445076965 13
1445076965 20
1445076965 18
1445076965 22
1445076966 10
1445076969 23
1445076969 14
1445076969 16
1445076969 28
1445076979 27
1445076979 17
1445076982 23
1445076982 14
1445076982 16
1445076982 28
1445076992 27
1445076992 17
1445076994 23
1445076994 14
1445076994 16
1445076994 28
1445077003 27
1445077003 17
1445077006 23
1445077006 14
1445077006 16
1445077006 28
1445077016 27
1445077016 17
1445077018 23
1445077018 14
1445077018 16
1445077018 28
1445077028 27
1445077028 17
1445077030 23
1445077030 14
1445077030 16
1445077030 28
1445077038 27
1445077038 17
1445077040 23
1445077040 14
1445077040 16
1445077040 28
1445077049 27
1445077049 17
1445077051 11
1445077051 23
1445077051 14
1445077051 16
1445077058 26
1445077058 21
1445077058 1
1445077083 5
1445077083 19
