1445248061 21
1445248061 14
1445248061 16
1445248061 23
1445248061 6
1445248062 3
1445248062 2
1445248063 5
1445248064 7
1445248065 11
1445248066 8
1445248066 29
1445248066 12
1445248066 27
1445248066 22
1445248066 28
1445248066 9
1445248079 25
1445248079 17
1445248079 19
1445248079 29
1445248102 30
1445248102 20
1445248108 25
1445248108 17
1445248108 19
1445248108 29
1445248138 30
1445248138 20
1445248142 25
1445248142 17
1445248142 19
1445248142 29
1445248171 30
1445248171 20
1445248176 25
1445248176 17
1445248176 19
1445248176 29
1445248206 30
1445248206 20
1445248211 25
1445248211 17
1445248211 19
1445248211 29
1445248241 30
1445248241 20
1445248246 25
1445248246 17
1445248246 19
1445248246 29
1445248274 30
1445248274 20
1445248279 25
1445248279 17
1445248279 19
1445248279 29
1445248308 30
1445248308 20
1445248315 13
1445248315 25
1445248315 17
1445248315 19
1445248337 31
1445248337 26
1445248337 1
1445248438 4
1445248440 24
1445248440 15
1445248440 18
1445248440 10
