1445248061 8
1445248061 147
1445248061 16
1445248061 102
1445248061 83
1445248062 8
1445248062 147
1445248063 160
1445248064 82
1445248065 67
1445248066 22
1445248066 102
1445248066 3
1445248066 75
1445248066 25
1445248066 25
1445248066 154
1445248079 102
1445248079 25
1445248079 25
1445248079 102
1445248102 75
1445248102 25
1445248108 102
1445248108 25
1445248108 25
1445248108 102
1445248138 75
1445248138 25
1445248142 102
1445248142 25
1445248142 25
1445248142 102
1445248171 75
1445248171 25
1445248176 102
1445248176 25
1445248176 25
1445248176 102
1445248206 75
1445248206 25
1445248211 102
1445248211 25
1445248211 25
1445248211 102
1445248241 75
1445248241 25
1445248246 102
1445248246 25
1445248246 25
1445248246 102
1445248274 75
1445248274 25
1445248279 102
1445248279 25
1445248279 25
1445248279 102
1445248308 75
1445248308 25
1445248315 67
1445248315 102
1445248315 25
1445248315 25
1445248337 75
1445248337 102
1445248337 160
1445248438 129
1445248440 3
1445248440 16
1445248440 16
1445248440 111
