1445241143 22
1445241144 11
1445241144 17
1445241144 19
1445241144 6
1445241144 3
1445241144 2
1445241145 4
1445241146 8
1445241146 10
1445241146 7
1445241146 27
1445241146 9
1445241146 24
1445241146 25
1445241146 18
1445241146 13
1445241149 21
1445241149 16
1445241149 15
1445241149 27
1445241159 28
1445241159 14
1445241160 21
1445241160 16
1445241160 15
1445241160 27
1445241170 28
1445241170 14
1445241171 12
1445241171 21
1445241171 16
1445241171 15
1445241178 26
1445241178 23
1445241178 1
1445241194 5
1445241194 20
