1445241143 8
1445241144 147
1445241144 16
1445241144 102
1445241144 83
1445241144 8
1445241144 147
1445241145 160
1445241146 82
1445241146 67
1445241146 22
1445241146 102
1445241146 3
1445241146 75
1445241146 25
1445241146 25
1445241146 154
1445241149 102
1445241149 25
1445241149 25
1445241149 102
1445241159 75
1445241159 25
1445241160 102
1445241160 25
1445241160 25
1445241160 102
1445241170 75
1445241170 25
1445241171 67
1445241171 102
1445241171 25
1445241171 25
1445241178 75
1445241178 102
1445241178 160
1445241194 129
1445241194 3
