1445248067 29
1445248067 12
1445248067 21
1445248067 24
1445248067 9
1445248068 6
1445248068 3
1445248070 4
1445248072 8
1445248072 11
1445248094 17
1445248094 34
1445248094 45
1445248094 56
1445248094 37
1445248094 44
1445248094 50
1445248094 43
1445248094 48
1445248094 42
1445248094 53
1445248094 51
1445248094 41
1445248094 41
1445248094 58
1445248094 47
1445248094 38
1445248094 49
1445248094 49
1445248094 54
1445248094 52
1445248094 39
1445248094 32
1445248094 55
1445248094 57
1445248094 40
1445248094 46
1445248094 1
1445248094 34
1445248094 45
1445248094 56
1445248094 37
1445248094 44
1445248094 50
1445248094 43
1445248094 48
1445248094 42
1445248094 53
1445248094 51
1445248094 41
1445248094 41
1445248094 58
1445248094 47
1445248094 38
1445248094 49
1445248094 49
1445248094 54
1445248094 52
1445248094 39
1445248094 32
1445248094 55
1445248094 57
1445248094 40
1445248094 46
1445248096 10
1445248096 7
1445248096 33
1445248096 15
1445248096 28
1445248096 25
1445248096 31
1445248096 13
1445248102 30
1445248102 19
1445248102 20
1445248102 33
1445248132 35
1445248132 23
1445248137 30
1445248137 19
1445248137 20
1445248137 33
1445248166 35
1445248166 23
1445248171 30
1445248171 19
1445248171 20
1445248171 33
1445248201 35
1445248201 23
1445248206 30
1445248206 19
1445248206 20
1445248206 33
1445248235 35
1445248235 23
1445248239 30
1445248239 19
1445248239 20
1445248239 33
1445248268 35
1445248268 23
1445248272 30
1445248272 19
1445248272 20
1445248272 33
1445248301 35
1445248301 23
1445248306 30
1445248306 19
1445248306 20
1445248306 33
1445248332 35
1445248332 23
1445248336 14
1445248336 30
1445248336 19
1445248336 20
1445248358 36
1445248358 26
1445248359 2
1445248463 5
1445248466 27
1445248466 22
1445248466 18
1445248466 16
