1445162694 8
1445162694 147
1445162694 16
1445162694 102
1445162694 83
1445162694 8
1445162694 147
1445162695 160
1445162695 82
1445162695 67
1445162695 22
1445162696 102
1445162696 3
1445162696 75
1445162696 25
1445162696 25
1445162696 154
1445162698 102
1445162698 25
1445162698 25
1445162698 102
1445162709 75
1445162709 25
1445162711 102
1445162711 25
1445162711 25
1445162711 102
1445162722 75
1445162722 25
1445162724 102
1445162724 25
1445162724 25
1445162724 102
1445162736 75
1445162736 25
1445162738 102
1445162738 25
1445162738 25
1445162738 102
1445162749 75
1445162749 25
1445162750 102
1445162750 25
1445162750 25
1445162750 102
1445162765 75
1445162765 25
1445162767 102
1445162767 25
1445162767 25
1445162767 102
1445162780 75
1445162780 25
1445162782 102
1445162782 25
1445162782 25
1445162782 102
1445162790 75
1445162790 25
1445162791 67
1445162791 102
1445162791 25
1445162791 25
1445162798 75
1445162798 102
1445162798 160
1445162829 129
1445162829 3
