1445248396 41
1445248396 36
1445248396 38
1445248396 43
1445248396 30
1445248396 23
1445248397 6
1445248398 26
1445248399 32
1445248399 37
1445248399 34
1445248399 29
1445248399 25
1445248399 13
1445248399 19
1445248399 21
1445248400 1
1445248400 15
1445248400 4
1445248400 27
1445248400 15
1445248400 4
1445248401 27
1445248401 9
1445248410 13
1445248410 18
1445248410 20
1445248410 1
1445248410 15
1445248410 4
1445248441 13
1445248465 27
1445248465 14
1445248465 18
1445248465 20
1445248465 1
1445248465 15
1445248465 4
1445248467 13
1445248487 13
1445248499 13
1445248499 16
1445248499 8
1445248499 1
1445248499 15
1445248499 4
1445248520 13
1445248520 19
1445248520 21
1445248521 1
1445248521 15
1445248521 4
1445248522 27
1445248522 17
1445248548 27
1445248548 7
1445248564 13
1445248629 27
1445248629 15
1445248629 4
1445248711 27
1445248712 10
1445248712 18
1445248712 20
1445248712 1
1445248712 15
1445248712 4
1445248736 27
1445248736 15
1445248736 4
1445248761 27
1445248761 15
1445248761 4
1445248808 27
1445248808 11
1445248808 22
1445248808 5
1445248808 31
1445248808 28
1445248808 42
1445248808 2
1445248809 12
1445248863 24
1445248863 33
1445248863 3
1445248863 44
1445248864 40
1445248864 39
1445248864 35
