1445248396 8
1445248396 147
1445248396 16
1445248396 102
1445248396 83
1445248396 8
1445248397 147
1445248398 160
1445248399 82
1445248399 67
1445248399 154
1445248399 0
1445248399 58
1445248399 58
1445248399 78
1445248399 78
1445248400 60
1445248400 60
1445248400 167
1445248400 167
1445248400 60
1445248400 167
1445248401 167
1445248401 66
1445248410 58
1445248410 78
1445248410 78
1445248410 60
1445248410 60
1445248410 167
1445248441 58
1445248465 167
1445248465 66
1445248465 78
1445248465 78
1445248465 60
1445248465 60
1445248465 167
1445248467 58
1445248487 58
1445248499 58
1445248499 78
1445248499 78
1445248499 60
1445248499 60
1445248499 167
1445248520 58
1445248520 78
1445248520 78
1445248521 60
1445248521 60
1445248521 167
1445248522 167
1445248522 66
1445248548 167
1445248548 1
1445248564 58
1445248629 167
1445248629 60
1445248629 167
1445248711 167
1445248712 66
1445248712 78
1445248712 78
1445248712 60
1445248712 60
1445248712 167
1445248736 167
1445248736 60
1445248736 167
1445248761 167
1445248761 60
1445248761 167
1445248808 167
1445248808 66
1445248808 58
1445248808 0
1445248808 120
1445248808 120
1445248808 102
1445248808 160
1445248809 60
1445248863 129
1445248863 129
1445248863 167
1445248863 3
1445248864 16
1445248864 16
1445248864 111
