1445175956 20
1445175956 11
1445175956 17
1445175956 21
1445175956 6
1445175956 5
1445175956 2
1445175956 4
1445175957 8
1445175957 9
1445175957 7
1445175958 27
1445175958 10
1445175958 19
1445175958 18
1445175958 23
1445175958 13
1445175960 22
1445175960 15
1445175960 16
1445175960 27
1445175969 28
1445175969 14
1445175971 22
1445175971 15
1445175971 16
1445175971 27
1445175982 28
1445175982 14
1445175984 22
1445175984 15
1445175984 16
1445175984 27
1445175993 28
1445175993 14
1445175995 22
1445175995 15
1445175995 16
1445175995 27
1445176004 28
1445176004 14
1445176005 22
1445176005 15
1445176005 16
1445176005 27
1445176014 28
1445176014 14
1445176016 22
1445176016 15
1445176016 16
1445176016 27
1445176017 12
1445176025 28
1445176025 14
1445176025 22
1445176025 15
1445176025 16
1445176027 26
1445176027 24
1445176027 1
1445176055 3
1445176055 25
