1445175956 8
1445175956 147
1445175956 16
1445175956 102
1445175956 83
1445175956 8
1445175956 147
1445175956 160
1445175957 82
1445175957 67
1445175957 22
1445175958 102
1445175958 3
1445175958 75
1445175958 25
1445175958 25
1445175958 154
1445175960 102
1445175960 25
1445175960 25
1445175960 102
1445175969 75
1445175969 25
1445175971 102
1445175971 25
1445175971 25
1445175971 102
1445175982 75
1445175982 25
1445175984 102
1445175984 25
1445175984 25
1445175984 102
1445175993 75
1445175993 25
1445175995 102
1445175995 25
1445175995 25
1445175995 102
1445176004 75
1445176004 25
1445176005 102
1445176005 25
1445176005 25
1445176005 102
1445176014 75
1445176014 25
1445176016 102
1445176016 25
1445176016 25
1445176016 102
1445176017 67
1445176025 75
1445176025 25
1445176025 102
1445176025 25
1445176025 25
1445176027 75
1445176027 102
1445176027 160
1445176055 129
1445176055 3
