1445175336 22
1445175336 12
1445175336 17
1445175336 26
1445175336 6
1445175336 3
1445175337 2
1445175337 5
1445175338 7
1445175338 9
1445175339 8
1445175339 29
1445175339 11
1445175339 24
1445175339 21
1445175339 27
1445175339 14
1445175342 23
1445175342 15
1445175342 19
1445175342 29
1445175353 31
1445175353 16
1445175356 23
1445175356 15
1445175356 19
1445175356 29
1445175366 31
1445175366 16
1445175368 23
1445175368 15
1445175368 19
1445175368 29
1445175379 31
1445175379 16
1445175381 23
1445175381 15
1445175381 19
1445175381 29
1445175391 31
1445175391 16
1445175393 23
1445175393 15
1445175393 19
1445175393 29
1445175402 31
1445175402 16
1445175404 23
1445175404 15
1445175404 19
1445175404 29
1445175405 10
1445175414 31
1445175414 16
1445175414 23
1445175414 15
1445175414 19
1445175416 30
1445175416 28
1445175416 1
1445175464 4
1445175464 25
1445175464 20
1445175464 18
1445175464 13
