1445175336 8
1445175336 147
1445175336 16
1445175336 102
1445175336 83
1445175336 8
1445175337 147
1445175337 160
1445175338 82
1445175338 67
1445175339 22
1445175339 102
1445175339 3
1445175339 75
1445175339 25
1445175339 25
1445175339 154
1445175342 102
1445175342 25
1445175342 25
1445175342 102
1445175353 75
1445175353 25
1445175356 102
1445175356 25
1445175356 25
1445175356 102
1445175366 75
1445175366 25
1445175368 102
1445175368 25
1445175368 25
1445175368 102
1445175379 75
1445175379 25
1445175381 102
1445175381 25
1445175381 25
1445175381 102
1445175391 75
1445175391 25
1445175393 102
1445175393 25
1445175393 25
1445175393 102
1445175402 75
1445175402 25
1445175404 102
1445175404 25
1445175404 25
1445175404 102
1445175405 67
1445175414 75
1445175414 25
1445175414 102
1445175414 25
1445175414 25
1445175416 75
1445175416 102
1445175416 160
1445175464 129
1445175464 3
1445175464 16
1445175464 16
1445175464 111
