1445094593 26
1445094593 13
1445094593 16
1445094593 27
1445094593 6
1445094594 5
1445094594 2
1445094594 4
1445094595 8
1445094595 12
1445094595 7
1445094595 31
1445094595 14
1445094595 22
1445094595 24
1445094595 21
1445094595 9
1445094597 23
1445094597 20
1445094597 17
1445094597 31
1445094605 29
1445094605 18
1445094606 23
1445094606 20
1445094606 17
1445094606 31
1445094614 29
1445094614 18
1445094615 23
1445094615 20
1445094615 17
1445094615 31
1445094623 29
1445094623 18
1445094624 23
1445094624 20
1445094624 17
1445094624 31
1445094635 29
1445094635 18
1445094635 23
1445094635 20
1445094635 17
1445094635 31
1445094643 29
1445094643 18
1445094644 23
1445094644 20
1445094644 17
1445094644 31
1445094645 11
1445094654 29
1445094654 18
1445094654 23
1445094654 20
1445094654 17
1445094655 30
1445094655 28
1445094655 1
1445094690 3
1445094690 25
1445094690 19
1445094690 15
1445094690 10
