1445094593 8
1445094593 147
1445094593 16
1445094593 102
1445094593 83
1445094594 8
1445094594 147
1445094594 160
1445094595 82
1445094595 67
1445094595 22
1445094595 102
1445094595 3
1445094595 75
1445094595 25
1445094595 25
1445094595 154
1445094597 102
1445094597 25
1445094597 25
1445094597 102
1445094605 75
1445094605 25
1445094606 102
1445094606 25
1445094606 25
1445094606 102
1445094614 75
1445094614 25
1445094615 102
1445094615 25
1445094615 25
1445094615 102
1445094623 75
1445094623 25
1445094624 102
1445094624 25
1445094624 25
1445094624 102
1445094635 75
1445094635 25
1445094635 102
1445094635 25
1445094635 25
1445094635 102
1445094643 75
1445094643 25
1445094644 102
1445094644 25
1445094644 25
1445094644 102
1445094645 67
1445094654 75
1445094654 25
1445094654 102
1445094654 25
1445094654 25
1445094655 75
1445094655 102
1445094655 160
1445094690 129
1445094690 3
1445094690 16
1445094690 16
1445094690 111
