1445093096 18
1445093096 10
1445093096 15
1445093096 24
1445093096 6
1445093096 5
1445093097 2
1445093098 4
1445093099 8
1445093099 11
1445093099 7
1445093100 26
1445093100 13
1445093100 23
1445093100 22
1445093100 19
1445093100 9
1445093102 20
1445093102 16
1445093102 14
1445093102 26
1445093113 27
1445093114 17
1445093115 20
1445093115 16
1445093115 14
1445093115 26
1445093123 27
1445093123 17
1445093124 20
1445093124 16
1445093124 14
1445093124 26
1445093134 27
1445093134 17
1445093135 20
1445093135 16
1445093135 14
1445093135 26
1445093144 27
1445093144 17
1445093145 20
1445093145 16
1445093145 14
1445093145 26
1445093155 27
1445093155 17
1445093156 20
1445093156 16
1445093156 14
1445093156 26
1445093157 12
1445093165 27
1445093165 17
1445093165 20
1445093165 16
1445093165 14
1445093166 28
1445093166 21
1445093166 1
1445093193 3
1445093193 25
