1445093096 8
1445093096 147
1445093096 16
1445093096 102
1445093096 83
1445093096 8
1445093097 147
1445093098 160
1445093099 82
1445093099 67
1445093099 22
1445093100 102
1445093100 3
1445093100 75
1445093100 25
1445093100 25
1445093100 154
1445093102 102
1445093102 25
1445093102 25
1445093102 102
1445093113 75
1445093114 25
1445093115 102
1445093115 25
1445093115 25
1445093115 102
1445093123 75
1445093123 25
1445093124 102
1445093124 25
1445093124 25
1445093124 102
1445093134 75
1445093134 25
1445093135 102
1445093135 25
1445093135 25
1445093135 102
1445093144 75
1445093144 25
1445093145 102
1445093145 25
1445093145 25
1445093145 102
1445093155 75
1445093155 25
1445093156 102
1445093156 25
1445093156 25
1445093156 102
1445093157 67
1445093165 75
1445093165 25
1445093165 102
1445093165 25
1445093165 25
1445093166 75
1445093166 102
1445093166 160
1445093193 129
1445093193 3
