1445163633 28
1445163634 28
1445163634 28
1445163634 28
1445163634 28
1445163634 28
1445163634 28
1445163634 28
1445163634 28
1445163634 28
1445163634 28
1445163634 28
1445163634 28
1445163634 28
1445163635 28
1445163635 28
1445163635 28
1445163635 28
1445163635 28
1445163635 28
1445163635 28
1445163635 28
1445163635 28
1445163635 28
1445163635 28
1445163635 28
1445163635 28
1445163635 28
1445163636 28
1445163636 28
1445163636 28
1445163636 28
1445163636 28
1445163636 28
1445163636 28
1445163636 28
1445163636 28
1445163636 28
1445163636 28
1445163636 7
1445163636 28
1445163636 28
1445163636 28
1445163636 28
1445163636 28
1445163636 28
1445163636 28
1445163636 27
1445163636 1
1445163636 20
1445163636 28
1445163636 28
1445163636 28
1445163636 28
1445163636 28
1445163636 28
1445163636 28
1445163636 28
1445163636 28
1445163636 28
1445163636 28
1445163636 28
1445163636 28
1445163636 28
1445163636 28
1445163636 28
1445163636 28
1445163636 28
1445163636 28
1445163636 28
1445163636 28
1445163636 28
1445163636 28
1445163636 28
1445163636 28
1445163636 28
1445163636 28
1445163636 28
1445163636 28
1445163636 28
1445163636 28
1445163636 28
1445163636 28
1445163636 28
1445163636 28
1445163636 28
1445163636 28
1445163636 28
1445163636 28
1445163636 28
1445163636 28
1445163636 28
1445163636 28
1445163636 28
1445163636 28
1445163636 28
1445163636 28
1445163636 28
1445163636 28
1445163636 28
1445163636 28
1445163636 28
1445163636 28
1445163636 28
1445163636 28
1445163636 28
1445163636 28
1445163636 28
1445163636 28
1445163636 28
1445163636 28
1445163636 28
1445163636 28
1445163636 28
1445163636 28
1445163636 28
1445163636 28
1445163636 28
1445163637 28
1445163637 28
1445163637 28
1445163637 28
1445163637 28
1445163638 28
1445163638 28
1445163638 28
1445163638 28
1445163638 28
1445163638 28
1445163638 28
1445163638 28
1445163639 28
1445163639 28
1445163639 28
1445163639 28
1445163639 28
1445163639 28
1445163639 28
1445163639 28
1445163639 28
1445163639 28
1445163639 28
1445163639 28
1445163639 28
1445163639 28
1445163639 28
1445163639 28
1445163639 28
1445163639 28
1445163639 28
1445163639 28
1445163639 28
1445163639 28
1445163639 28
1445163639 28
1445163639 28
1445163639 28
1445163639 28
1445163639 28
1445163639 28
1445163639 28
1445163639 28
1445163639 28
1445163639 28
1445163639 28
1445163639 28
1445163639 28
1445163639 28
1445163639 28
1445163639 28
1445163639 28
1445163639 28
1445163639 28
1445163639 28
1445163639 28
1445163639 28
1445163639 28
1445163639 28
1445163639 28
1445163640 28
1445163640 28
1445163641 28
1445163641 28
1445163642 28
1445163642 28
1445163642 28
1445163642 28
1445163642 28
1445163642 28
1445163642 28
1445163642 28
1445163642 28
1445163642 28
1445163642 28
1445163642 28
1445163642 28
1445163642 28
1445163642 28
1445163642 28
1445163642 28
1445163642 28
1445163642 28
1445163642 28
1445163642 28
1445163642 28
1445163642 28
1445163643 28
1445163643 28
1445163643 28
1445163643 28
1445163643 28
1445163643 28
1445163643 28
1445163643 28
1445163644 28
1445163644 28
1445163645 28
1445163645 28
1445163645 28
1445163645 28
1445163645 28
1445163645 28
1445163645 28
1445163645 28
1445163645 28
1445163645 28
1445163645 28
1445163646 28
1445163646 28
1445163646 28
1445163646 28
1445163646 28
1445163646 28
1445163646 28
1445163646 28
1445163647 28
1445163647 28
1445163648 28
1445163648 28
1445163648 28
1445163648 28
1445163648 28
1445163648 28
1445163648 28
1445163648 28
1445163649 28
1445163649 28
1445163649 28
1445163649 28
1445163649 28
1445163649 28
1445163649 28
1445163650 28
1445163650 28
1445163650 28
1445163650 28
1445163650 28
1445163650 28
1445163650 28
1445163650 28
1445163651 28
1445163651 28
1445163652 28
1445163652 28
1445163652 28
1445163652 28
1445163652 28
1445163652 28
1445163653 28
1445163653 28
1445163654 28
1445163654 28
1445163655 28
1445163655 28
1445163655 28
1445163655 28
1445163655 28
1445163655 28
1445163656 28
1445163656 28
1445163656 28
1445163656 28
1445163656 28
1445163656 28
1445163656 28
1445163656 28
1445163656 28
1445163656 28
1445163656 28
1445163656 28
1445163656 28
1445163656 28
1445163656 28
1445163656 28
1445163656 28
1445163657 28
1445163657 28
1445163657 28
1445163657 28
1445163657 28
1445163657 28
1445163657 28
1445163658 28
1445163658 28
1445163658 28
1445163658 28
1445163658 28
1445163658 28
1445163658 28
1445163658 28
1445163659 28
1445163659 28
1445163659 28
1445163660 28
1445163660 28
1445163660 28
1445163660 28
1445163660 28
1445163660 28
1445163660 28
1445163660 28
1445163660 28
1445163660 28
1445163660 28
1445163660 28
1445163660 28
1445163660 28
1445163660 28
1445163660 28
1445163660 28
1445163660 28
1445163660 28
1445163660 28
1445163660 28
1445163660 28
1445163661 28
1445163661 28
1445163661 28
1445163661 28
1445163662 28
1445163662 28
1445163664 28
1445163664 28
1445163665 28
1445163665 28
1445163666 28
1445163666 28
1445163666 28
1445163666 28
1445163667 28
1445163667 28
1445163668 28
1445163668 28
1445163669 28
1445163670 28
1445163670 28
1445163671 28
1445163671 28
1445163672 28
1445163672 28
1445163672 28
1445163672 28
1445163672 28
1445163672 28
1445163672 28
1445163672 28
1445163672 28
1445163672 28
1445163672 28
1445163672 28
1445163672 28
1445163672 28
1445163672 28
1445163673 28
1445163673 28
1445163673 28
1445163673 28
1445163673 28
1445163673 28
1445163673 28
1445163673 28
1445163673 28
1445163674 28
1445163674 28
1445163674 28
1445163674 28
1445163674 28
1445163674 28
1445163674 28
1445163674 28
1445163674 28
1445163674 28
1445163674 28
1445163674 28
1445163674 28
1445163674 28
1445163674 28
1445163674 28
1445163675 28
1445163675 28
1445163675 28
1445163675 28
1445163675 28
1445163675 28
1445163675 28
1445163675 28
1445163675 28
1445163676 28
1445163676 28
1445163676 28
1445163676 28
1445163676 28
1445163677 28
1445163677 28
1445163677 28
1445163678 28
1445163678 28
1445163679 28
1445163679 28
1445163679 28
1445163680 28
1445163680 28
1445163680 28
1445163680 28
1445163680 28
1445163680 28
1445163680 28
1445163681 28
1445163681 28
1445163682 28
1445163682 28
1445163682 28
1445163683 28
1445163683 28
1445163683 28
1445163683 28
1445163684 28
1445163684 28
1445163685 28
1445163685 28
1445163685 28
1445163686 28
1445163686 28
1445163686 28
1445163687 28
1445163687 28
1445163687 28
1445163687 28
1445163688 28
1445163688 28
1445163688 28
1445163688 28
1445163688 28
1445163688 28
1445163688 28
1445163688 28
1445163688 28
1445163688 28
1445163688 28
1445163688 28
1445163688 28
1445163688 28
1445163688 28
1445163689 28
1445163689 28
1445163689 28
1445163689 28
1445163690 28
1445163690 28
1445163690 28
1445163690 28
1445163690 28
1445163690 28
1445163690 28
1445163690 28
1445163690 28
1445163690 28
1445163690 28
1445163690 28
1445163690 28
1445163690 28
1445163691 28
1445163691 28
1445163691 28
1445163691 28
1445163692 28
1445163692 28
1445163692 28
1445163693 28
1445163693 28
1445163693 28
1445163693 28
1445163693 28
1445163693 28
1445163693 28
1445163693 28
1445163693 28
1445163693 28
1445163693 28
1445163693 28
1445163693 28
1445163693 28
1445163693 28
1445163693 28
1445163694 28
1445163694 28
1445163694 28
1445163694 28
1445163694 28
1445163694 28
1445163695 28
1445163695 28
1445163695 28
1445163696 28
1445163696 28
1445163696 28
1445163696 28
1445163697 28
1445163697 28
1445163697 28
1445163697 28
1445163698 28
1445163698 28
1445163698 28
1445163698 28
1445163698 28
1445163698 28
1445163699 28
1445163699 28
1445163699 28
1445163699 28
1445163700 28
1445163700 28
1445163700 28
1445163700 28
1445163701 28
1445163701 28
1445163701 28
1445163701 28
1445163702 28
1445163702 28
1445163702 28
1445163702 28
1445163702 28
1445163703 28
1445163703 28
1445163703 28
1445163703 28
1445163703 28
1445163703 28
1445163704 28
1445163704 28
1445163704 28
1445163705 28
1445163705 28
1445163705 28
1445163705 28
1445163705 28
1445163705 28
1445163705 28
1445163705 28
1445163705 28
1445163705 28
1445163706 28
1445163706 28
1445163706 28
1445163706 28
1445163706 28
1445163706 28
1445163706 28
1445163706 28
1445163707 28
1445163707 28
1445163707 28
1445163707 28
1445163707 28
1445163707 28
1445163707 28
1445163707 28
1445163707 28
1445163707 28
1445163707 28
1445163707 28
1445163707 28
1445163707 28
1445163707 28
1445163707 28
1445163708 28
1445163708 28
1445163708 28
1445163708 28
1445163708 28
1445163709 28
1445163709 28
1445163709 28
1445163709 28
1445163709 28
1445163709 28
1445163709 28
1445163709 28
1445163709 28
1445163709 28
1445163709 28
1445163709 28
1445163709 28
1445163710 28
1445163710 28
1445163710 28
1445163711 28
1445163711 28
1445163711 28
1445163711 28
1445163712 28
1445163712 28
1445163712 28
1445163712 28
1445163713 28
1445163713 28
1445163713 28
1445163713 28
1445163713 28
1445163713 28
1445163713 28
1445163714 28
1445163714 28
1445163714 28
1445163715 28
1445163715 28
1445163715 28
1445163715 28
1445163715 28
1445163716 28
1445163716 28
1445163716 28
1445163716 28
1445163717 28
1445163717 28
1445163717 28
1445163717 28
1445163717 28
1445163717 28
1445163717 28
1445163718 28
1445163718 28
1445163718 28
1445163719 28
1445163719 28
1445163719 28
1445163719 28
1445163719 28
1445163719 28
1445163720 28
1445163720 28
1445163720 28
1445163720 28
1445163720 28
1445163720 28
1445163720 28
1445163720 28
1445163720 28
1445163720 28
1445163720 28
1445163720 28
1445163720 28
1445163721 28
1445163721 28
1445163721 28
1445163721 28
1445163721 28
1445163722 28
1445163722 28
1445163722 28
1445163722 28
1445163722 28
1445163722 28
1445163722 28
1445163722 28
1445163722 28
1445163722 28
1445163722 28
1445163722 28
1445163722 28
1445163722 28
1445163722 28
1445163722 28
1445163722 28
1445163722 28
1445163723 28
1445163723 28
1445163723 28
1445163723 28
1445163723 28
1445163723 28
1445163724 28
1445163724 28
1445163724 28
1445163724 28
1445163724 28
1445163724 28
1445163724 28
1445163724 28
1445163725 28
1445163725 28
1445163725 28
1445163725 28
1445163726 28
1445163726 28
1445163726 28
1445163726 28
1445163726 28
1445163726 28
1445163727 28
1445163727 28
1445163727 28
1445163727 28
1445163727 28
1445163727 28
1445163728 28
1445163728 28
1445163728 28
1445163728 28
1445163729 28
1445163729 28
1445163729 28
1445163729 28
1445163729 28
1445163729 28
1445163730 28
1445163730 28
1445163730 28
1445163730 28
1445163730 28
1445163730 28
1445163731 28
1445163731 28
1445163731 28
1445163731 28
1445163731 28
1445163731 28
1445163732 28
1445163732 28
1445163732 28
1445163732 28
1445163732 28
1445163732 28
1445163733 28
1445163733 28
1445163733 28
1445163733 28
1445163733 28
1445163733 28
1445163734 28
1445163734 28
1445163734 28
1445163734 28
1445163734 28
1445163734 28
1445163734 28
1445163735 28
1445163735 28
1445163735 28
1445163735 28
1445163735 28
1445163735 28
1445163735 28
1445163735 28
1445163735 28
1445163735 28
1445163735 28
1445163736 28
1445163736 28
1445163736 28
1445163736 28
1445163736 28
1445163736 28
1445163736 28
1445163737 28
1445163737 28
1445163737 28
1445163737 28
1445163737 28
1445163737 28
1445163737 28
1445163738 28
1445163738 28
1445163738 28
1445163738 28
1445163738 28
1445163738 28
1445163738 28
1445163738 28
1445163738 28
1445163738 28
1445163738 28
1445163738 28
1445163738 28
1445163738 28
1445163738 28
1445163738 28
1445163738 28
1445163738 28
1445163738 28
1445163739 28
1445163739 28
1445163739 28
1445163739 28
1445163740 28
1445163740 28
1445163740 28
1445163740 28
1445163740 28
1445163740 28
1445163740 28
1445163741 28
1445163741 28
1445163741 28
1445163741 28
1445163741 28
1445163741 28
1445163741 28
1445163741 28
1445163742 28
1445163742 28
1445163742 28
1445163742 28
1445163743 28
1445163743 28
1445163743 28
1445163743 28
1445163743 28
1445163744 28
1445163744 28
1445163744 28
1445163744 28
1445163744 28
1445163744 28
1445163744 28
1445163744 28
1445163744 28
1445163745 28
1445163745 28
1445163745 28
1445163745 28
1445163745 28
1445163746 28
1445163746 28
1445163746 28
1445163746 28
1445163747 28
1445163747 28
1445163747 28
1445163747 28
1445163747 28
1445163747 28
1445163748 28
1445163748 28
1445163748 28
1445163748 28
1445163748 28
1445163748 28
1445163748 28
1445163749 28
1445163749 28
1445163749 28
1445163749 28
1445163749 28
1445163750 28
1445163750 28
1445163750 28
1445163750 28
1445163750 28
1445163750 28
1445163750 28
1445163750 28
1445163750 28
1445163750 28
1445163750 28
1445163750 28
1445163751 28
1445163751 28
1445163751 28
1445163751 28
1445163751 28
1445163751 28
1445163751 28
1445163751 28
1445163752 28
1445163752 28
1445163752 28
1445163752 28
1445163752 28
1445163752 28
1445163752 28
1445163752 28
1445163752 28
1445163752 28
1445163752 28
1445163752 28
1445163752 28
1445163752 28
1445163753 28
1445163753 28
1445163753 28
1445163753 28
1445163753 28
1445163753 28
1445163753 28
1445163753 28
1445163753 28
1445163753 28
1445163753 28
1445163753 28
1445163754 28
1445163754 28
1445163754 28
1445163755 28
1445163755 28
1445163755 28
1445163755 28
1445163755 28
1445163755 28
1445163755 28
1445163756 28
1445163756 28
1445163756 28
1445163756 28
1445163756 28
1445163757 28
1445163757 28
1445163757 28
1445163757 28
1445163757 28
1445163758 28
1445163758 28
1445163758 28
1445163758 28
1445163758 28
1445163759 28
1445163759 28
1445163759 28
1445163759 28
1445163759 28
1445163759 28
1445163760 28
1445163760 28
1445163760 28
1445163760 28
1445163760 28
1445163761 28
1445163761 28
1445163761 28
1445163761 28
1445163762 28
1445163762 28
1445163762 28
1445163762 28
1445163762 28
1445163762 28
1445163763 28
1445163763 28
1445163763 28
1445163764 28
1445163764 28
1445163764 28
1445163764 28
1445163764 28
1445163764 28
1445163765 28
1445163765 28
1445163765 28
1445163765 28
1445163765 28
1445163765 28
1445163765 28
1445163765 28
1445163765 28
1445163765 28
1445163765 28
1445163765 28
1445163766 28
1445163766 28
1445163766 28
1445163766 28
1445163766 28
1445163766 28
1445163766 28
1445163766 28
1445163766 28
1445163766 28
1445163767 28
1445163767 28
1445163767 28
1445163767 28
1445163768 28
1445163768 28
1445163768 28
1445163768 28
1445163768 28
1445163768 28
1445163768 28
1445163768 28
1445163769 28
1445163769 28
1445163769 28
1445163769 28
1445163770 28
1445163770 28
1445163770 28
1445163770 28
1445163770 28
1445163770 28
1445163770 28
1445163770 28
1445163770 28
1445163770 28
1445163770 28
1445163770 28
1445163770 28
1445163770 28
1445163770 28
1445163770 28
1445163770 28
1445163770 28
1445163770 28
1445163770 28
1445163770 28
1445163770 28
1445163770 28
1445163770 28
1445163770 28
1445163770 28
1445163770 28
1445163770 28
1445163770 28
1445163770 28
1445163770 28
1445163771 28
1445163771 28
1445163771 28
1445163771 28
1445163771 28
1445163771 17
1445163771 24
1445163771 -1
1445163771 28
1445163771 28
1445163771 28
1445163771 28
1445163771 28
1445163771 28
1445163771 28
1445163771 28
1445163771 28
1445163771 28
1445163771 28
1445163771 28
1445163771 28
1445163771 28
1445163771 28
1445163771 28
1445163771 2
1445163771 28
1445163772 28
1445163772 28
1445163772 28
1445163772 28
1445163772 28
1445163772 28
1445163772 28
1445163772 17
1445163772 24
1445163772 -1
1445163772 28
1445163772 28
1445163772 28
1445163772 28
1445163773 28
1445163773 28
1445163773 28
1445163773 28
1445163773 28
1445163773 6
1445163773 25
1445163773 21
1445163773 23
1445163773 22
1445163773 18
1445163773 14
1445163773 15
1445163773 11
1445163773 9
1445163773 10
1445163773 13
1445163774 28
1445163774 28
1445163774 28
1445163774 28
1445163774 28
1445163774 28
1445163774 28
1445163775 28
1445163775 28
1445163775 28
1445163775 28
1445163775 28
1445163775 17
1445163775 24
1445163775 -1
1445163775 28
1445163775 28
1445163775 28
1445163776 28
1445163776 28
1445163776 28
1445163776 28
1445163776 28
1445163776 28
1445163776 28
1445163777 28
1445163777 28
1445163777 28
1445163777 28
1445163778 28
1445163778 28
1445163778 28
1445163779 28
1445163779 28
1445163779 28
1445163779 28
1445163779 28
1445163779 28
1445163779 28
1445163779 28
1445163780 28
1445163780 28
1445163780 28
1445163780 28
1445163780 28
1445163781 28
1445163781 28
1445163781 28
1445163781 28
1445163782 28
1445163782 28
1445163782 28
1445163782 28
1445163782 28
1445163783 28
1445163783 28
1445163783 28
1445163783 28
1445163783 28
1445163783 28
1445163783 28
1445163784 28
1445163784 28
1445163784 28
1445163784 28
1445163784 28
1445163785 28
1445163785 28
1445163785 28
1445163786 28
1445163786 28
1445163786 28
1445163786 28
1445163786 28
1445163786 28
1445163787 28
1445163787 28
1445163787 28
1445163787 28
1445163787 28
1445163787 28
1445163787 28
1445163787 28
1445163788 28
1445163788 28
1445163788 28
1445163788 28
1445163788 28
1445163789 28
1445163789 28
1445163789 28
1445163789 28
1445163789 28
1445163790 28
1445163790 28
1445163790 28
1445163790 28
1445163790 28
1445163790 28
1445163790 28
1445163790 28
1445163790 28
1445163790 28
1445163790 28
1445163790 28
1445163790 28
1445163790 28
1445163790 28
1445163790 28
1445163790 28
1445163790 28
1445163790 28
1445163790 28
1445163790 28
1445163790 28
1445163790 2
1445163790 28
1445163790 28
1445163791 28
1445163791 28
1445163791 28
1445163791 28
1445163791 28
1445163791 28
1445163791 28
1445163791 17
1445163791 24
1445163791 -1
1445163791 28
1445163791 28
1445163792 28
1445163792 6
1445163792 25
1445163792 21
1445163792 23
1445163792 22
1445163792 18
1445163792 14
1445163792 15
1445163792 11
1445163792 9
1445163792 10
1445163792 13
1445163792 28
1445163792 28
1445163792 28
1445163792 28
1445163792 28
1445163792 28
1445163792 28
1445163792 28
1445163792 28
1445163792 28
1445163792 28
1445163792 28
1445163792 28
1445163792 28
1445163792 28
1445163792 28
1445163792 28
1445163792 28
1445163792 28
1445163792 28
1445163792 2
1445163792 28
1445163792 28
1445163792 28
1445163792 6
1445163792 25
1445163792 21
1445163792 23
1445163792 22
1445163792 18
1445163792 14
1445163792 15
1445163792 11
1445163792 9
1445163792 10
1445163792 13
1445163793 28
1445163793 28
1445163793 28
1445163793 28
1445163793 28
1445163793 28
1445163793 17
1445163793 24
1445163793 -1
1445163793 28
1445163793 28
1445163793 28
1445163794 28
1445163794 28
1445163794 28
1445163794 28
1445163794 28
1445163794 17
1445163794 24
1445163794 -1
1445163794 28
1445163794 28
1445163794 17
1445163794 24
1445163794 -1
1445163794 28
1445163794 28
1445163795 28
1445163795 28
1445163795 28
1445163795 28
1445163795 28
1445163795 28
1445163796 28
1445163796 28
1445163796 28
1445163797 28
1445163797 28
1445163797 28
1445163797 28
1445163798 28
1445163798 28
1445163798 28
1445163798 28
1445163798 28
1445163798 28
1445163798 28
1445163799 28
1445163799 28
1445163799 28
1445163799 28
1445163799 28
1445163799 28
1445163799 28
1445163799 28
1445163799 28
1445163799 28
1445163799 28
1445163799 28
1445163799 28
1445163799 28
1445163799 28
1445163799 28
1445163799 28
1445163799 28
1445163799 2
1445163799 28
1445163799 28
1445163799 28
1445163799 6
1445163799 25
1445163799 21
1445163799 23
1445163799 22
1445163799 18
1445163799 14
1445163799 15
1445163799 11
1445163799 9
1445163799 10
1445163799 13
1445163799 28
1445163800 28
1445163800 28
1445163800 28
1445163800 28
1445163800 17
1445163800 24
1445163800 -1
1445163800 28
1445163800 28
1445163800 17
1445163800 24
1445163800 -1
1445163800 28
1445163800 28
1445163801 28
1445163801 28
1445163801 28
1445163801 28
1445163801 28
1445163802 28
1445163802 28
1445163802 28
1445163802 28
1445163802 28
1445163803 28
1445163804 28
1445163804 28
1445163804 28
1445163804 28
1445163804 28
1445163804 28
1445163805 28
1445163805 28
1445163805 28
1445163805 28
1445163805 28
1445163806 28
1445163807 28
1445163807 28
1445163807 28
1445163807 28
1445163807 28
1445163808 28
1445163808 28
1445163808 28
1445163808 28
1445163809 28
1445163809 28
1445163809 28
1445163810 28
1445163810 28
1445163810 28
1445163810 28
1445163811 28
1445163811 28
1445163811 28
1445163811 28
1445163812 28
1445163812 28
1445163812 28
1445163812 28
1445163813 28
1445163813 28
1445163813 28
1445163814 28
1445163814 28
1445163814 28
1445163814 28
1445163814 28
1445163815 28
1445163815 28
1445163815 28
1445163816 28
1445163816 28
1445163816 28
1445163816 28
1445163816 28
1445163817 28
1445163817 28
1445163817 28
1445163818 28
1445163818 28
1445163818 28
1445163819 28
1445163819 28
1445163819 28
1445163819 28
1445163819 28
1445163819 28
1445163819 28
1445163819 28
1445163819 28
1445163819 28
1445163819 28
1445163819 28
1445163819 28
1445163819 28
1445163819 28
1445163819 28
1445163819 28
1445163819 28
1445163819 28
1445163819 28
1445163819 28
1445163819 28
1445163819 28
1445163819 28
1445163819 28
1445163819 2
1445163819 28
1445163820 28
1445163820 28
1445163820 28
1445163820 28
1445163820 17
1445163820 24
1445163820 -1
1445163820 28
1445163820 28
1445163820 6
1445163820 25
1445163820 21
1445163820 23
1445163820 22
1445163820 18
1445163820 14
1445163820 15
1445163820 11
1445163820 9
1445163820 10
1445163820 13
1445163821 28
1445163821 28
1445163821 28
1445163822 28
1445163822 28
1445163822 28
1445163822 28
1445163822 17
1445163822 24
1445163822 -1
1445163822 28
1445163822 28
1445163823 28
1445163823 28
1445163823 28
1445163823 28
1445163824 28
1445163824 28
1445163825 28
1445163825 28
1445163825 28
1445163826 28
1445163826 28
1445163826 28
1445163826 28
1445163826 28
1445163827 28
1445163827 28
1445163828 28
1445163828 28
1445163828 28
1445163829 28
1445163829 28
1445163829 28
1445163829 28
1445163830 28
1445163830 28
1445163831 28
1445163831 28
1445163831 28
1445163831 28
1445163832 28
1445163832 28
1445163833 28
1445163833 28
1445163833 28
1445163833 28
1445163834 28
1445163834 28
1445163834 28
1445163835 28
1445163835 28
1445163835 28
1445163836 28
1445163836 28
1445163836 28
1445163837 28
1445163837 28
1445163837 28
1445163838 28
1445163838 28
1445163838 28
1445163838 28
1445163839 28
1445163839 28
1445163840 28
1445163840 28
1445163840 28
1445163840 28
1445163840 28
1445163840 28
1445163840 28
1445163840 28
1445163840 28
1445163840 28
1445163840 28
1445163840 28
1445163840 28
1445163840 28
1445163840 28
1445163840 28
1445163840 28
1445163840 28
1445163840 28
1445163841 28
1445163841 28
1445163841 28
1445163841 28
1445163841 28
1445163841 2
1445163841 28
1445163841 28
1445163841 28
1445163842 28
1445163842 6
1445163842 25
1445163842 21
1445163842 23
1445163842 22
1445163842 18
1445163842 14
1445163842 15
1445163842 11
1445163842 9
1445163842 10
1445163842 13
1445163842 28
1445163842 28
1445163842 28
1445163842 28
1445163842 17
1445163842 24
1445163842 -1
1445163843 28
1445163843 28
1445163843 28
1445163843 28
1445163843 28
1445163843 17
1445163843 24
1445163843 -1
1445163843 28
1445163844 28
1445163844 28
1445163845 28
1445163845 28
1445163845 28
1445163846 28
1445163846 28
1445163846 28
1445163847 28
1445163848 28
1445163848 28
1445163848 28
1445163848 28
1445163849 28
1445163849 28
1445163850 28
1445163850 28
1445163851 28
1445163851 28
1445163851 28
1445163851 28
1445163852 28
1445163852 28
1445163852 28
1445163853 28
1445163853 28
1445163854 28
1445163854 28
1445163854 28
1445163854 28
1445163855 28
1445163856 28
1445163856 28
1445163856 28
1445163857 28
1445163857 28
1445163858 28
1445163858 28
1445163858 28
1445163859 28
1445163859 28
1445163860 28
1445163860 28
1445163860 28
1445163861 28
1445163861 28
1445163861 28
1445163861 28
1445163861 28
1445163861 28
1445163861 28
1445163861 28
1445163861 28
1445163861 28
1445163861 28
1445163861 28
1445163861 28
1445163861 28
1445163861 28
1445163861 28
1445163861 28
1445163861 28
1445163861 28
1445163861 28
1445163861 28
1445163861 2
1445163861 28
1445163861 28
1445163861 6
1445163861 25
1445163861 21
1445163861 23
1445163861 22
1445163861 18
1445163861 14
1445163861 15
1445163861 11
1445163861 9
1445163861 10
1445163861 13
1445163862 28
1445163863 28
1445163863 28
1445163863 28
1445163863 28
1445163863 28
1445163863 28
1445163863 17
1445163863 24
1445163863 -1
1445163863 28
1445163863 28
1445163863 17
1445163863 24
1445163863 -1
1445163864 28
1445163864 28
1445163865 28
1445163866 28
1445163866 28
1445163866 28
1445163867 28
1445163867 28
1445163868 28
1445163869 28
1445163869 28
1445163869 28
1445163870 28
1445163870 28
1445163871 28
1445163872 28
1445163872 28
1445163872 28
1445163873 28
1445163873 28
1445163874 28
1445163875 28
1445163875 28
1445163875 28
1445163876 28
1445163876 28
1445163877 28
1445163878 28
1445163878 28
1445163878 28
1445163879 28
1445163879 28
1445163880 28
1445163881 28
1445163881 28
1445163881 28
1445163882 28
1445163882 28
1445163883 28
1445163884 28
1445163884 28
1445163884 28
1445163885 28
1445163885 28
1445163886 28
1445163887 28
1445163887 28
1445163887 28
1445163888 28
1445163888 28
1445163889 28
1445163890 28
1445163890 28
1445163890 28
1445163891 28
1445163891 28
1445163892 28
1445163893 28
1445163893 28
1445163893 28
1445163894 28
1445163894 28
1445163895 28
1445163896 28
1445163896 28
1445163896 28
1445163897 28
1445163897 28
1445163898 28
1445163899 28
1445163899 28
1445163899 28
1445163900 28
1445163900 28
1445163901 28
1445163902 28
1445163902 28
1445163903 28
1445163903 28
1445163903 28
1445163904 28
1445163905 28
1445163905 28
1445163906 28
1445163906 28
1445163907 28
1445163907 28
1445163908 28
1445163908 28
1445163909 28
1445163909 28
1445163909 28
1445163910 28
1445163910 28
1445163911 28
1445163911 28
1445163912 28
1445163912 28
1445163913 28
1445163913 28
1445163914 28
1445163914 28
1445163915 28
1445163915 28
1445163916 28
1445163916 28
1445163917 28
1445163917 28
1445163918 28
1445163918 28
1445163919 28
1445163919 28
1445163919 28
1445163920 28
1445163920 28
1445163921 28
1445163921 28
1445163922 28
1445163922 28
1445163923 28
1445163923 28
1445163924 28
1445163924 28
1445163925 28
1445163925 28
1445163926 28
1445163926 28
1445163927 28
1445163927 28
1445163928 28
1445163928 28
1445163929 28
1445163929 28
1445163930 28
1445163930 28
1445163931 28
1445163931 28
1445163932 28
1445163933 28
1445163933 28
1445163933 28
1445163934 28
1445163934 28
1445163935 28
1445163936 28
1445163936 28
1445163936 28
1445163937 28
1445163937 28
1445163938 28
1445163939 28
1445163939 28
1445163939 28
1445163940 28
1445163940 28
1445163941 28
1445163942 28
1445163942 28
1445163942 28
1445163943 28
1445163943 28
1445163944 28
1445163945 28
1445163945 28
1445163945 28
1445163946 28
1445163946 28
1445163947 28
1445163948 28
1445163948 28
1445163948 28
1445163949 28
1445163949 28
1445163950 28
1445163951 28
1445163951 28
1445163951 28
1445163952 28
1445163952 28
1445163953 28
1445163954 28
1445163954 28
1445163954 28
1445163955 28
1445163955 28
1445163956 28
1445163957 28
1445163957 28
1445163957 28
1445163958 28
1445163958 28
1445163959 28
1445163960 28
1445163960 28
1445163960 28
1445163961 28
1445163961 28
1445163962 28
1445163962 28
1445163962 28
1445163962 28
1445163962 28
1445163962 28
1445163962 28
1445163962 28
1445163962 28
1445163962 28
1445163962 28
1445163962 28
1445163962 28
1445163962 28
1445163962 28
1445163962 28
1445163962 28
1445163962 2
1445163962 28
1445163962 28
1445163962 6
1445163962 25
1445163962 21
1445163962 23
1445163962 22
1445163962 18
1445163962 14
1445163962 15
1445163962 11
1445163962 9
1445163962 10
1445163962 13
1445163962 28
1445163962 28
1445163963 28
1445163963 28
1445163963 28
1445163963 28
1445163963 28
1445163963 17
1445163963 24
1445163963 -1
1445163963 28
1445163963 28
1445163963 17
1445163963 24
1445163963 -1
1445163964 28
1445163965 28
1445163966 28
1445163966 28
1445163967 28
1445163968 28
1445163969 28
1445163969 28
1445163970 28
1445163971 28
1445163972 28
1445163972 28
1445163973 28
1445163973 28
1445163973 28
1445163975 28
1445163978 28
1445163981 28
1445163984 28
1445163987 28
1445163990 28
1445163993 28
1445163996 28
1445163999 28
1445164002 28
1445164005 28
1445164008 28
1445164011 28
1445164015 28
1445164018 28
1445164021 28
1445164024 28
1445164027 28
1445164030 28
1445164033 28
1445164035 28
1445164035 28
1445164035 28
1445164035 28
1445164035 28
1445164035 28
1445164035 28
1445164035 28
1445164035 28
1445164035 28
1445164035 28
1445164035 28
1445164035 28
1445164035 28
1445164035 28
1445164035 28
1445164035 28
1445164035 28
1445164035 28
1445164035 28
1445164035 28
1445164035 28
1445164035 28
1445164035 28
1445164035 28
1445164035 28
1445164035 28
1445164035 8
1445164035 28
1445164035 8
1445164035 28
1445164035 16
1445164035 28
1445164035 16
1445164035 28
1445164035 5
1445164035 26
1445164035 28
1445164035 4
1445164035 19
1445164035 28
1445164035 3
1445164035 12
1445164035 28
1445164035 28
1445164035 28
1445164035 28
1445164036 28
1445164036 28
1445164036 28
1445164036 28
1445164036 28
1445164036 28
