1445163633 35
1445163634 35
1445163634 35
1445163634 35
1445163634 35
1445163634 35
1445163634 35
1445163634 35
1445163634 35
1445163634 35
1445163634 35
1445163634 35
1445163634 35
1445163634 35
1445163635 35
1445163635 35
1445163635 35
1445163635 35
1445163635 35
1445163635 35
1445163635 35
1445163635 35
1445163635 35
1445163635 35
1445163635 35
1445163635 35
1445163635 35
1445163635 35
1445163636 35
1445163636 35
1445163636 35
1445163636 35
1445163636 35
1445163636 35
1445163636 35
1445163636 35
1445163636 35
1445163636 35
1445163636 35
1445163636 8
1445163636 35
1445163636 35
1445163636 35
1445163636 35
1445163636 35
1445163636 35
1445163636 35
1445163636 64
1445163636 5
1445163636 64
1445163636 35
1445163636 35
1445163636 35
1445163636 35
1445163636 35
1445163636 35
1445163636 35
1445163636 35
1445163636 35
1445163636 35
1445163636 35
1445163636 35
1445163636 35
1445163636 35
1445163636 35
1445163636 35
1445163636 35
1445163636 35
1445163636 35
1445163636 35
1445163636 35
1445163636 35
1445163636 35
1445163636 35
1445163636 35
1445163636 35
1445163636 35
1445163636 35
1445163636 35
1445163636 35
1445163636 35
1445163636 35
1445163636 35
1445163636 35
1445163636 35
1445163636 35
1445163636 35
1445163636 35
1445163636 35
1445163636 35
1445163636 35
1445163636 35
1445163636 35
1445163636 35
1445163636 35
1445163636 35
1445163636 35
1445163636 35
1445163636 35
1445163636 35
1445163636 35
1445163636 35
1445163636 35
1445163636 35
1445163636 35
1445163636 35
1445163636 35
1445163636 35
1445163636 35
1445163636 35
1445163636 35
1445163636 35
1445163636 35
1445163636 35
1445163636 35
1445163636 35
1445163636 35
1445163636 35
1445163637 35
1445163637 35
1445163637 35
1445163637 35
1445163637 35
1445163638 35
1445163638 35
1445163638 35
1445163638 35
1445163638 35
1445163638 35
1445163638 35
1445163638 35
1445163639 35
1445163639 35
1445163639 35
1445163639 35
1445163639 35
1445163639 35
1445163639 35
1445163639 35
1445163639 35
1445163639 35
1445163639 35
1445163639 35
1445163639 35
1445163639 35
1445163639 35
1445163639 35
1445163639 35
1445163639 35
1445163639 35
1445163639 35
1445163639 35
1445163639 35
1445163639 35
1445163639 35
1445163639 35
1445163639 35
1445163639 35
1445163639 35
1445163639 35
1445163639 35
1445163639 35
1445163639 35
1445163639 35
1445163639 35
1445163639 35
1445163639 35
1445163639 35
1445163639 35
1445163639 35
1445163639 35
1445163639 35
1445163639 35
1445163639 35
1445163639 35
1445163639 35
1445163639 35
1445163639 35
1445163639 35
1445163640 35
1445163640 35
1445163641 35
1445163641 35
1445163642 35
1445163642 35
1445163642 35
1445163642 35
1445163642 35
1445163642 35
1445163642 35
1445163642 35
1445163642 35
1445163642 35
1445163642 35
1445163642 35
1445163642 35
1445163642 35
1445163642 35
1445163642 35
1445163642 35
1445163642 35
1445163642 35
1445163642 35
1445163642 35
1445163642 35
1445163642 35
1445163643 35
1445163643 35
1445163643 35
1445163643 35
1445163643 35
1445163643 35
1445163643 35
1445163643 35
1445163644 35
1445163644 35
1445163645 35
1445163645 35
1445163645 35
1445163645 35
1445163645 35
1445163645 35
1445163645 35
1445163645 35
1445163645 35
1445163645 35
1445163645 35
1445163646 35
1445163646 35
1445163646 35
1445163646 35
1445163646 35
1445163646 35
1445163646 35
1445163646 35
1445163647 35
1445163647 35
1445163648 35
1445163648 35
1445163648 35
1445163648 35
1445163648 35
1445163648 35
1445163648 35
1445163648 35
1445163649 35
1445163649 35
1445163649 35
1445163649 35
1445163649 35
1445163649 35
1445163649 35
1445163650 35
1445163650 35
1445163650 35
1445163650 35
1445163650 35
1445163650 35
1445163650 35
1445163650 35
1445163651 35
1445163651 35
1445163652 35
1445163652 35
1445163652 35
1445163652 35
1445163652 35
1445163652 35
1445163653 35
1445163653 35
1445163654 35
1445163654 35
1445163655 35
1445163655 35
1445163655 35
1445163655 35
1445163655 35
1445163655 35
1445163656 35
1445163656 35
1445163656 35
1445163656 35
1445163656 35
1445163656 35
1445163656 35
1445163656 35
1445163656 35
1445163656 35
1445163656 35
1445163656 35
1445163656 35
1445163656 35
1445163656 35
1445163656 35
1445163656 35
1445163657 35
1445163657 35
1445163657 35
1445163657 35
1445163657 35
1445163657 35
1445163657 35
1445163658 35
1445163658 35
1445163658 35
1445163658 35
1445163658 35
1445163658 35
1445163658 35
1445163658 35
1445163659 35
1445163659 35
1445163659 35
1445163660 35
1445163660 35
1445163660 35
1445163660 35
1445163660 35
1445163660 35
1445163660 35
1445163660 35
1445163660 35
1445163660 35
1445163660 35
1445163660 35
1445163660 35
1445163660 35
1445163660 35
1445163660 35
1445163660 35
1445163660 35
1445163660 35
1445163660 35
1445163660 35
1445163660 35
1445163661 35
1445163661 35
1445163661 35
1445163661 35
1445163662 35
1445163662 35
1445163664 35
1445163664 35
1445163665 35
1445163665 35
1445163666 35
1445163666 35
1445163666 35
1445163666 35
1445163667 35
1445163667 35
1445163668 35
1445163668 35
1445163669 35
1445163670 35
1445163670 35
1445163671 35
1445163671 35
1445163672 35
1445163672 35
1445163672 35
1445163672 35
1445163672 35
1445163672 35
1445163672 35
1445163672 35
1445163672 35
1445163672 35
1445163672 35
1445163672 35
1445163672 35
1445163672 35
1445163672 35
1445163673 35
1445163673 35
1445163673 35
1445163673 35
1445163673 35
1445163673 35
1445163673 35
1445163673 35
1445163673 35
1445163674 35
1445163674 35
1445163674 35
1445163674 35
1445163674 35
1445163674 35
1445163674 35
1445163674 35
1445163674 35
1445163674 35
1445163674 35
1445163674 35
1445163674 35
1445163674 35
1445163674 35
1445163674 35
1445163675 35
1445163675 35
1445163675 35
1445163675 35
1445163675 35
1445163675 35
1445163675 35
1445163675 35
1445163675 35
1445163676 35
1445163676 35
1445163676 35
1445163676 35
1445163676 35
1445163677 35
1445163677 35
1445163677 35
1445163678 35
1445163678 35
1445163679 35
1445163679 35
1445163679 35
1445163680 35
1445163680 35
1445163680 35
1445163680 35
1445163680 35
1445163680 35
1445163680 35
1445163681 35
1445163681 35
1445163682 35
1445163682 35
1445163682 35
1445163683 35
1445163683 35
1445163683 35
1445163683 35
1445163684 35
1445163684 35
1445163685 35
1445163685 35
1445163685 35
1445163686 35
1445163686 35
1445163686 35
1445163687 35
1445163687 35
1445163687 35
1445163687 35
1445163688 35
1445163688 35
1445163688 35
1445163688 35
1445163688 35
1445163688 35
1445163688 35
1445163688 35
1445163688 35
1445163688 35
1445163688 35
1445163688 35
1445163688 35
1445163688 35
1445163688 35
1445163689 35
1445163689 35
1445163689 35
1445163689 35
1445163690 35
1445163690 35
1445163690 35
1445163690 35
1445163690 35
1445163690 35
1445163690 35
1445163690 35
1445163690 35
1445163690 35
1445163690 35
1445163690 35
1445163690 35
1445163690 35
1445163691 35
1445163691 35
1445163691 35
1445163691 35
1445163692 35
1445163692 35
1445163692 35
1445163693 35
1445163693 35
1445163693 35
1445163693 35
1445163693 35
1445163693 35
1445163693 35
1445163693 35
1445163693 35
1445163693 35
1445163693 35
1445163693 35
1445163693 35
1445163693 35
1445163693 35
1445163693 35
1445163694 35
1445163694 35
1445163694 35
1445163694 35
1445163694 35
1445163694 35
1445163695 35
1445163695 35
1445163695 35
1445163696 35
1445163696 35
1445163696 35
1445163696 35
1445163697 35
1445163697 35
1445163697 35
1445163697 35
1445163698 35
1445163698 35
1445163698 35
1445163698 35
1445163698 35
1445163698 35
1445163699 35
1445163699 35
1445163699 35
1445163699 35
1445163700 35
1445163700 35
1445163700 35
1445163700 35
1445163701 35
1445163701 35
1445163701 35
1445163701 35
1445163702 35
1445163702 35
1445163702 35
1445163702 35
1445163702 35
1445163703 35
1445163703 35
1445163703 35
1445163703 35
1445163703 35
1445163703 35
1445163704 35
1445163704 35
1445163704 35
1445163705 35
1445163705 35
1445163705 35
1445163705 35
1445163705 35
1445163705 35
1445163705 35
1445163705 35
1445163705 35
1445163705 35
1445163706 35
1445163706 35
1445163706 35
1445163706 35
1445163706 35
1445163706 35
1445163706 35
1445163706 35
1445163707 35
1445163707 35
1445163707 35
1445163707 35
1445163707 35
1445163707 35
1445163707 35
1445163707 35
1445163707 35
1445163707 35
1445163707 35
1445163707 35
1445163707 35
1445163707 35
1445163707 35
1445163707 35
1445163708 35
1445163708 35
1445163708 35
1445163708 35
1445163708 35
1445163709 35
1445163709 35
1445163709 35
1445163709 35
1445163709 35
1445163709 35
1445163709 35
1445163709 35
1445163709 35
1445163709 35
1445163709 35
1445163709 35
1445163709 35
1445163710 35
1445163710 35
1445163710 35
1445163711 35
1445163711 35
1445163711 35
1445163711 35
1445163712 35
1445163712 35
1445163712 35
1445163712 35
1445163713 35
1445163713 35
1445163713 35
1445163713 35
1445163713 35
1445163713 35
1445163713 35
1445163714 35
1445163714 35
1445163714 35
1445163715 35
1445163715 35
1445163715 35
1445163715 35
1445163715 35
1445163716 35
1445163716 35
1445163716 35
1445163716 35
1445163717 35
1445163717 35
1445163717 35
1445163717 35
1445163717 35
1445163717 35
1445163717 35
1445163718 35
1445163718 35
1445163718 35
1445163719 35
1445163719 35
1445163719 35
1445163719 35
1445163719 35
1445163719 35
1445163720 35
1445163720 35
1445163720 35
1445163720 35
1445163720 35
1445163720 35
1445163720 35
1445163720 35
1445163720 35
1445163720 35
1445163720 35
1445163720 35
1445163720 35
1445163721 35
1445163721 35
1445163721 35
1445163721 35
1445163721 35
1445163722 35
1445163722 35
1445163722 35
1445163722 35
1445163722 35
1445163722 35
1445163722 35
1445163722 35
1445163722 35
1445163722 35
1445163722 35
1445163722 35
1445163722 35
1445163722 35
1445163722 35
1445163722 35
1445163722 35
1445163722 35
1445163723 35
1445163723 35
1445163723 35
1445163723 35
1445163723 35
1445163723 35
1445163724 35
1445163724 35
1445163724 35
1445163724 35
1445163724 35
1445163724 35
1445163724 35
1445163724 35
1445163725 35
1445163725 35
1445163725 35
1445163725 35
1445163726 35
1445163726 35
1445163726 35
1445163726 35
1445163726 35
1445163726 35
1445163727 35
1445163727 35
1445163727 35
1445163727 35
1445163727 35
1445163727 35
1445163728 35
1445163728 35
1445163728 35
1445163728 35
1445163729 35
1445163729 35
1445163729 35
1445163729 35
1445163729 35
1445163729 35
1445163730 35
1445163730 35
1445163730 35
1445163730 35
1445163730 35
1445163730 35
1445163731 35
1445163731 35
1445163731 35
1445163731 35
1445163731 35
1445163731 35
1445163732 35
1445163732 35
1445163732 35
1445163732 35
1445163732 35
1445163732 35
1445163733 35
1445163733 35
1445163733 35
1445163733 35
1445163733 35
1445163733 35
1445163734 35
1445163734 35
1445163734 35
1445163734 35
1445163734 35
1445163734 35
1445163734 35
1445163735 35
1445163735 35
1445163735 35
1445163735 35
1445163735 35
1445163735 35
1445163735 35
1445163735 35
1445163735 35
1445163735 35
1445163735 35
1445163736 35
1445163736 35
1445163736 35
1445163736 35
1445163736 35
1445163736 35
1445163736 35
1445163737 35
1445163737 35
1445163737 35
1445163737 35
1445163737 35
1445163737 35
1445163737 35
1445163738 35
1445163738 35
1445163738 35
1445163738 35
1445163738 35
1445163738 35
1445163738 35
1445163738 35
1445163738 35
1445163738 35
1445163738 35
1445163738 35
1445163738 35
1445163738 35
1445163738 35
1445163738 35
1445163738 35
1445163738 35
1445163738 35
1445163739 35
1445163739 35
1445163739 35
1445163739 35
1445163740 35
1445163740 35
1445163740 35
1445163740 35
1445163740 35
1445163740 35
1445163740 35
1445163741 35
1445163741 35
1445163741 35
1445163741 35
1445163741 35
1445163741 35
1445163741 35
1445163741 35
1445163742 35
1445163742 35
1445163742 35
1445163742 35
1445163743 35
1445163743 35
1445163743 35
1445163743 35
1445163743 35
1445163744 35
1445163744 35
1445163744 35
1445163744 35
1445163744 35
1445163744 35
1445163744 35
1445163744 35
1445163744 35
1445163745 35
1445163745 35
1445163745 35
1445163745 35
1445163745 35
1445163746 35
1445163746 35
1445163746 35
1445163746 35
1445163747 35
1445163747 35
1445163747 35
1445163747 35
1445163747 35
1445163747 35
1445163748 35
1445163748 35
1445163748 35
1445163748 35
1445163748 35
1445163748 35
1445163748 35
1445163749 35
1445163749 35
1445163749 35
1445163749 35
1445163749 35
1445163750 35
1445163750 35
1445163750 35
1445163750 35
1445163750 35
1445163750 35
1445163750 35
1445163750 35
1445163750 35
1445163750 35
1445163750 35
1445163750 35
1445163751 35
1445163751 35
1445163751 35
1445163751 35
1445163751 35
1445163751 35
1445163751 35
1445163751 35
1445163752 35
1445163752 35
1445163752 35
1445163752 35
1445163752 35
1445163752 35
1445163752 35
1445163752 35
1445163752 35
1445163752 35
1445163752 35
1445163752 35
1445163752 35
1445163752 35
1445163753 35
1445163753 35
1445163753 35
1445163753 35
1445163753 35
1445163753 35
1445163753 35
1445163753 35
1445163753 35
1445163753 35
1445163753 35
1445163753 35
1445163754 35
1445163754 35
1445163754 35
1445163755 35
1445163755 35
1445163755 35
1445163755 35
1445163755 35
1445163755 35
1445163755 35
1445163756 35
1445163756 35
1445163756 35
1445163756 35
1445163756 35
1445163757 35
1445163757 35
1445163757 35
1445163757 35
1445163757 35
1445163758 35
1445163758 35
1445163758 35
1445163758 35
1445163758 35
1445163759 35
1445163759 35
1445163759 35
1445163759 35
1445163759 35
1445163759 35
1445163760 35
1445163760 35
1445163760 35
1445163760 35
1445163760 35
1445163761 35
1445163761 35
1445163761 35
1445163761 35
1445163762 35
1445163762 35
1445163762 35
1445163762 35
1445163762 35
1445163762 35
1445163763 35
1445163763 35
1445163763 35
1445163764 35
1445163764 35
1445163764 35
1445163764 35
1445163764 35
1445163764 35
1445163765 35
1445163765 35
1445163765 35
1445163765 35
1445163765 35
1445163765 35
1445163765 35
1445163765 35
1445163765 35
1445163765 35
1445163765 35
1445163765 35
1445163766 35
1445163766 35
1445163766 35
1445163766 35
1445163766 35
1445163766 35
1445163766 35
1445163766 35
1445163766 35
1445163766 35
1445163767 35
1445163767 35
1445163767 35
1445163767 35
1445163768 35
1445163768 35
1445163768 35
1445163768 35
1445163768 35
1445163768 35
1445163768 35
1445163768 35
1445163769 35
1445163769 35
1445163769 35
1445163769 35
1445163770 35
1445163770 35
1445163770 35
1445163770 35
1445163770 35
1445163770 35
1445163770 35
1445163770 35
1445163770 35
1445163770 35
1445163770 35
1445163770 35
1445163770 35
1445163770 35
1445163770 35
1445163770 35
1445163770 35
1445163770 35
1445163770 35
1445163770 35
1445163770 35
1445163770 35
1445163770 35
1445163770 35
1445163770 35
1445163770 35
1445163770 35
1445163770 35
1445163770 35
1445163770 35
1445163770 35
1445163771 35
1445163771 35
1445163771 35
1445163771 35
1445163771 35
1445163771 113
1445163771 119
1445163771 170
1445163771 35
1445163771 35
1445163771 35
1445163771 35
1445163771 35
1445163771 35
1445163771 35
1445163771 35
1445163771 35
1445163771 35
1445163771 35
1445163771 35
1445163771 35
1445163771 35
1445163771 35
1445163771 35
1445163771 89
1445163771 35
1445163772 35
1445163772 35
1445163772 35
1445163772 35
1445163772 35
1445163772 35
1445163772 35
1445163772 113
1445163772 119
1445163772 170
1445163772 35
1445163772 35
1445163772 35
1445163772 35
1445163773 35
1445163773 35
1445163773 35
1445163773 35
1445163773 35
1445163773 36
1445163773 164
1445163773 106
1445163773 4
1445163773 106
1445163773 106
1445163773 61
1445163773 15
1445163773 61
1445163773 61
1445163773 61
1445163773 61
1445163774 35
1445163774 35
1445163774 35
1445163774 35
1445163774 35
1445163774 35
1445163774 35
1445163775 35
1445163775 35
1445163775 35
1445163775 35
1445163775 35
1445163775 113
1445163775 119
1445163775 170
1445163775 35
1445163775 35
1445163775 35
1445163776 35
1445163776 35
1445163776 35
1445163776 35
1445163776 35
1445163776 35
1445163776 35
1445163777 35
1445163777 35
1445163777 35
1445163777 35
1445163778 35
1445163778 35
1445163778 35
1445163779 35
1445163779 35
1445163779 35
1445163779 35
1445163779 35
1445163779 35
1445163779 35
1445163779 35
1445163780 35
1445163780 35
1445163780 35
1445163780 35
1445163780 35
1445163781 35
1445163781 35
1445163781 35
1445163781 35
1445163782 35
1445163782 35
1445163782 35
1445163782 35
1445163782 35
1445163783 35
1445163783 35
1445163783 35
1445163783 35
1445163783 35
1445163783 35
1445163783 35
1445163784 35
1445163784 35
1445163784 35
1445163784 35
1445163784 35
1445163785 35
1445163785 35
1445163785 35
1445163786 35
1445163786 35
1445163786 35
1445163786 35
1445163786 35
1445163786 35
1445163787 35
1445163787 35
1445163787 35
1445163787 35
1445163787 35
1445163787 35
1445163787 35
1445163787 35
1445163788 35
1445163788 35
1445163788 35
1445163788 35
1445163788 35
1445163789 35
1445163789 35
1445163789 35
1445163789 35
1445163789 35
1445163790 35
1445163790 35
1445163790 35
1445163790 35
1445163790 35
1445163790 35
1445163790 35
1445163790 35
1445163790 35
1445163790 35
1445163790 35
1445163790 35
1445163790 35
1445163790 35
1445163790 35
1445163790 35
1445163790 35
1445163790 35
1445163790 35
1445163790 35
1445163790 35
1445163790 35
1445163790 89
1445163790 35
1445163790 35
1445163791 35
1445163791 35
1445163791 35
1445163791 35
1445163791 35
1445163791 35
1445163791 35
1445163791 113
1445163791 119
1445163791 170
1445163791 35
1445163791 35
1445163792 35
1445163792 36
1445163792 164
1445163792 106
1445163792 4
1445163792 106
1445163792 106
1445163792 61
1445163792 15
1445163792 61
1445163792 61
1445163792 61
1445163792 61
1445163792 35
1445163792 35
1445163792 35
1445163792 35
1445163792 35
1445163792 35
1445163792 35
1445163792 35
1445163792 35
1445163792 35
1445163792 35
1445163792 35
1445163792 35
1445163792 35
1445163792 35
1445163792 35
1445163792 35
1445163792 35
1445163792 35
1445163792 35
1445163792 89
1445163792 35
1445163792 35
1445163792 35
1445163792 36
1445163792 164
1445163792 106
1445163792 4
1445163792 106
1445163792 106
1445163792 61
1445163792 15
1445163792 61
1445163792 61
1445163792 61
1445163792 61
1445163793 35
1445163793 35
1445163793 35
1445163793 35
1445163793 35
1445163793 35
1445163793 113
1445163793 119
1445163793 170
1445163793 35
1445163793 35
1445163793 35
1445163794 35
1445163794 35
1445163794 35
1445163794 35
1445163794 35
1445163794 113
1445163794 119
1445163794 170
1445163794 35
1445163794 35
1445163794 113
1445163794 119
1445163794 170
1445163794 35
1445163794 35
1445163795 35
1445163795 35
1445163795 35
1445163795 35
1445163795 35
1445163795 35
1445163796 35
1445163796 35
1445163796 35
1445163797 35
1445163797 35
1445163797 35
1445163797 35
1445163798 35
1445163798 35
1445163798 35
1445163798 35
1445163798 35
1445163798 35
1445163798 35
1445163799 35
1445163799 35
1445163799 35
1445163799 35
1445163799 35
1445163799 35
1445163799 35
1445163799 35
1445163799 35
1445163799 35
1445163799 35
1445163799 35
1445163799 35
1445163799 35
1445163799 35
1445163799 35
1445163799 35
1445163799 35
1445163799 89
1445163799 35
1445163799 35
1445163799 35
1445163799 36
1445163799 164
1445163799 106
1445163799 4
1445163799 106
1445163799 106
1445163799 61
1445163799 15
1445163799 61
1445163799 61
1445163799 61
1445163799 61
1445163799 35
1445163800 35
1445163800 35
1445163800 35
1445163800 35
1445163800 113
1445163800 119
1445163800 170
1445163800 35
1445163800 35
1445163800 113
1445163800 119
1445163800 170
1445163800 35
1445163800 35
1445163801 35
1445163801 35
1445163801 35
1445163801 35
1445163801 35
1445163802 35
1445163802 35
1445163802 35
1445163802 35
1445163802 35
1445163803 35
1445163804 35
1445163804 35
1445163804 35
1445163804 35
1445163804 35
1445163804 35
1445163805 35
1445163805 35
1445163805 35
1445163805 35
1445163805 35
1445163806 35
1445163807 35
1445163807 35
1445163807 35
1445163807 35
1445163807 35
1445163808 35
1445163808 35
1445163808 35
1445163808 35
1445163809 35
1445163809 35
1445163809 35
1445163810 35
1445163810 35
1445163810 35
1445163810 35
1445163811 35
1445163811 35
1445163811 35
1445163811 35
1445163812 35
1445163812 35
1445163812 35
1445163812 35
1445163813 35
1445163813 35
1445163813 35
1445163814 35
1445163814 35
1445163814 35
1445163814 35
1445163814 35
1445163815 35
1445163815 35
1445163815 35
1445163816 35
1445163816 35
1445163816 35
1445163816 35
1445163816 35
1445163817 35
1445163817 35
1445163817 35
1445163818 35
1445163818 35
1445163818 35
1445163819 35
1445163819 35
1445163819 35
1445163819 35
1445163819 35
1445163819 35
1445163819 35
1445163819 35
1445163819 35
1445163819 35
1445163819 35
1445163819 35
1445163819 35
1445163819 35
1445163819 35
1445163819 35
1445163819 35
1445163819 35
1445163819 35
1445163819 35
1445163819 35
1445163819 35
1445163819 35
1445163819 35
1445163819 35
1445163819 89
1445163819 35
1445163820 35
1445163820 35
1445163820 35
1445163820 35
1445163820 113
1445163820 119
1445163820 170
1445163820 35
1445163820 35
1445163820 36
1445163820 164
1445163820 106
1445163820 4
1445163820 106
1445163820 106
1445163820 61
1445163820 15
1445163820 61
1445163820 61
1445163820 61
1445163820 61
1445163821 35
1445163821 35
1445163821 35
1445163822 35
1445163822 35
1445163822 35
1445163822 35
1445163822 113
1445163822 119
1445163822 170
1445163822 35
1445163822 35
1445163823 35
1445163823 35
1445163823 35
1445163823 35
1445163824 35
1445163824 35
1445163825 35
1445163825 35
1445163825 35
1445163826 35
1445163826 35
1445163826 35
1445163826 35
1445163826 35
1445163827 35
1445163827 35
1445163828 35
1445163828 35
1445163828 35
1445163829 35
1445163829 35
1445163829 35
1445163829 35
1445163830 35
1445163830 35
1445163831 35
1445163831 35
1445163831 35
1445163831 35
1445163832 35
1445163832 35
1445163833 35
1445163833 35
1445163833 35
1445163833 35
1445163834 35
1445163834 35
1445163834 35
1445163835 35
1445163835 35
1445163835 35
1445163836 35
1445163836 35
1445163836 35
1445163837 35
1445163837 35
1445163837 35
1445163838 35
1445163838 35
1445163838 35
1445163838 35
1445163839 35
1445163839 35
1445163840 35
1445163840 35
1445163840 35
1445163840 35
1445163840 35
1445163840 35
1445163840 35
1445163840 35
1445163840 35
1445163840 35
1445163840 35
1445163840 35
1445163840 35
1445163840 35
1445163840 35
1445163840 35
1445163840 35
1445163840 35
1445163840 35
1445163841 35
1445163841 35
1445163841 35
1445163841 35
1445163841 35
1445163841 89
1445163841 35
1445163841 35
1445163841 35
1445163842 35
1445163842 36
1445163842 164
1445163842 106
1445163842 4
1445163842 106
1445163842 106
1445163842 61
1445163842 15
1445163842 61
1445163842 61
1445163842 61
1445163842 61
1445163842 35
1445163842 35
1445163842 35
1445163842 35
1445163842 113
1445163842 119
1445163842 170
1445163843 35
1445163843 35
1445163843 35
1445163843 35
1445163843 35
1445163843 113
1445163843 119
1445163843 170
1445163843 35
1445163844 35
1445163844 35
1445163845 35
1445163845 35
1445163845 35
1445163846 35
1445163846 35
1445163846 35
1445163847 35
1445163848 35
1445163848 35
1445163848 35
1445163848 35
1445163849 35
1445163849 35
1445163850 35
1445163850 35
1445163851 35
1445163851 35
1445163851 35
1445163851 35
1445163852 35
1445163852 35
1445163852 35
1445163853 35
1445163853 35
1445163854 35
1445163854 35
1445163854 35
1445163854 35
1445163855 35
1445163856 35
1445163856 35
1445163856 35
1445163857 35
1445163857 35
1445163858 35
1445163858 35
1445163858 35
1445163859 35
1445163859 35
1445163860 35
1445163860 35
1445163860 35
1445163861 35
1445163861 35
1445163861 35
1445163861 35
1445163861 35
1445163861 35
1445163861 35
1445163861 35
1445163861 35
1445163861 35
1445163861 35
1445163861 35
1445163861 35
1445163861 35
1445163861 35
1445163861 35
1445163861 35
1445163861 35
1445163861 35
1445163861 35
1445163861 35
1445163861 89
1445163861 35
1445163861 35
1445163861 36
1445163861 164
1445163861 106
1445163861 4
1445163861 106
1445163861 106
1445163861 61
1445163861 15
1445163861 61
1445163861 61
1445163861 61
1445163861 61
1445163862 35
1445163863 35
1445163863 35
1445163863 35
1445163863 35
1445163863 35
1445163863 35
1445163863 113
1445163863 119
1445163863 170
1445163863 35
1445163863 35
1445163863 113
1445163863 119
1445163863 170
1445163864 35
1445163864 35
1445163865 35
1445163866 35
1445163866 35
1445163866 35
1445163867 35
1445163867 35
1445163868 35
1445163869 35
1445163869 35
1445163869 35
1445163870 35
1445163870 35
1445163871 35
1445163872 35
1445163872 35
1445163872 35
1445163873 35
1445163873 35
1445163874 35
1445163875 35
1445163875 35
1445163875 35
1445163876 35
1445163876 35
1445163877 35
1445163878 35
1445163878 35
1445163878 35
1445163879 35
1445163879 35
1445163880 35
1445163881 35
1445163881 35
1445163881 35
1445163882 35
1445163882 35
1445163883 35
1445163884 35
1445163884 35
1445163884 35
1445163885 35
1445163885 35
1445163886 35
1445163887 35
1445163887 35
1445163887 35
1445163888 35
1445163888 35
1445163889 35
1445163890 35
1445163890 35
1445163890 35
1445163891 35
1445163891 35
1445163892 35
1445163893 35
1445163893 35
1445163893 35
1445163894 35
1445163894 35
1445163895 35
1445163896 35
1445163896 35
1445163896 35
1445163897 35
1445163897 35
1445163898 35
1445163899 35
1445163899 35
1445163899 35
1445163900 35
1445163900 35
1445163901 35
1445163902 35
1445163902 35
1445163903 35
1445163903 35
1445163903 35
1445163904 35
1445163905 35
1445163905 35
1445163906 35
1445163906 35
1445163907 35
1445163907 35
1445163908 35
1445163908 35
1445163909 35
1445163909 35
1445163909 35
1445163910 35
1445163910 35
1445163911 35
1445163911 35
1445163912 35
1445163912 35
1445163913 35
1445163913 35
1445163914 35
1445163914 35
1445163915 35
1445163915 35
1445163916 35
1445163916 35
1445163917 35
1445163917 35
1445163918 35
1445163918 35
1445163919 35
1445163919 35
1445163919 35
1445163920 35
1445163920 35
1445163921 35
1445163921 35
1445163922 35
1445163922 35
1445163923 35
1445163923 35
1445163924 35
1445163924 35
1445163925 35
1445163925 35
1445163926 35
1445163926 35
1445163927 35
1445163927 35
1445163928 35
1445163928 35
1445163929 35
1445163929 35
1445163930 35
1445163930 35
1445163931 35
1445163931 35
1445163932 35
1445163933 35
1445163933 35
1445163933 35
1445163934 35
1445163934 35
1445163935 35
1445163936 35
1445163936 35
1445163936 35
1445163937 35
1445163937 35
1445163938 35
1445163939 35
1445163939 35
1445163939 35
1445163940 35
1445163940 35
1445163941 35
1445163942 35
1445163942 35
1445163942 35
1445163943 35
1445163943 35
1445163944 35
1445163945 35
1445163945 35
1445163945 35
1445163946 35
1445163946 35
1445163947 35
1445163948 35
1445163948 35
1445163948 35
1445163949 35
1445163949 35
1445163950 35
1445163951 35
1445163951 35
1445163951 35
1445163952 35
1445163952 35
1445163953 35
1445163954 35
1445163954 35
1445163954 35
1445163955 35
1445163955 35
1445163956 35
1445163957 35
1445163957 35
1445163957 35
1445163958 35
1445163958 35
1445163959 35
1445163960 35
1445163960 35
1445163960 35
1445163961 35
1445163961 35
1445163962 35
1445163962 35
1445163962 35
1445163962 35
1445163962 35
1445163962 35
1445163962 35
1445163962 35
1445163962 35
1445163962 35
1445163962 35
1445163962 35
1445163962 35
1445163962 35
1445163962 35
1445163962 35
1445163962 35
1445163962 89
1445163962 35
1445163962 35
1445163962 36
1445163962 164
1445163962 106
1445163962 4
1445163962 106
1445163962 106
1445163962 61
1445163962 15
1445163962 61
1445163962 61
1445163962 61
1445163962 61
1445163962 35
1445163962 35
1445163963 35
1445163963 35
1445163963 35
1445163963 35
1445163963 35
1445163963 113
1445163963 119
1445163963 170
1445163963 35
1445163963 35
1445163963 113
1445163963 119
1445163963 170
1445163964 35
1445163965 35
1445163966 35
1445163966 35
1445163967 35
1445163968 35
1445163969 35
1445163969 35
1445163970 35
1445163971 35
1445163972 35
1445163972 35
1445163973 35
1445163973 35
1445163973 35
1445163975 35
1445163978 35
1445163981 35
1445163984 35
1445163987 35
1445163990 35
1445163993 35
1445163996 35
1445163999 35
1445164002 35
1445164005 35
1445164008 35
1445164011 35
1445164015 35
1445164018 35
1445164021 35
1445164024 35
1445164027 35
1445164030 35
1445164033 35
1445164035 35
1445164035 35
1445164035 35
1445164035 35
1445164035 35
1445164035 35
1445164035 35
1445164035 35
1445164035 35
1445164035 35
1445164035 35
1445164035 35
1445164035 35
1445164035 35
1445164035 35
1445164035 35
1445164035 35
1445164035 35
1445164035 35
1445164035 35
1445164035 35
1445164035 35
1445164035 35
1445164035 35
1445164035 35
1445164035 35
1445164035 35
1445164035 17
1445164035 35
1445164035 17
1445164035 35
1445164035 130
1445164035 35
1445164035 130
1445164035 35
1445164035 34
1445164035 70
1445164035 35
1445164035 34
1445164035 130
1445164035 35
1445164035 34
1445164035 17
1445164035 35
1445164035 35
1445164035 35
1445164035 35
1445164036 35
1445164036 35
1445164036 35
1445164036 35
1445164036 35
1445164036 35
