1445068485 8
1445068485 147
1445068485 16
1445068485 102
1445068485 83
1445068486 8
1445068486 147
1445068488 160
1445068488 82
1445068488 67
1445068489 22
1445068489 102
1445068489 3
1445068489 75
1445068489 25
1445068489 25
1445068489 154
1445068495 102
1445068495 25
1445068495 25
1445068495 102
1445068510 75
1445068510 25
1445068512 102
1445068512 25
1445068512 25
1445068512 102
1445068526 75
1445068526 25
1445068529 102
1445068529 25
1445068529 25
1445068529 102
1445068543 75
1445068543 25
1445068545 102
1445068545 25
1445068545 25
1445068545 102
1445068558 75
1445068558 25
1445068564 102
1445068564 25
1445068564 25
1445068564 102
1445068575 75
1445068576 25
1445068581 102
1445068581 25
1445068581 25
1445068581 102
1445068592 75
1445068592 25
1445068596 102
1445068596 25
1445068596 25
1445068596 102
