1445096115 8
1445096115 147
1445096115 16
1445096115 102
1445096115 83
1445096115 8
1445096115 147
1445096116 160
1445096116 82
1445096116 67
1445096116 22
1445096116 102
1445096116 3
1445096116 75
1445096116 25
1445096116 25
1445096116 154
1445096119 102
1445096119 25
1445096119 25
1445096119 102
1445096126 75
1445096126 25
1445096127 102
1445096127 25
1445096127 25
1445096127 102
1445096134 75
1445096134 25
1445096135 102
1445096135 25
1445096135 25
1445096135 102
1445096143 75
1445096143 25
1445096144 102
1445096144 25
1445096144 25
1445096144 102
1445096151 75
1445096151 25
1445096151 102
1445096151 25
1445096151 25
1445096151 102
1445096159 75
1445096159 25
1445096159 102
1445096159 25
1445096159 25
1445096159 102
1445096160 67
1445096168 75
1445096168 25
1445096168 102
1445096168 25
1445096168 25
1445096169 75
1445096169 102
1445096169 160
1445096192 129
1445096192 3
