1445241280 27
1445241280 9
1445241280 17
1445241280 22
1445241280 6
1445241280 3
1445241281 2
1445241282 4
1445241283 7
1445241283 14
1445241283 8
1445241283 29
1445241283 10
1445241283 25
1445241283 21
1445241283 28
1445241283 11
1445241286 23
1445241286 19
1445241286 20
1445241286 29
1445241295 30
1445241295 18
1445241297 23
1445241297 19
1445241297 20
1445241297 29
1445241306 30
1445241307 18
1445241308 23
1445241308 19
1445241308 20
1445241308 29
1445241318 30
1445241318 18
1445241320 23
1445241320 19
1445241320 20
1445241320 29
1445241329 30
1445241329 18
1445241330 23
1445241330 19
1445241330 20
1445241330 29
1445241340 30
1445241340 18
1445241342 23
1445241342 19
1445241342 20
1445241342 29
1445241351 30
1445241351 18
1445241353 23
1445241353 19
1445241353 20
1445241353 29
1445241362 30
1445241362 18
1445241363 13
1445241363 23
1445241363 19
1445241363 20
1445241370 31
1445241370 26
1445241370 1
1445241400 5
1445241401 24
1445241401 16
1445241401 15
1445241401 12
