1445077022 39
1445077022 36
1445077022 38
1445077022 42
1445077022 29
1445077022 28
1445077023 9
1445077024 26
1445077025 32
1445077025 37
1445077025 34
1445077025 30
1445077025 23
1445077025 16
1445077025 12
1445077025 15
1445077025 1
1445077025 18
1445077025 5
1445077060 27
1445077060 6
1445077083 12
1445077083 16
1445077083 15
1445077083 1
1445077083 18
1445077083 5
1445077084 12
1445077084 16
1445077084 15
1445077084 1
1445077084 18
1445077084 5
1445077086 16
1445077089 16
1445077095 16
1445077104 16
1445077109 16
1445077109 27
1445077109 8
1445077109 12
1445077109 15
1445077109 1
1445077109 18
1445077109 5
1445077117 27
1445077117 10
1445077117 12
1445077117 15
1445077117 1
1445077117 18
1445077117 5
1445077134 21
1445077134 16
1445077134 22
1445077134 1
1445077134 18
1445077134 5
1445077134 27
1445077135 17
1445077137 27
1445077137 18
1445077137 5
1445077148 27
1445077148 18
1445077148 5
1445077164 27
1445077164 4
1445077166 27
1445077166 18
1445077166 5
1445077174 27
1445077174 7
1445077186 16
1445077186 20
1445077186 19
1445077187 1
1445077187 18
1445077187 5
1445077204 27
1445077204 25
1445077204 13
1445077204 11
1445077204 33
1445077204 31
1445077204 40
1445077204 3
1445077204 14
1445077226 43
1445077226 49
1445077226 48
1445077226 46
1445077226 45
1445077226 41
1445077226 47
1445077274 24
1445077274 35
1445077274 2
1445077274 44
