1445068415 26
1445068415 14
1445068415 20
1445068416 24
1445068416 6
1445068416 5
1445068416 2
1445068417 4
1445068418 7
1445068418 13
1445068418 8
1445068418 29
1445068418 10
1445068418 25
1445068418 21
1445068418 27
1445068418 11
1445068422 22
1445068422 16
1445068422 17
1445068422 29
1445068435 30
1445068435 15
1445068438 22
1445068438 16
1445068438 17
1445068438 29
1445068449 30
1445068449 15
1445068452 22
1445068452 16
1445068452 17
1445068452 29
1445068463 30
1445068463 15
1445068466 22
1445068466 16
1445068466 17
1445068466 29
1445068475 30
1445068475 15
1445068478 22
1445068478 16
1445068478 17
1445068478 29
1445068489 30
1445068489 15
1445068492 22
1445068492 16
1445068492 17
1445068492 29
1445068503 30
1445068503 15
1445068507 22
1445068507 16
1445068507 17
1445068507 29
1445068518 30
1445068518 15
1445068520 9
1445068520 22
1445068520 16
1445068520 17
1445068528 31
1445068528 28
1445068528 1
1445068556 3
1445068557 23
1445068557 19
1445068557 18
1445068557 12
