1445076571 8
1445076571 147
1445076571 16
1445076571 102
1445076571 83
1445076571 8
1445076571 147
1445076573 160
1445076574 82
1445076574 67
1445076576 22
1445076576 102
1445076576 3
1445076576 75
1445076576 25
1445076576 25
1445076576 154
1445076587 102
1445076587 25
1445076587 25
1445076587 102
1445076605 75
1445076605 25
1445076633 102
1445076633 25
1445076633 25
1445076633 102
1445076667 75
1445076667 25
1445076689 102
1445076689 25
1445076689 25
1445076689 102
1445076718 75
1445076718 25
1445076734 102
1445076734 25
1445076734 25
1445076734 102
1445076765 75
1445076766 25
1445076817 102
1445076817 25
1445076817 25
1445076817 102
1445076844 75
1445076844 25
1445076863 102
1445076863 25
1445076863 25
1445076863 102
