1445248183 28
1445248183 9
1445248183 18
1445248183 26
1445248183 6
1445248183 3
1445248184 2
1445248186 4
1445248187 7
1445248188 12
1445248191 8
1445248192 30
1445248192 10
1445248192 25
1445248192 24
1445248192 27
1445248192 14
1445248203 21
1445248203 19
1445248203 16
1445248203 30
1445248226 31
1445248226 20
1445248238 21
1445248238 19
1445248238 16
1445248238 30
1445248260 31
1445248260 20
1445248265 21
1445248265 19
1445248265 16
1445248265 30
1445248287 31
1445248287 20
1445248293 21
1445248293 19
1445248293 16
1445248293 30
1445248316 31
1445248316 20
1445248321 21
1445248321 19
1445248321 16
1445248321 30
1445248343 31
1445248343 20
1445248348 21
1445248348 19
1445248348 16
1445248348 30
1445248370 31
1445248370 20
1445248376 21
1445248376 19
1445248376 16
1445248376 30
1445248398 31
1445248398 20
1445248402 13
1445248402 21
1445248402 19
1445248402 16
1445248424 29
1445248424 23
1445248424 1
1445248503 5
1445248510 22
1445248510 15
1445248510 17
1445248510 11
