1445248382 35
1445248384 35
1445248384 35
1445248384 35
1445248386 35
1445248386 35
1445248386 35
1445248386 35
1445248386 35
1445248386 35
1445248386 35
1445248386 35
1445248386 35
1445248386 35
1445248387 35
1445248387 35
1445248387 35
1445248387 35
1445248387 35
1445248387 35
1445248387 35
1445248387 8
1445248387 101
1445248387 72
1445248387 153
1445248387 98
1445248387 98
1445248387 98
1445248387 126
1445248387 98
1445248387 9
1445248387 137
1445248387 128
1445248387 98
1445248387 98
1445248387 35
1445248387 35
1445248387 82
1445248387 101
1445248387 72
1445248387 98
1445248387 98
1445248387 98
1445248387 126
1445248387 98
1445248387 9
1445248387 137
1445248387 128
1445248387 98
1445248387 98
1445248387 35
1445248388 35
1445248388 35
1445248388 35
1445248388 35
1445248392 35
1445248392 35
1445248392 35
1445248392 35
1445248392 35
1445248392 35
1445248392 35
1445248392 35
1445248392 35
1445248392 35
1445248392 35
1445248392 8
1445248392 35
1445248392 35
1445248392 35
1445248392 35
1445248392 35
1445248392 35
1445248392 35
1445248392 64
1445248392 5
1445248393 64
1445248393 35
1445248394 35
1445248394 35
1445248394 35
1445248394 35
1445248394 35
1445248394 35
1445248396 35
1445248396 35
1445248396 35
1445248396 35
1445248396 35
1445248396 35
1445248396 35
1445248396 35
1445248396 35
1445248396 35
1445248396 35
1445248396 35
1445248396 35
1445248396 35
1445248396 35
1445248396 35
1445248396 35
1445248396 35
1445248396 35
1445248396 35
1445248396 35
1445248396 35
1445248396 35
1445248396 35
1445248396 35
1445248396 35
1445248396 35
1445248396 35
1445248396 35
1445248396 35
1445248396 35
1445248396 35
1445248396 35
1445248396 35
1445248396 35
1445248396 35
1445248396 35
1445248396 35
1445248396 35
1445248396 35
1445248396 35
1445248396 35
1445248396 35
1445248396 35
1445248396 35
1445248396 35
1445248396 35
1445248396 35
1445248396 35
1445248396 35
1445248396 35
1445248396 35
1445248396 35
1445248396 35
1445248396 35
1445248396 35
1445248397 35
1445248398 35
1445248398 35
1445248398 35
1445248399 35
1445248399 35
1445248400 35
1445248400 35
1445248401 35
1445248401 35
1445248402 35
1445248402 35
1445248403 35
1445248403 35
1445248403 35
1445248403 35
1445248403 35
1445248403 35
1445248403 35
1445248403 35
1445248403 35
1445248403 35
1445248403 35
1445248403 35
1445248403 35
1445248404 35
1445248404 35
1445248404 35
1445248404 35
1445248404 35
1445248404 35
1445248404 35
1445248404 35
1445248404 35
1445248404 35
1445248404 35
1445248405 35
1445248405 35
1445248406 35
1445248406 35
1445248407 35
1445248407 35
1445248407 35
1445248407 35
1445248407 35
1445248407 35
1445248407 35
1445248407 35
1445248407 35
1445248407 35
1445248407 35
1445248408 35
1445248408 35
1445248408 35
1445248408 35
1445248408 35
1445248408 35
1445248408 35
1445248408 35
1445248409 35
1445248409 35
1445248410 35
1445248410 35
1445248410 35
1445248410 35
1445248410 35
1445248411 35
1445248411 35
1445248411 35
1445248411 35
1445248411 35
1445248411 35
1445248411 35
1445248411 35
1445248412 35
1445248412 35
1445248412 35
1445248412 35
1445248412 35
1445248412 35
1445248412 35
1445248412 35
1445248413 35
1445248413 35
1445248413 35
1445248414 35
1445248414 35
1445248415 35
1445248415 35
1445248416 35
1445248416 35
1445248417 35
1445248417 158
1445248417 117
1445248417 117
1445248417 149
1445248417 35
1445248417 35
1445248417 35
1445248417 35
1445248417 35
1445248417 35
1445248417 35
1445248417 35
1445248417 35
1445248417 35
1445248417 35
1445248417 35
1445248417 35
1445248418 35
1445248418 35
1445248418 35
1445248419 35
1445248419 35
1445248419 35
1445248419 35
1445248419 35
1445248419 35
1445248419 35
1445248419 35
1445248420 35
1445248420 35
1445248421 35
1445248421 35
1445248423 35
1445248423 35
1445248424 35
1445248424 35
1445248424 35
1445248425 35
1445248425 35
1445248425 35
1445248425 35
1445248427 35
1445248427 35
1445248428 35
1445248428 35
1445248429 35
1445248429 35
1445248429 35
1445248430 35
1445248430 35
1445248431 35
1445248431 35
1445248433 35
1445248433 35
1445248433 35
1445248434 35
1445248434 35
1445248435 35
1445248435 35
1445248435 35
1445248436 35
1445248436 35
1445248436 35
1445248437 35
1445248437 35
1445248437 35
1445248438 35
1445248438 35
1445248438 35
1445248438 35
1445248438 35
1445248438 35
1445248439 35
1445248439 35
1445248439 35
1445248440 35
1445248440 35
1445248440 35
1445248441 35
1445248441 35
1445248441 35
1445248442 35
1445248442 35
1445248442 35
1445248443 35
1445248443 35
1445248444 35
1445248444 35
1445248445 35
1445248445 35
1445248446 35
1445248446 35
1445248446 35
1445248446 35
1445248446 35
1445248446 35
1445248446 35
1445248446 35
1445248446 35
1445248446 35
1445248446 35
1445248447 35
1445248447 35
1445248447 35
1445248447 35
1445248447 35
1445248447 35
1445248447 35
1445248447 35
1445248448 35
1445248448 35
1445248450 35
1445248451 35
1445248451 35
1445248452 35
1445248452 35
1445248452 35
1445248452 35
1445248452 35
1445248452 35
1445248452 35
1445248453 35
1445248453 35
1445248454 35
1445248454 35
1445248454 35
1445248454 35
1445248455 35
1445248455 35
1445248456 35
1445248457 35
1445248457 35
1445248457 35
1445248458 35
1445248458 35
1445248458 35
1445248459 35
1445248460 35
1445248460 35
1445248460 35
1445248461 35
1445248461 35
1445248461 35
1445248461 35
1445248462 35
1445248463 35
1445248463 35
1445248463 35
1445248463 35
1445248464 35
1445248464 35
1445248465 35
1445248465 35
1445248465 35
1445248465 35
1445248466 35
1445248466 35
1445248466 35
1445248466 35
1445248467 35
1445248467 35
1445248467 35
1445248468 35
1445248468 35
1445248469 35
1445248469 35
1445248469 35
1445248469 35
1445248470 35
1445248470 35
1445248470 35
1445248470 35
1445248471 35
1445248471 35
1445248471 35
1445248472 35
1445248473 35
1445248473 35
1445248473 35
1445248474 35
1445248474 35
1445248474 35
1445248474 35
1445248475 35
1445248475 35
1445248475 35
1445248475 35
1445248476 35
1445248476 35
1445248477 35
1445248477 35
1445248477 35
1445248477 35
1445248478 35
1445248478 35
1445248478 35
1445248478 35
1445248479 35
1445248480 35
1445248480 35
1445248481 35
1445248481 35
1445248481 35
1445248481 35
1445248481 35
1445248482 35
1445248483 35
1445248483 35
1445248483 35
1445248485 35
1445248485 35
1445248485 35
1445248486 35
1445248486 35
1445248486 35
1445248486 35
1445248487 35
1445248487 35
1445248488 35
1445248488 35
1445248488 35
1445248488 35
1445248488 35
1445248488 35
1445248488 35
1445248488 35
1445248488 35
1445248488 35
1445248488 35
1445248488 35
1445248488 35
1445248489 35
1445248489 35
1445248490 35
1445248490 35
1445248490 35
1445248490 35
1445248490 35
1445248490 35
1445248490 35
1445248490 35
1445248490 35
1445248491 35
1445248492 35
1445248492 35
1445248492 35
1445248492 35
1445248493 35
1445248493 35
1445248493 35
1445248494 35
1445248494 35
1445248494 35
1445248494 35
1445248495 35
1445248495 35
1445248496 35
1445248496 35
1445248497 35
1445248497 35
1445248498 35
1445248499 35
1445248499 35
1445248499 35
1445248500 35
1445248500 35
1445248500 35
1445248500 35
1445248500 35
1445248500 35
1445248500 35
1445248500 35
1445248500 35
1445248500 35
1445248500 35
1445248500 35
1445248500 35
1445248500 35
1445248500 35
1445248501 35
1445248501 35
1445248501 35
1445248501 35
1445248501 35
1445248501 35
1445248501 35
1445248501 35
1445248501 35
1445248501 35
1445248502 35
1445248502 35
1445248503 35
1445248503 35
1445248503 35
1445248503 35
1445248504 35
1445248504 35
1445248504 35
1445248504 35
1445248504 35
1445248505 35
1445248505 35
1445248505 35
1445248506 35
1445248506 35
1445248506 35
1445248507 35
1445248507 35
1445248507 35
1445248507 35
1445248508 35
1445248508 35
1445248508 35
1445248509 35
1445248510 35
1445248510 35
1445248510 35
1445248510 35
1445248510 35
1445248511 35
1445248511 35
1445248511 35
1445248512 35
1445248513 35
1445248513 35
1445248513 35
1445248513 35
1445248513 35
1445248514 35
1445248514 35
1445248514 35
1445248515 35
1445248515 35
1445248515 35
1445248516 35
1445248516 35
1445248516 35
1445248516 35
1445248516 35
1445248517 35
1445248519 35
1445248519 35
1445248519 35
1445248519 35
1445248520 35
1445248520 35
1445248520 35
1445248520 35
1445248520 35
1445248520 35
1445248520 35
1445248520 35
1445248520 35
1445248520 35
1445248520 35
1445248520 35
1445248520 35
1445248520 35
1445248520 35
1445248520 35
1445248520 35
1445248520 35
1445248520 35
1445248521 35
1445248521 35
1445248521 35
1445248521 35
1445248521 35
1445248521 35
1445248521 35
1445248521 35
1445248521 35
1445248521 35
1445248521 35
1445248521 35
1445248521 35
1445248522 35
1445248522 35
1445248522 35
1445248522 35
1445248522 35
1445248522 35
1445248522 35
1445248523 35
1445248523 35
1445248523 35
1445248523 35
1445248523 35
1445248523 110
1445248523 35
1445248523 35
1445248524 35
1445248524 35
1445248524 35
1445248524 35
1445248524 35
1445248524 35
1445248524 35
1445248524 35
1445248524 35
1445248524 35
1445248524 35
1445248524 35
1445248525 35
1445248525 35
1445248525 35
1445248525 35
1445248525 35
1445248525 35
1445248525 35
1445248525 35
1445248525 35
1445248526 35
1445248526 35
1445248526 35
1445248526 35
1445248526 35
1445248526 35
1445248526 35
1445248527 35
1445248527 35
1445248528 35
1445248528 35
1445248529 35
1445248529 35
1445248529 35
1445248529 35
1445248529 35
1445248530 35
1445248530 35
1445248530 35
1445248530 35
1445248531 35
1445248531 35
1445248531 35
1445248532 35
1445248532 35
1445248532 35
1445248533 35
1445248533 35
1445248533 35
1445248534 35
1445248535 35
1445248535 35
1445248535 35
1445248535 35
1445248535 35
1445248536 35
1445248536 35
1445248537 35
1445248537 35
1445248537 35
1445248537 35
1445248537 35
1445248537 35
1445248538 35
1445248538 35
1445248538 35
1445248538 35
1445248538 35
1445248538 35
1445248539 35
1445248539 35
1445248540 35
1445248540 35
1445248541 35
1445248541 35
1445248542 35
1445248542 35
1445248542 35
1445248542 35
1445248542 35
1445248542 35
1445248543 35
1445248543 35
1445248544 35
1445248544 35
1445248545 35
1445248545 35
1445248545 35
1445248545 35
1445248545 35
1445248546 35
1445248546 35
1445248546 35
1445248547 35
1445248547 35
1445248548 35
1445248548 35
1445248548 35
1445248549 35
1445248549 35
1445248549 35
1445248549 35
1445248550 35
1445248551 35
1445248551 35
1445248551 35
1445248551 35
1445248551 35
1445248552 35
1445248552 35
1445248553 35
1445248553 35
1445248553 35
1445248554 35
1445248554 35
1445248554 35
1445248554 35
1445248554 35
1445248554 35
1445248556 35
1445248556 35
1445248556 35
1445248556 35
1445248557 35
1445248557 35
1445248557 35
1445248557 35
1445248557 35
1445248558 35
1445248559 35
1445248559 35
1445248559 35
1445248560 35
1445248560 35
1445248560 35
1445248560 35
1445248560 35
1445248560 35
1445248562 35
1445248562 35
1445248563 35
1445248563 35
1445248563 35
1445248563 35
1445248563 35
1445248564 35
1445248564 35
1445248564 35
1445248565 35
1445248565 35
1445248565 35
1445248566 35
1445248566 35
1445248567 35
1445248567 35
1445248567 35
1445248567 35
1445248567 35
1445248567 35
1445248567 35
1445248567 35
1445248567 35
1445248568 35
1445248568 35
1445248568 35
1445248568 35
1445248568 35
1445248568 35
1445248568 35
1445248569 35
1445248569 35
1445248569 35
1445248569 35
1445248569 35
1445248569 35
1445248569 35
1445248569 35
1445248569 35
1445248569 35
1445248569 35
1445248570 35
1445248570 35
1445248570 35
1445248570 35
1445248570 35
1445248570 35
1445248570 35
1445248570 35
1445248570 35
1445248570 35
1445248570 35
1445248570 35
1445248570 35
1445248570 35
1445248570 113
1445248570 119
1445248570 170
1445248570 35
1445248571 35
1445248571 35
1445248571 35
1445248572 35
1445248572 35
1445248572 35
1445248572 35
1445248572 35
1445248572 35
1445248572 35
1445248572 35
1445248572 35
1445248572 35
1445248572 35
1445248572 35
1445248572 35
1445248572 35
1445248572 35
1445248572 35
1445248572 35
1445248572 35
1445248572 35
1445248572 35
1445248572 35
1445248572 35
1445248572 35
1445248572 35
1445248572 35
1445248572 35
1445248573 35
1445248573 35
1445248573 35
1445248573 35
1445248573 35
1445248573 35
1445248573 35
1445248573 35
1445248573 35
1445248573 35
1445248573 35
1445248573 35
1445248573 35
1445248573 35
1445248573 35
1445248574 35
1445248574 35
1445248574 35
1445248574 35
1445248574 35
1445248574 35
1445248574 35
1445248575 35
1445248575 35
1445248575 35
1445248575 113
1445248575 119
1445248575 170
1445248575 35
1445248576 35
1445248576 35
1445248576 35
1445248576 35
1445248576 35
1445248577 35
1445248577 35
1445248577 35
1445248577 35
1445248577 35
1445248578 35
1445248578 35
1445248578 35
1445248579 35
1445248579 35
1445248579 35
1445248579 35
1445248579 35
1445248580 35
1445248580 35
1445248580 35
1445248580 35
1445248581 35
1445248581 35
1445248581 35
1445248582 35
1445248582 35
1445248582 35
1445248582 35
1445248582 35
1445248583 35
1445248583 35
1445248583 35
1445248583 35
1445248584 35
1445248584 35
1445248584 35
1445248585 35
1445248585 35
1445248585 35
1445248585 35
1445248585 35
1445248585 35
1445248585 35
1445248585 35
1445248585 35
1445248585 35
1445248585 35
1445248585 35
1445248585 35
1445248586 35
1445248586 35
1445248586 35
1445248586 35
1445248586 35
1445248586 35
1445248586 35
1445248586 35
1445248586 35
1445248586 35
1445248586 35
1445248586 35
1445248587 35
1445248587 35
1445248587 35
1445248587 35
1445248587 35
1445248587 35
1445248587 35
1445248588 35
1445248588 35
1445248588 35
1445248588 35
1445248588 35
1445248588 35
1445248588 35
1445248588 35
1445248589 35
1445248590 35
1445248590 35
1445248590 35
1445248590 35
1445248590 35
1445248591 35
1445248591 35
1445248591 35
1445248591 35
1445248592 35
1445248592 35
1445248592 35
1445248593 35
1445248593 35
1445248593 35
1445248593 35
1445248593 35
1445248593 35
1445248594 35
1445248594 35
1445248594 35
1445248594 35
1445248594 35
1445248594 35
1445248595 35
1445248595 35
1445248595 35
1445248596 35
1445248596 35
1445248597 35
1445248597 35
1445248597 35
1445248597 35
1445248597 35
1445248597 35
1445248597 35
1445248597 35
1445248598 35
1445248598 35
1445248599 35
1445248599 35
1445248599 35
1445248600 35
1445248600 35
1445248600 35
1445248600 35
1445248600 35
1445248600 35
1445248600 35
1445248600 35
1445248600 35
1445248600 35
1445248600 35
1445248600 35
1445248600 35
1445248600 35
1445248600 35
1445248600 35
1445248601 35
1445248601 35
1445248601 35
1445248601 35
1445248601 35
1445248601 35
1445248601 35
1445248601 35
1445248601 35
1445248601 35
1445248601 35
1445248601 35
1445248601 35
1445248601 35
1445248601 35
1445248601 35
1445248602 35
1445248602 35
1445248602 35
1445248603 35
1445248603 35
1445248603 35
1445248603 35
1445248603 35
1445248603 35
1445248603 35
1445248604 35
1445248604 35
1445248604 35
1445248604 35
1445248604 35
1445248604 35
1445248604 35
1445248604 35
1445248605 35
1445248606 35
1445248606 35
1445248606 35
1445248606 35
1445248607 35
1445248607 35
1445248607 35
1445248607 35
1445248607 35
1445248607 35
1445248607 35
1445248607 35
1445248608 35
1445248609 35
1445248609 35
1445248609 35
1445248609 35
1445248610 35
1445248610 35
1445248610 35
1445248610 35
1445248610 35
1445248610 35
1445248611 35
1445248611 35
1445248611 35
1445248611 35
1445248611 35
1445248612 35
1445248612 35
1445248613 35
1445248613 35
1445248613 35
1445248613 35
1445248613 35
1445248613 35
1445248613 35
1445248613 35
1445248613 35
1445248613 35
1445248613 35
1445248613 35
1445248613 35
1445248614 35
1445248614 35
1445248615 35
1445248615 35
1445248615 35
1445248615 35
1445248615 35
1445248615 35
1445248615 35
1445248615 35
1445248615 35
1445248615 35
1445248615 35
1445248615 35
1445248616 35
1445248616 35
1445248616 35
1445248616 35
1445248616 35
1445248616 35
1445248616 35
1445248616 35
1445248616 35
1445248616 35
1445248616 35
1445248616 35
1445248617 35
1445248617 35
1445248617 35
1445248617 35
1445248618 35
1445248618 35
1445248618 35
1445248618 35
1445248618 35
1445248618 35
1445248618 35
1445248618 35
1445248618 35
1445248618 35
1445248619 35
1445248619 35
1445248619 35
1445248619 35
1445248619 35
1445248619 35
1445248619 35
1445248619 35
1445248619 35
1445248619 35
1445248619 35
1445248620 35
1445248621 35
1445248621 35
1445248621 35
1445248622 35
1445248622 35
1445248622 35
1445248622 35
1445248622 35
1445248622 35
1445248622 35
1445248623 35
1445248623 35
1445248623 35
1445248624 35
1445248625 35
1445248625 35
1445248625 35
1445248625 35
1445248625 35
1445248625 35
1445248625 35
1445248626 35
1445248626 35
1445248626 35
1445248626 35
1445248627 35
1445248627 35
1445248627 35
1445248628 35
1445248628 35
1445248628 35
1445248628 35
1445248628 35
1445248628 35
1445248629 35
1445248629 35
1445248629 35
1445248629 35
1445248629 35
1445248630 35
1445248630 35
1445248630 35
1445248630 35
1445248630 35
1445248630 35
1445248630 35
1445248630 35
1445248630 35
1445248630 35
1445248631 35
1445248631 35
1445248631 35
1445248631 35
1445248631 35
1445248631 35
1445248632 35
1445248632 35
1445248632 35
1445248632 35
1445248632 35
1445248632 35
1445248632 35
1445248632 35
1445248632 35
1445248632 35
1445248632 35
1445248632 35
1445248632 35
1445248632 35
1445248632 35
1445248632 35
1445248633 35
1445248633 35
1445248633 35
1445248633 35
1445248633 35
1445248634 35
1445248634 35
1445248634 35
1445248634 35
1445248634 35
1445248634 35
1445248634 35
1445248635 35
1445248635 35
1445248636 35
1445248636 35
1445248637 35
1445248637 35
1445248637 35
1445248637 35
1445248637 35
1445248637 35
1445248637 35
1445248637 35
1445248637 35
1445248637 35
1445248637 35
1445248637 35
1445248637 35
1445248638 35
1445248640 35
1445248640 35
1445248640 35
1445248640 35
1445248640 35
1445248640 35
1445248640 35
1445248640 35
1445248640 35
1445248640 35
1445248640 35
1445248641 35
1445248641 35
1445248641 35
1445248641 35
1445248641 35
1445248641 35
1445248641 35
1445248641 35
1445248641 35
1445248641 35
1445248641 35
1445248641 35
1445248641 35
1445248641 35
1445248641 35
1445248641 35
1445248641 35
1445248641 35
1445248642 35
1445248642 35
1445248642 35
1445248642 35
1445248642 113
1445248642 119
1445248642 170
1445248642 35
1445248642 35
1445248642 35
1445248643 35
1445248643 35
1445248643 113
1445248643 119
1445248643 170
1445248643 35
1445248643 35
1445248643 35
1445248643 35
1445248643 35
1445248644 35
1445248644 35
1445248644 35
1445248644 35
1445248644 35
1445248644 35
1445248644 35
1445248644 35
1445248645 35
1445248646 35
1445248646 35
1445248646 35
1445248646 35
1445248646 35
1445248647 35
1445248647 35
1445248648 35
1445248648 35
1445248648 35
1445248648 35
1445248649 35
1445248649 35
1445248649 35
1445248650 35
1445248650 35
1445248650 35
1445248650 35
1445248651 35
1445248651 35
1445248651 35
1445248651 35
1445248651 35
1445248652 35
1445248652 35
1445248652 35
1445248653 35
1445248654 35
1445248654 35
1445248654 35
1445248654 35
1445248655 35
1445248655 35
1445248655 35
1445248655 35
1445248655 35
1445248655 35
1445248655 35
1445248655 35
1445248656 35
1445248657 35
1445248657 35
1445248658 35
1445248658 35
1445248658 35
1445248658 35
1445248658 35
1445248658 35
1445248658 35
1445248659 35
1445248659 35
1445248659 35
1445248659 35
1445248660 35
1445248661 35
1445248661 35
1445248661 35
1445248661 35
1445248661 35
1445248662 35
1445248662 35
1445248662 35
1445248662 35
1445248663 35
1445248663 35
1445248663 35
1445248664 35
1445248664 35
1445248664 35
1445248665 35
1445248665 35
1445248665 35
1445248665 35
1445248665 35
1445248666 35
1445248666 35
1445248666 35
1445248666 35
1445248666 35
1445248666 35
1445248667 35
1445248667 35
1445248667 35
1445248668 35
1445248668 35
1445248668 35
1445248669 35
1445248669 35
1445248669 35
1445248669 35
1445248669 35
1445248670 35
1445248670 35
1445248670 35
1445248670 35
1445248670 35
1445248671 35
1445248671 35
1445248671 35
1445248672 35
1445248673 35
1445248673 35
1445248673 35
1445248673 35
1445248673 35
1445248673 35
1445248673 35
1445248673 35
1445248674 35
1445248674 35
1445248674 35
1445248674 35
1445248675 35
1445248675 35
1445248676 35
1445248676 35
1445248677 35
1445248677 35
1445248677 35
1445248677 35
1445248677 35
1445248677 35
1445248677 35
1445248677 35
1445248677 35
1445248677 35
1445248678 35
1445248679 35
1445248679 35
1445248680 35
1445248680 35
1445248680 35
1445248680 35
1445248680 35
1445248681 35
1445248681 35
1445248681 35
1445248681 35
1445248681 35
1445248681 35
1445248681 35
1445248681 35
1445248682 35
1445248683 35
1445248683 35
1445248683 35
1445248684 35
1445248685 35
1445248685 35
1445248685 35
1445248685 35
1445248685 35
1445248685 35
1445248685 35
1445248685 35
1445248685 35
1445248686 35
1445248686 35
1445248686 35
1445248687 35
1445248687 35
1445248688 35
1445248688 35
1445248688 35
1445248689 35
1445248689 35
1445248689 35
1445248689 35
1445248689 35
1445248689 35
1445248689 35
1445248689 35
1445248689 35
1445248690 35
1445248691 35
1445248691 35
1445248692 35
1445248692 35
1445248692 35
1445248692 35
1445248692 35
1445248693 35
1445248693 35
1445248693 35
1445248693 35
1445248693 35
1445248693 35
1445248693 35
1445248694 35
1445248695 35
1445248695 35
1445248695 35
1445248695 35
1445248696 35
1445248696 35
1445248696 35
1445248696 35
1445248696 35
1445248696 35
1445248696 35
1445248696 35
1445248697 35
1445248697 35
1445248698 35
1445248698 35
1445248698 35
1445248698 35
1445248699 35
1445248699 35
1445248700 35
1445248700 35
1445248700 35
1445248700 35
1445248700 35
1445248700 35
1445248700 35
1445248700 35
1445248701 35
1445248701 35
1445248701 35
1445248701 35
1445248702 35
1445248703 35
1445248704 35
1445248704 35
1445248704 35
1445248704 35
1445248704 35
1445248704 35
1445248704 35
1445248704 35
1445248704 35
1445248704 35
1445248705 35
1445248705 35
1445248706 35
1445248706 35
1445248707 35
1445248707 35
1445248707 35
1445248707 35
1445248707 35
1445248707 35
1445248708 35
1445248708 35
1445248708 35
1445248708 35
1445248708 35
1445248708 35
1445248709 35
1445248709 35
1445248710 35
1445248710 35
1445248711 35
1445248711 35
1445248711 35
1445248711 35
1445248711 35
1445248711 35
1445248711 35
1445248711 35
1445248711 35
1445248712 35
1445248712 35
1445248713 35
1445248713 35
1445248713 35
1445248714 35
1445248714 35
1445248715 35
1445248715 35
1445248715 35
1445248715 35
1445248715 35
1445248715 35
1445248715 35
1445248715 35
1445248716 35
1445248716 35
1445248716 35
1445248717 35
1445248717 35
1445248717 35
1445248718 35
1445248719 35
1445248719 35
1445248719 35
1445248719 35
1445248719 35
1445248719 35
1445248719 35
1445248720 35
1445248720 35
1445248720 35
1445248720 35
1445248721 35
1445248721 35
1445248722 35
1445248722 35
1445248722 35
1445248723 35
1445248723 35
1445248723 35
1445248723 35
1445248723 35
1445248723 35
1445248723 35
1445248724 35
1445248724 35
1445248724 35
1445248725 35
1445248725 35
1445248726 35
1445248726 35
1445248726 35
1445248726 35
1445248726 35
1445248727 35
1445248727 35
1445248727 35
1445248727 35
1445248727 35
1445248728 35
1445248728 35
1445248728 35
1445248728 35
1445248728 35
1445248728 35
1445248728 35
1445248728 35
1445248728 35
1445248729 35
1445248729 35
1445248729 35
1445248729 35
1445248729 35
1445248729 35
1445248729 35
1445248729 35
1445248729 35
1445248729 35
1445248729 35
1445248729 35
1445248730 35
1445248730 35
1445248730 35
1445248730 35
1445248730 35
1445248730 35
1445248730 113
1445248730 119
1445248730 170
1445248730 35
1445248730 35
1445248730 35
1445248730 35
1445248730 35
1445248730 35
1445248730 89
1445248730 35
1445248730 35
1445248731 35
1445248731 35
1445248731 35
1445248732 35
1445248732 36
1445248732 164
1445248732 106
1445248732 4
1445248732 106
1445248732 106
1445248732 61
1445248732 15
1445248732 61
1445248732 61
1445248732 61
1445248732 61
1445248732 35
1445248732 35
1445248732 35
1445248733 35
1445248733 35
1445248733 35
1445248733 35
1445248733 113
1445248733 119
1445248733 170
1445248734 35
1445248734 35
1445248734 35
1445248734 35
1445248734 35
1445248734 35
1445248735 35
1445248735 35
1445248735 35
1445248735 35
1445248736 35
1445248736 35
1445248737 35
1445248738 35
1445248738 35
1445248738 35
1445248738 35
1445248738 35
1445248738 35
1445248738 35
1445248738 35
1445248739 35
1445248739 35
1445248740 35
1445248740 35
1445248741 35
1445248741 35
1445248741 35
1445248741 35
1445248742 35
1445248742 35
1445248742 35
1445248742 35
1445248742 35
1445248742 35
1445248743 35
1445248743 35
1445248744 35
1445248745 35
1445248745 35
1445248745 35
1445248745 35
1445248745 35
1445248745 35
1445248745 35
1445248746 35
1445248746 35
1445248746 35
1445248747 35
1445248748 35
1445248748 35
1445248749 35
1445248749 35
1445248749 35
1445248749 35
1445248749 35
1445248749 35
1445248749 35
1445248749 35
1445248750 35
1445248751 35
1445248751 35
1445248752 35
1445248752 35
1445248752 35
1445248752 35
1445248753 35
1445248753 35
1445248753 35
1445248753 35
1445248753 35
1445248753 35
1445248754 35
1445248754 35
1445248755 35
1445248755 35
1445248755 35
1445248756 35
1445248756 35
1445248756 35
1445248756 35
1445248757 35
1445248757 35
1445248757 35
1445248757 35
1445248758 35
1445248758 35
1445248758 35
1445248759 35
1445248759 35
1445248760 35
1445248760 35
1445248760 35
1445248760 35
1445248760 35
1445248761 35
1445248761 35
1445248761 35
1445248761 35
1445248762 35
1445248763 35
1445248763 35
1445248763 35
1445248763 35
1445248764 35
1445248764 35
1445248764 35
1445248764 35
1445248764 35
1445248764 35
1445248765 35
1445248765 35
1445248766 35
1445248766 35
1445248767 35
1445248767 35
1445248767 35
1445248767 35
1445248767 35
1445248767 35
1445248768 35
1445248768 35
1445248768 35
1445248768 35
1445248768 35
1445248769 35
1445248769 35
1445248770 35
1445248770 35
1445248770 35
1445248771 35
1445248771 35
1445248771 35
1445248771 35
1445248771 35
1445248772 35
1445248772 35
1445248772 35
1445248772 35
1445248772 35
1445248772 35
1445248772 35
1445248772 35
1445248772 35
1445248772 35
1445248772 35
1445248772 35
1445248772 35
1445248772 35
1445248772 35
1445248772 35
1445248772 35
1445248772 35
1445248772 35
1445248772 89
1445248772 35
1445248772 35
1445248772 36
1445248772 164
1445248772 106
1445248772 4
1445248772 106
1445248772 106
1445248772 61
1445248772 15
1445248772 61
1445248772 61
1445248772 61
1445248772 61
1445248772 35
1445248772 35
1445248773 35
1445248773 35
1445248773 35
1445248774 35
1445248774 35
1445248774 35
1445248774 113
1445248774 119
1445248774 170
1445248774 35
1445248774 35
1445248774 113
1445248774 119
1445248774 170
1445248774 35
1445248775 35
1445248775 35
1445248775 35
1445248775 35
1445248775 35
1445248776 35
1445248776 35
1445248776 35
1445248777 35
1445248778 35
1445248778 35
1445248778 35
1445248778 35
1445248779 35
1445248779 35
1445248779 35
1445248779 35
1445248779 35
1445248780 35
1445248781 35
1445248782 35
1445248782 35
1445248782 35
1445248782 35
1445248782 35
1445248782 35
1445248782 35
1445248783 35
1445248783 35
1445248784 35
1445248785 35
1445248785 35
1445248785 35
1445248785 35
1445248786 35
1445248786 35
1445248786 35
1445248786 35
1445248786 35
1445248787 35
1445248788 35
1445248789 35
1445248789 35
1445248789 35
1445248789 35
1445248789 35
1445248789 35
1445248790 35
1445248790 35
1445248790 35
1445248791 35
1445248792 35
1445248792 35
1445248792 35
1445248792 35
1445248792 35
1445248792 35
1445248792 35
1445248792 35
1445248792 35
1445248792 35
1445248792 35
1445248792 35
1445248792 35
1445248792 35
1445248792 35
1445248792 35
1445248792 35
1445248792 35
1445248792 35
1445248793 35
1445248793 35
1445248793 35
1445248793 35
1445248793 35
1445248793 89
1445248793 35
1445248793 35
1445248793 35
1445248793 35
1445248793 35
1445248793 35
1445248793 35
1445248793 113
1445248793 119
1445248793 170
1445248794 35
1445248794 35
1445248794 35
1445248794 36
1445248794 164
1445248794 106
1445248794 4
1445248794 106
1445248794 106
1445248794 61
1445248794 15
1445248794 61
1445248794 61
1445248794 61
1445248794 61
1445248794 35
1445248795 35
1445248796 35
1445248796 35
1445248796 35
1445248796 35
1445248796 113
1445248796 119
1445248796 170
1445248796 35
1445248797 35
1445248797 35
1445248797 35
1445248798 35
1445248798 35
1445248798 35
1445248799 35
1445248800 35
1445248800 35
1445248800 35
1445248801 35
1445248801 35
1445248801 35
1445248801 35
1445248802 35
1445248803 35
1445248803 35
1445248804 35
1445248805 35
1445248805 35
1445248805 35
1445248806 35
1445248806 35
1445248807 35
1445248807 35
1445248807 35
1445248808 35
1445248808 35
1445248809 35
1445248809 35
1445248809 35
1445248810 35
1445248810 35
1445248811 35
1445248811 35
1445248811 35
1445248812 35
1445248812 35
1445248812 35
1445248813 35
1445248814 35
1445248814 35
1445248814 35
1445248814 35
1445248815 35
1445248816 35
1445248816 35
1445248816 35
1445248817 35
1445248817 35
1445248817 35
1445248818 35
1445248819 35
1445248819 35
1445248819 35
1445248820 35
1445248820 35
1445248820 35
1445248821 35
1445248821 35
1445248822 35
1445248822 35
1445248823 35
1445248823 35
1445248823 35
1445248824 35
1445248824 35
1445248824 35
1445248825 35
1445248825 35
1445248826 35
1445248826 35
1445248826 35
1445248827 35
1445248827 35
1445248827 35
1445248828 35
1445248829 35
1445248829 35
1445248829 35
1445248830 35
1445248830 35
1445248831 35
1445248831 35
1445248831 35
1445248831 35
1445248832 35
1445248832 35
1445248833 35
1445248833 35
1445248833 35
1445248834 35
1445248834 35
1445248834 35
1445248835 35
1445248836 35
1445248836 35
1445248836 35
1445248836 35
1445248837 35
1445248837 35
1445248837 35
1445248838 35
1445248839 35
1445248839 35
1445248839 35
1445248839 35
1445248840 35
1445248841 35
1445248841 35
1445248841 35
1445248842 35
1445248842 35
1445248843 35
1445248843 35
1445248843 35
1445248844 35
1445248844 35
1445248844 35
1445248845 35
1445248845 35
1445248846 35
1445248846 35
1445248846 35
1445248847 35
1445248847 35
1445248847 35
1445248848 35
1445248848 35
1445248849 35
1445248849 35
1445248850 35
1445248850 35
1445248851 35
1445248851 35
1445248851 35
1445248851 35
1445248852 35
1445248853 35
1445248853 35
1445248853 35
1445248854 35
1445248854 35
1445248854 35
1445248854 35
1445248855 35
1445248856 35
1445248856 35
1445248856 35
1445248857 35
1445248857 35
1445248857 35
1445248857 35
1445248858 35
1445248859 35
1445248859 35
1445248859 35
1445248860 35
1445248860 35
1445248861 35
1445248861 35
1445248861 35
1445248862 35
1445248863 35
1445248863 35
1445248863 35
1445248863 35
1445248864 35
1445248864 35
1445248864 35
1445248865 35
1445248866 35
1445248866 35
1445248866 35
1445248866 35
1445248867 35
1445248867 35
1445248867 35
1445248868 35
1445248869 35
1445248869 35
1445248869 35
1445248870 35
1445248870 35
1445248871 35
1445248871 35
1445248871 35
1445248872 35
1445248872 35
1445248873 35
1445248873 35
1445248873 35
1445248874 35
1445248874 35
1445248874 35
1445248875 35
1445248875 35
1445248876 35
1445248876 35
1445248877 35
1445248877 35
1445248878 35
1445248878 35
1445248878 35
1445248878 35
1445248879 35
1445248880 35
1445248880 35
1445248880 35
1445248881 35
1445248881 35
1445248881 35
1445248881 35
1445248882 35
1445248883 35
1445248883 35
1445248883 35
1445248884 35
1445248884 35
1445248884 35
1445248884 35
1445248885 35
1445248886 35
1445248887 35
1445248887 35
1445248887 35
1445248887 35
1445248888 35
1445248888 35
1445248889 35
1445248889 35
1445248889 35
1445248889 35
1445248889 35
1445248889 35
1445248889 35
1445248889 35
1445248889 35
1445248889 35
1445248889 35
1445248889 35
1445248889 35
1445248889 35
1445248889 35
1445248889 35
1445248889 35
1445248889 35
1445248889 89
1445248889 35
1445248889 35
1445248889 36
1445248889 164
1445248889 106
1445248889 4
1445248889 106
1445248889 106
1445248889 61
1445248889 15
1445248889 61
1445248889 61
1445248889 61
1445248889 61
1445248889 35
1445248890 35
1445248890 35
1445248890 35
1445248891 35
1445248891 35
1445248891 35
1445248891 113
1445248891 119
1445248891 170
1445248891 35
1445248891 35
1445248891 113
1445248891 119
1445248891 170
1445248891 35
1445248891 35
1445248892 35
1445248892 35
1445248893 35
1445248893 35
1445248894 35
1445248894 35
1445248895 35
1445248895 35
1445248896 35
1445248897 35
1445248897 35
1445248897 35
1445248898 35
1445248898 35
1445248899 35
1445248900 35
1445248900 35
1445248900 35
1445248900 35
1445248901 35
1445248901 35
1445248902 35
1445248903 35
1445248903 35
1445248903 35
1445248904 35
1445248904 35
1445248905 35
1445248906 35
1445248906 35
1445248906 35
1445248907 35
1445248908 35
1445248908 35
1445248909 35
1445248909 35
1445248909 35
1445248910 35
1445248911 35
1445248911 35
1445248912 35
1445248912 35
1445248913 35
1445248913 35
1445248914 35
1445248914 35
1445248915 35
1445248915 35
1445248916 35
1445248916 35
1445248917 35
1445248917 35
1445248918 35
1445248918 35
1445248918 35
1445248918 35
1445248918 35
1445248918 35
1445248918 35
1445248918 35
1445248918 35
1445248918 35
1445248918 35
1445248918 35
1445248918 35
1445248918 35
1445248918 35
1445248918 35
1445248918 35
1445248918 35
1445248918 35
1445248918 89
1445248918 35
1445248918 35
1445248918 36
1445248918 164
1445248918 106
1445248918 4
1445248918 106
1445248918 106
1445248918 61
1445248918 15
1445248918 61
1445248918 61
1445248918 61
1445248918 61
1445248919 35
1445248919 35
1445248920 35
1445248920 35
1445248920 35
1445248920 113
1445248920 119
1445248920 170
1445248920 35
1445248920 35
1445248920 113
1445248920 119
1445248920 170
1445248920 35
1445248921 35
1445248921 35
1445248922 35
1445248923 35
1445248924 35
1445248924 35
1445248925 35
1445248926 35
1445248927 35
1445248927 35
1445248928 35
1445248929 35
1445248929 35
1445248929 35
1445248930 35
1445248933 35
1445248936 35
1445248939 35
1445248942 35
1445248945 35
1445248948 35
1445248951 35
1445248954 35
1445248957 35
1445248960 35
1445248963 35
1445248966 35
1445248969 35
1445248973 35
1445248976 35
1445248979 35
1445248982 35
1445248985 35
1445248988 35
1445248991 35
1445248994 35
1445248997 35
1445249000 35
1445249000 35
1445249000 35
1445249000 35
1445249000 35
1445249000 35
1445249000 35
1445249000 35
1445249000 35
1445249000 35
1445249000 35
1445249000 35
1445249001 35
1445249001 35
1445249001 35
1445249001 35
1445249001 35
1445249001 35
1445249001 35
1445249001 35
1445249001 35
1445249001 35
1445249001 35
1445249001 35
1445249001 35
1445249001 35
1445249001 35
1445249001 35
1445249001 35
1445249001 17
1445249001 35
1445249001 17
1445249001 35
1445249001 130
1445249001 35
1445249001 130
1445249001 35
1445249001 34
1445249001 70
1445249001 35
1445249001 34
1445249001 130
1445249001 35
1445249001 34
1445249001 17
1445249001 35
1445249001 35
1445249001 35
1445249001 35
1445249002 35
1445249002 35
1445249002 35
1445249002 35
1445249002 35
1445249002 35
