1445162637 23
1445162637 13
1445162637 15
1445162637 20
1445162637 7
1445162637 6
1445162637 4
1445162638 5
1445162638 8
1445162638 11
1445162638 10
1445162638 29
1445162638 12
1445162638 22
1445162638 24
1445162638 19
1445162638 14
1445162641 21
1445162641 16
1445162641 18
1445162641 29
1445162651 25
1445162651 17
1445162653 21
1445162653 16
1445162653 18
1445162653 29
1445162664 25
1445162664 17
1445162666 21
1445162666 16
1445162666 18
1445162666 29
1445162676 25
1445162676 17
1445162677 21
1445162677 16
1445162677 18
1445162677 29
1445162688 25
1445162688 17
1445162689 21
1445162689 16
1445162689 18
1445162689 29
1445162699 25
1445162699 17
1445162701 21
1445162701 16
1445162701 18
1445162701 29
1445162710 25
1445162710 17
1445162711 21
1445162711 16
1445162711 18
1445162711 29
1445162722 25
1445162722 17
1445162754 1
1445162754 35
1445162754 34
1445162754 34
1445162754 32
1445162754 43
1445162754 38
1445162754 42
1445162754 40
1445162754 26
1445162754 48
1445162754 46
1445162754 37
1445162754 41
1445162754 9
1445162754 45
1445162754 49
1445162754 47
1445162754 50
1445162754 44
1445162754 31
1445162754 36
1445162754 39
1445162754 39
1445162754 55
1445162754 55
1445162754 28
1445162754 51
1445162754 54
1445162754 53
1445162754 30
1445162754 33
1445162754 -1
1445162754 2
1445162754 35
1445162754 34
1445162754 34
1445162754 32
1445162754 43
1445162754 27
1445162754 52
1445162754 9
1445162754 45
1445162754 49
1445162754 47
1445162754 50
1445162754 44
1445162754 31
1445162754 36
1445162754 39
1445162754 39
1445162754 55
1445162754 55
1445162754 28
1445162754 51
1445162754 54
1445162754 53
1445162754 30
1445162754 33
1445162754 -1
1445162774 3
1445162794 3
1445162814 3
1445162834 3
1445162854 3
1445162874 3
1445162894 3
1445162914 3
1445162934 3
1445162954 3
1445162974 3
1445162994 3
1445163014 3
1445163034 3
1445163054 3
1445163074 3
1445163094 3
1445163114 3
1445163134 3
1445163154 3
1445163174 3
1445163194 3
1445163214 3
1445163234 3
1445163254 3
1445163274 3
1445163294 3
1445163314 3
1445163334 3
1445163354 3
1445163374 3
1445163394 3
1445163414 3
