1445072794 25
1445072794 10
1445072794 14
1445072794 20
1445072794 6
1445072794 4
1445072794 2
1445072795 3
1445072795 8
1445072795 11
1445072796 7
1445072796 28
1445072796 13
1445072796 22
1445072796 21
1445072796 19
1445072796 9
1445072798 23
1445072798 16
1445072798 17
1445072798 28
1445072807 26
1445072807 15
1445072810 23
1445072810 16
1445072810 17
1445072810 28
1445072818 26
1445072818 15
1445072820 23
1445072820 16
1445072820 17
1445072820 28
1445072830 26
1445072830 15
1445072832 23
1445072832 16
1445072832 17
1445072832 28
1445072841 26
1445072841 15
1445072843 23
1445072843 16
1445072843 17
1445072843 28
1445072852 26
1445072852 15
1445072853 23
1445072853 16
1445072853 17
1445072853 28
1445072863 26
1445072863 15
1445072864 23
1445072864 16
1445072864 17
1445072864 28
1445072872 26
1445072872 15
1445072873 12
1445072873 23
1445072873 16
1445072873 17
1445072880 27
1445072880 18
1445072880 1
1445072918 5
1445072918 24
