1445072794 8
1445072794 147
1445072794 16
1445072794 102
1445072794 83
1445072794 8
1445072794 147
1445072795 160
1445072795 82
1445072795 67
1445072796 22
1445072796 102
1445072796 3
1445072796 75
1445072796 25
1445072796 25
1445072796 154
1445072798 102
1445072798 25
1445072798 25
1445072798 102
1445072807 75
1445072807 25
1445072810 102
1445072810 25
1445072810 25
1445072810 102
1445072818 75
1445072818 25
1445072820 102
1445072820 25
1445072820 25
1445072820 102
1445072830 75
1445072830 25
1445072832 102
1445072832 25
1445072832 25
1445072832 102
1445072841 75
1445072841 25
1445072843 102
1445072843 25
1445072843 25
1445072843 102
1445072852 75
1445072852 25
1445072853 102
1445072853 25
1445072853 25
1445072853 102
1445072863 75
1445072863 25
1445072864 102
1445072864 25
1445072864 25
1445072864 102
1445072872 75
1445072872 25
1445072873 67
1445072873 102
1445072873 25
1445072873 25
1445072880 75
1445072880 102
1445072880 160
1445072918 129
1445072918 3
