1445162517 24
1445162517 11
1445162517 17
1445162517 19
1445162517 6
1445162517 5
1445162517 2
1445162518 4
1445162518 7
1445162518 9
1445162518 8
1445162518 28
1445162518 10
1445162518 25
1445162518 18
1445162518 23
1445162518 13
1445162522 21
1445162522 14
1445162522 16
1445162522 28
1445162532 27
1445162532 15
1445162533 21
1445162533 14
1445162533 16
1445162533 28
1445162543 27
1445162543 15
1445162545 21
1445162545 14
1445162545 16
1445162545 28
1445162554 27
1445162554 15
1445162556 21
1445162556 14
1445162556 16
1445162556 28
1445162566 27
1445162566 15
1445162568 21
1445162568 14
1445162568 16
1445162568 28
1445162578 27
1445162578 15
1445162580 21
1445162580 14
1445162580 16
1445162580 28
1445162589 27
1445162589 15
1445162590 21
1445162590 14
1445162590 16
1445162590 28
1445162600 27
1445162600 15
1445162601 12
1445162601 21
1445162601 14
1445162601 16
1445162608 26
1445162608 20
1445162608 1
1445162634 3
1445162634 22
