1445162517 8
1445162517 147
1445162517 16
1445162517 102
1445162517 83
1445162517 8
1445162517 147
1445162518 160
1445162518 82
1445162518 67
1445162518 22
1445162518 102
1445162518 3
1445162518 75
1445162518 25
1445162518 25
1445162518 154
1445162522 102
1445162522 25
1445162522 25
1445162522 102
1445162532 75
1445162532 25
1445162533 102
1445162533 25
1445162533 25
1445162533 102
1445162543 75
1445162543 25
1445162545 102
1445162545 25
1445162545 25
1445162545 102
1445162554 75
1445162554 25
1445162556 102
1445162556 25
1445162556 25
1445162556 102
1445162566 75
1445162566 25
1445162568 102
1445162568 25
1445162568 25
1445162568 102
1445162578 75
1445162578 25
1445162580 102
1445162580 25
1445162580 25
1445162580 102
1445162589 75
1445162589 25
1445162590 102
1445162590 25
1445162590 25
1445162590 102
1445162600 75
1445162600 25
1445162601 67
1445162601 102
1445162601 25
1445162601 25
1445162608 75
1445162608 102
1445162608 160
1445162634 129
1445162634 3
