1445071674 19
1445071675 9
1445071675 14
1445071675 17
1445071675 4
1445071675 3
1445071678 1
1445071680 2
1445071684 5
1445071684 7
1445071688 6
1445071689 21
1445071689 8
1445071689 15
1445071689 20
1445071689 18
1445071689 10
1445071710 16
1445071710 11
1445071710 12
1445071710 21
1445071758 22
1445071759 13
1445071766 16
1445071766 11
1445071766 12
1445071766 21
1445071811 22
1445071811 13
1445071819 16
1445071819 11
1445071819 12
1445071819 21
1445071862 22
1445071862 13
1445071869 16
1445071869 11
1445071869 12
1445071869 21
1445071916 22
1445071917 13
1445071924 16
1445071924 11
1445071924 12
1445071924 21
