1445071674 8
1445071675 147
1445071675 16
1445071675 102
1445071675 83
1445071675 8
1445071678 147
1445071680 160
1445071684 82
1445071684 67
1445071688 22
1445071689 102
1445071689 3
1445071689 75
1445071689 25
1445071689 25
1445071689 154
1445071710 102
1445071710 25
1445071710 25
1445071710 102
1445071758 75
1445071759 25
1445071766 102
1445071766 25
1445071766 25
1445071766 102
1445071811 75
1445071811 25
1445071819 102
1445071819 25
1445071819 25
1445071819 102
1445071862 75
1445071862 25
1445071869 102
1445071869 25
1445071869 25
1445071869 102
1445071916 75
1445071917 25
1445071924 102
1445071924 25
1445071924 25
1445071924 102
