1445071674 17
1445071675 11
1445071675 14
1445071675 23
1445071675 5
1445071675 4
1445071676 2
1445071678 3
1445071679 7
1445071680 12
1445071680 6
1445071680 26
1445071680 10
1445071680 19
1445071680 21
1445071680 18
1445071680 8
1445071698 22
1445071698 16
1445071698 15
1445071698 26
1445071717 24
1445071717 13
1445071732 22
1445071732 16
1445071732 15
1445071732 26
1445071754 24
1445071754 13
1445071784 22
1445071784 16
1445071784 15
1445071784 26
1445071806 24
1445071806 13
1445071822 22
1445071822 16
1445071822 15
1445071822 26
1445071843 24
1445071843 13
1445071860 22
1445071860 16
1445071860 15
1445071860 26
1445071875 24
1445071875 13
1445071899 22
1445071899 16
1445071899 15
1445071899 26
1445071924 24
1445071924 13
1445071941 22
1445071941 16
1445071941 15
1445071941 26
1445071956 24
1445071956 13
1445071970 9
1445071970 22
1445071970 16
1445071970 15
1445071991 25
1445071991 20
1445071991 1
