1445175300 43
1445175300 36
1445175300 38
1445175301 42
1445175301 27
1445175301 20
1445175302 9
1445175302 24
1445175303 31
1445175303 35
1445175303 34
1445175303 28
1445175303 26
1445175303 17
1445175303 15
1445175303 16
1445175305 1
1445175305 18
1445175305 5
1445175307 25
1445175321 16
1445175353 16
1445175353 6
1445175353 17
1445175353 15
1445175353 1
1445175353 18
1445175353 5
1445175354 16
1445175354 17
1445175354 15
1445175354 1
1445175354 18
1445175354 5
1445175356 25
1445175356 18
1445175356 5
1445175357 25
1445175357 14
1445175358 25
1445175358 18
1445175358 5
1445175359 25
1445175359 7
1445175359 17
1445175359 15
1445175359 1
1445175359 18
1445175359 5
1445175360 25
1445175360 11
1445175423 16
1445175423 17
1445175423 15
1445175423 1
1445175423 18
1445175423 5
1445175427 25
1445175428 12
1445175438 16
1445175438 17
1445175438 15
1445175438 1
1445175438 18
1445175438 5
1445175441 25
1445175468 16
1445175468 17
1445175468 15
1445175468 13
1445175477 1
1445175477 18
1445175477 5
1445175479 25
1445175479 10
1445175508 16
1445175508 17
1445175508 15
1445175508 1
1445175508 18
1445175508 5
1445175511 25
1445175514 4
1445175515 8
1445175523 32
1445175523 30
1445175523 41
1445175524 3
1445175525 19
1445175737 21
1445175737 48
1445175737 46
1445175737 45
1445175737 47
1445175737 23
1445175737 29
1445175929 22
1445175929 33
1445175929 2
1445175929 44
1445175929 40
1445175929 39
1445175929 37
