1445247586 21
1445247586 11
1445247586 18
1445247586 20
1445247586 7
1445247587 6
1445247591 4
1445247592 5
1445247595 9
1445247595 13
1445247599 10
1445247599 27
1445247599 12
1445247599 19
1445247599 23
1445247599 22
1445247599 14
1445247654 24
1445247654 17
1445247654 15
1445247654 27
1445247690 1
1445247690 33
1445247690 37
1445247690 37
1445247690 32
1445247690 34
1445247690 28
1445247690 43
1445247690 8
1445247690 42
1445247690 38
1445247690 40
1445247690 39
1445247690 41
1445247690 31
1445247690 35
1445247690 36
1445247690 36
1445247690 45
1445247690 45
1445247690 26
1445247690 44
1445247690 46
1445247690 47
1445247690 29
1445247690 30
1445247690 -1
1445247696 25
1445247696 16
1445247704 24
1445247704 17
1445247704 15
1445247704 27
1445247714 3
1445247734 3
1445247747 25
1445247747 16
1445247753 24
1445247753 17
1445247753 15
1445247753 27
1445247754 3
1445247774 3
1445247794 3
1445247795 25
1445247795 16
1445247801 24
1445247801 17
1445247801 15
1445247801 27
1445247814 3
1445247834 3
1445247846 25
1445247846 16
1445247853 24
1445247853 17
1445247853 15
1445247853 27
1445247854 3
1445247874 3
1445247894 3
1445247904 25
1445247904 16
1445247911 24
1445247911 17
1445247911 15
1445247911 27
1445247914 3
1445247934 3
1445247954 3
1445247955 25
1445247955 16
1445247961 24
1445247961 17
1445247961 15
1445247961 27
1445247974 3
1445247995 3
1445248001 25
1445248001 16
1445248015 3
1445248035 3
1445248055 3
1445248075 3
1445248095 3
1445248115 3
1445248135 3
1445248155 3
1445248174 2
1445248194 2
1445248214 2
1445248233 2
1445248253 2
1445248273 2
1445248292 2
1445248312 2
1445248332 2
1445248352 2
