1445247586 8
1445247586 147
1445247586 16
1445247586 102
1445247586 83
1445247587 8
1445247591 147
1445247592 160
1445247595 82
1445247595 67
1445247599 22
1445247599 102
1445247599 3
1445247599 75
1445247599 25
1445247599 25
1445247599 154
1445247654 102
1445247654 25
1445247654 25
1445247654 102
1445247690 20
1445247690 53
1445247690 15
1445247690 15
1445247690 44
1445247690 12
1445247690 91
1445247690 31
1445247690 36
1445247690 164
1445247690 106
1445247690 4
1445247690 106
1445247690 106
1445247690 144
1445247690 53
1445247690 53
1445247690 53
1445247690 51
1445247690 51
1445247690 152
1445247690 51
1445247690 136
1445247690 51
1445247690 152
1445247690 15
1445247690 170
1445247696 75
1445247696 25
1445247704 102
1445247704 25
1445247704 25
1445247704 102
1445247714 33
1445247734 33
1445247747 75
1445247747 25
1445247753 102
1445247753 25
1445247753 25
1445247753 102
1445247754 33
1445247774 33
1445247794 33
1445247795 75
1445247795 25
1445247801 102
1445247801 25
1445247801 25
1445247801 102
1445247814 33
1445247834 33
1445247846 75
1445247846 25
1445247853 102
1445247853 25
1445247853 25
1445247853 102
1445247854 33
1445247874 33
1445247894 33
1445247904 75
1445247904 25
1445247911 102
1445247911 25
1445247911 25
1445247911 102
1445247914 33
1445247934 33
1445247954 33
1445247955 75
1445247955 25
1445247961 102
1445247961 25
1445247961 25
1445247961 102
1445247974 33
1445247995 33
1445248001 75
1445248001 25
1445248015 33
1445248035 33
1445248055 33
1445248075 33
1445248095 33
1445248115 33
1445248135 33
1445248155 33
1445248174 169
1445248194 169
1445248214 169
1445248233 169
1445248253 169
1445248273 169
1445248292 169
1445248312 169
1445248332 169
1445248352 169
