1445247565 20
1445247565 9
1445247565 16
1445247565 18
1445247565 6
1445247565 4
1445247566 2
1445247566 5
1445247567 7
1445247567 13
1445247567 8
1445247568 28
1445247568 10
1445247568 24
1445247568 23
1445247568 19
1445247568 11
1445247572 22
1445247572 17
1445247572 15
1445247572 28
1445247582 27
1445247582 14
1445247585 22
1445247585 17
1445247585 15
1445247585 28
1445247595 27
1445247595 14
1445247598 22
1445247598 17
1445247598 15
1445247598 28
1445247609 27
1445247609 14
1445247611 22
1445247611 17
1445247611 15
1445247611 28
1445247621 27
1445247621 14
1445247623 22
1445247623 17
1445247623 15
1445247623 28
1445247634 27
1445247634 14
1445247637 22
1445247637 17
1445247637 15
1445247637 28
1445247646 27
1445247646 14
1445247649 22
1445247649 17
1445247649 15
1445247649 28
1445247657 27
1445247657 14
1445247659 12
1445247659 22
1445247659 17
1445247659 15
1445247667 26
1445247667 25
1445247667 1
1445247695 3
1445247696 21
