1445175501 20
1445175501 10
1445175501 17
1445175501 23
1445175501 6
1445175502 5
1445175502 2
1445175502 4
1445175503 8
1445175503 9
1445175503 7
1445175503 28
1445175503 11
1445175503 18
1445175503 19
1445175503 21
1445175503 13
1445175504 24
1445175504 14
1445175504 15
1445175504 28
1445175514 27
1445175514 16
1445175515 24
1445175516 14
1445175516 15
1445175516 28
1445175525 27
1445175525 16
1445175526 24
1445175526 14
1445175526 15
1445175526 28
1445175536 27
1445175536 16
1445175537 24
1445175537 14
1445175537 15
1445175537 28
1445175547 27
1445175547 16
1445175548 12
1445175548 24
1445175548 14
1445175548 15
1445175556 26
1445175556 22
1445175556 1
1445175576 3
1445175576 25
