1445092137 28
1445092137 9
1445092137 18
1445092137 23
1445092137 6
1445092137 3
1445092138 2
1445092138 4
1445092139 7
1445092139 10
1445092139 8
1445092139 30
1445092139 13
1445092139 27
1445092139 21
1445092139 26
1445092139 12
1445092141 24
1445092141 19
1445092141 20
1445092141 30
1445092152 29
1445092152 16
1445092153 24
1445092153 19
1445092153 20
1445092153 30
1445092162 29
1445092162 16
1445092163 24
1445092163 19
1445092163 20
1445092163 30
1445092172 29
1445092172 16
1445092173 24
1445092173 19
1445092173 20
1445092173 30
1445092184 29
1445092184 16
1445092185 24
1445092185 19
1445092185 20
1445092185 30
1445092195 29
1445092195 16
1445092197 24
1445092197 19
1445092197 20
1445092197 30
1445092198 11
1445092213 29
1445092213 16
1445092213 24
1445092213 19
1445092213 20
1445092215 31
1445092215 22
1445092215 1
1445092337 5
1445092369 25
1445092369 17
1445092369 15
1445092369 14
