1445175956 8
1445175956 147
1445175956 16
1445175956 102
1445175956 83
1445175956 8
1445175957 147
1445175958 160
1445175958 82
1445175958 67
1445175959 22
1445175959 102
1445175959 3
1445175959 75
1445175959 25
1445175959 25
1445175959 154
1445175961 102
1445175961 25
1445175961 25
1445175961 102
1445175969 75
1445175969 25
1445175970 102
1445175970 25
1445175970 25
1445175970 102
1445175977 75
1445175977 25
1445175978 102
1445175978 25
1445175978 25
1445175978 102
1445175985 75
1445175985 25
1445175986 102
1445175986 25
1445175986 25
1445175986 102
1445175993 75
1445175993 25
1445175994 102
1445175994 25
1445175994 25
1445175994 102
1445176001 75
1445176001 25
1445176002 102
1445176002 25
1445176002 25
1445176002 102
1445176003 67
1445176011 75
1445176011 25
1445176011 102
1445176011 25
1445176011 25
1445176012 75
1445176012 102
1445176012 160
1445176033 129
1445176033 3
