1445236919 20
1445236919 9
1445236919 15
1445236919 23
1445236919 6
1445236919 5
1445236920 2
1445236920 3
1445236921 8
1445236921 11
1445236922 7
1445236922 28
1445236922 12
1445236922 19
1445236922 21
1445236922 24
1445236922 13
1445236924 22
1445236924 14
1445236924 17
1445236924 28
1445236936 26
1445236936 16
1445236937 22
1445236937 14
1445236937 17
1445236937 28
1445236946 26
1445236946 16
1445236947 22
1445236947 14
1445236947 17
1445236947 28
1445236957 26
1445236957 16
1445236958 22
1445236958 14
1445236958 17
1445236958 28
1445236968 26
1445236968 16
1445236969 22
1445236969 14
1445236969 17
1445236969 28
1445236979 26
1445236979 16
1445236980 22
1445236980 14
1445236980 17
1445236980 28
1445236981 10
1445236990 26
1445236990 16
1445236990 22
1445236990 14
1445236990 17
1445236992 27
1445236992 25
1445236992 1
1445237032 4
1445237032 18
