1445236919 8
1445236919 147
1445236919 16
1445236919 102
1445236919 83
1445236919 8
1445236920 147
1445236920 160
1445236921 82
1445236921 67
1445236922 22
1445236922 102
1445236922 3
1445236922 75
1445236922 25
1445236922 25
1445236922 154
1445236924 102
1445236924 25
1445236924 25
1445236924 102
1445236936 75
1445236936 25
1445236937 102
1445236937 25
1445236937 25
1445236937 102
1445236946 75
1445236946 25
1445236947 102
1445236947 25
1445236947 25
1445236947 102
1445236957 75
1445236957 25
1445236958 102
1445236958 25
1445236958 25
1445236958 102
1445236968 75
1445236968 25
1445236969 102
1445236969 25
1445236969 25
1445236969 102
1445236979 75
1445236979 25
1445236980 102
1445236980 25
1445236980 25
1445236980 102
1445236981 67
1445236990 75
1445236990 25
1445236990 102
1445236990 25
1445236990 25
1445236992 75
1445236992 102
1445236992 160
1445237032 129
1445237032 3
