1445175215 20
1445175215 9
1445175215 13
1445175215 18
1445175215 4
1445175216 2
1445175216 1
1445175218 3
1445175219 5
1445175219 10
1445175221 6
1445175221 21
1445175221 7
1445175221 15
1445175221 16
1445175221 19
1445175221 8
1445175238 17
1445175238 14
1445175238 11
1445175238 21
1445175277 22
1445175277 12
1445175281 17
1445175281 14
1445175281 11
1445175281 21
1445175319 22
1445175319 12
1445175324 17
1445175324 14
1445175324 11
1445175324 21
1445175363 22
1445175364 12
1445175368 17
1445175368 14
1445175368 11
1445175368 21
1445175406 22
1445175406 12
1445175410 17
1445175410 14
1445175410 11
1445175410 21
