1445175184 37
1445175184 37
1445175184 37
1445175184 37
1445175185 37
1445175185 37
1445175185 37
1445175185 37
1445175185 37
1445175185 37
1445175185 37
1445175185 37
1445175185 37
1445175185 37
1445175186 37
1445175186 37
1445175186 37
1445175186 37
1445175186 37
1445175186 37
1445175186 37
1445175186 37
1445175186 37
1445175186 37
1445175186 37
1445175186 37
1445175186 37
1445175186 37
1445175186 37
1445175186 37
1445175186 37
1445175186 37
1445175186 37
1445175186 37
1445175187 10
1445175187 37
1445175187 37
1445175187 37
1445175187 37
1445175187 37
1445175187 37
1445175187 37
1445175187 35
1445175187 3
1445175187 28
1445175187 37
1445175187 37
1445175187 37
1445175187 37
1445175187 37
1445175187 37
1445175187 37
1445175187 37
1445175187 37
1445175187 37
1445175187 37
1445175187 37
1445175187 37
1445175187 37
1445175187 37
1445175188 37
1445175188 37
1445175188 37
1445175188 37
1445175188 37
1445175188 37
1445175188 37
1445175188 37
1445175188 37
1445175188 37
1445175188 37
1445175188 37
1445175188 37
1445175188 37
1445175188 37
1445175188 37
1445175188 37
1445175188 37
1445175188 37
1445175188 37
1445175188 37
1445175188 37
1445175188 37
1445175188 37
1445175188 37
1445175188 37
1445175188 37
1445175188 37
1445175188 37
1445175188 37
1445175188 37
1445175188 37
1445175188 37
1445175188 37
1445175188 37
1445175188 37
1445175188 37
1445175188 37
1445175188 37
1445175188 37
1445175188 37
1445175188 37
1445175188 37
1445175188 37
1445175188 37
1445175188 37
1445175188 37
1445175188 37
1445175188 37
1445175189 37
1445175189 37
1445175189 37
1445175190 37
1445175190 37
1445175190 37
1445175190 37
1445175190 37
1445175190 37
1445175190 37
1445175190 37
1445175190 37
1445175190 37
1445175190 37
1445175190 37
1445175190 37
1445175190 37
1445175190 37
1445175190 37
1445175190 37
1445175190 37
1445175190 37
1445175190 37
1445175190 37
1445175190 37
1445175190 37
1445175190 37
1445175190 37
1445175190 37
1445175190 37
1445175190 37
1445175190 37
1445175190 37
1445175190 37
1445175190 37
1445175190 37
1445175190 37
1445175190 37
1445175190 37
1445175190 37
1445175190 37
1445175190 37
1445175190 37
1445175190 37
1445175190 37
1445175190 37
1445175190 37
1445175190 37
1445175191 37
1445175191 37
1445175191 37
1445175191 37
1445175191 37
1445175191 37
1445175191 37
1445175191 37
1445175191 37
1445175191 37
1445175191 37
1445175191 37
1445175191 37
1445175191 37
1445175191 37
1445175191 37
1445175191 37
1445175191 37
1445175191 37
1445175191 37
1445175191 37
1445175191 37
1445175191 37
1445175191 37
1445175191 37
1445175191 37
1445175191 37
1445175191 37
1445175191 37
1445175191 37
1445175191 37
1445175191 37
1445175191 37
1445175192 37
1445175192 37
1445175193 37
1445175193 37
1445175193 37
1445175193 37
1445175193 37
1445175193 37
1445175193 37
1445175193 37
1445175193 37
1445175193 37
1445175193 37
1445175193 37
1445175193 37
1445175193 37
1445175193 37
1445175193 37
1445175194 37
1445175194 37
1445175194 37
1445175194 37
1445175194 37
1445175194 37
1445175194 37
1445175194 37
1445175194 37
1445175195 37
1445175195 37
1445175195 37
1445175195 37
1445175195 37
1445175195 37
1445175195 37
1445175195 37
1445175195 37
1445175195 37
1445175195 37
1445175195 37
1445175195 37
1445175195 37
1445175195 37
1445175195 37
1445175195 37
1445175195 37
1445175195 37
1445175195 37
1445175196 37
1445175196 37
1445175196 37
1445175196 37
1445175196 37
1445175196 37
1445175196 37
1445175196 37
1445175196 37
1445175196 37
1445175196 37
1445175196 37
1445175196 37
1445175196 37
1445175196 37
1445175196 37
1445175196 37
1445175197 37
1445175197 37
1445175197 37
1445175197 37
1445175197 37
1445175197 37
1445175197 37
1445175197 37
1445175197 37
1445175198 37
1445175198 37
1445175198 37
1445175198 37
1445175199 37
1445175199 37
1445175200 37
1445175200 37
1445175202 37
1445175202 37
1445175202 37
1445175202 37
1445175202 37
1445175203 37
1445175203 37
1445175203 37
1445175203 37
1445175204 37
1445175204 37
1445175204 37
1445175204 37
1445175204 37
1445175205 37
1445175205 37
1445175205 37
1445175205 37
1445175205 37
1445175206 37
1445175206 37
1445175206 37
1445175206 37
1445175207 37
1445175207 37
1445175207 37
1445175207 37
1445175207 37
1445175208 37
1445175208 37
1445175208 37
1445175208 37
1445175209 37
1445175209 37
1445175209 37
1445175209 37
1445175209 37
1445175210 37
1445175210 37
1445175211 37
1445175211 37
1445175211 37
1445175211 37
1445175212 37
1445175212 37
1445175212 37
1445175212 37
1445175212 37
1445175212 37
1445175213 37
1445175213 37
1445175214 37
1445175214 37
1445175214 37
1445175214 37
1445175215 37
1445175215 37
1445175215 37
1445175215 37
1445175216 37
1445175216 37
1445175216 37
1445175216 37
1445175216 37
1445175217 37
1445175217 37
1445175217 37
1445175217 37
1445175218 37
1445175218 37
1445175218 37
1445175218 37
1445175218 37
1445175219 37
1445175219 37
1445175219 37
1445175220 37
1445175220 37
1445175220 37
1445175220 37
1445175221 37
1445175221 37
1445175221 37
1445175221 37
1445175221 37
1445175222 37
1445175222 37
1445175222 37
1445175223 37
1445175223 37
1445175223 37
1445175223 37
1445175224 37
1445175224 37
1445175224 37
1445175224 37
1445175224 37
1445175225 37
1445175225 37
1445175225 37
1445175226 37
1445175226 37
1445175226 37
1445175226 37
1445175227 37
1445175227 37
1445175227 37
1445175227 37
1445175227 37
1445175227 37
1445175228 37
1445175228 37
1445175229 37
1445175229 37
1445175229 37
1445175229 37
1445175229 37
1445175230 37
1445175230 37
1445175230 37
1445175230 37
1445175230 37
1445175231 37
1445175231 37
1445175231 37
1445175232 37
1445175232 37
1445175232 37
1445175232 37
1445175232 37
1445175233 37
1445175233 37
1445175233 37
1445175233 37
1445175233 37
1445175234 37
1445175234 37
1445175234 37
1445175234 37
1445175235 37
1445175235 37
1445175235 37
1445175235 37
1445175235 37
1445175236 37
1445175236 37
1445175236 37
1445175236 37
1445175236 37
1445175236 37
1445175237 37
1445175237 37
1445175237 37
1445175238 37
1445175238 37
1445175238 37
1445175238 37
1445175238 37
1445175239 37
1445175239 37
1445175239 37
1445175239 37
1445175239 37
1445175239 37
1445175240 37
1445175240 37
1445175240 37
1445175241 37
1445175241 37
1445175241 37
1445175242 37
1445175242 37
1445175242 37
1445175242 37
1445175242 37
1445175242 37
1445175243 37
1445175243 37
1445175244 37
1445175244 37
1445175244 37
1445175244 37
1445175244 37
1445175244 37
1445175245 37
1445175245 37
1445175245 37
1445175245 37
1445175245 37
1445175245 37
1445175246 37
1445175246 37
1445175246 37
1445175247 37
1445175247 37
1445175247 37
1445175247 37
1445175248 37
1445175248 37
1445175248 37
1445175248 37
1445175248 37
1445175248 37
1445175248 37
1445175249 37
1445175249 37
1445175249 37
1445175250 37
1445175250 37
1445175250 37
1445175250 37
1445175250 37
1445175251 37
1445175251 37
1445175251 37
1445175251 37
1445175251 37
1445175252 37
1445175252 37
1445175252 37
1445175252 37
1445175253 37
1445175253 37
1445175253 37
1445175253 37
1445175253 37
1445175254 37
1445175254 37
1445175254 37
1445175254 37
1445175255 37
1445175255 37
1445175255 37
1445175255 37
1445175256 37
1445175256 37
1445175256 37
1445175256 37
1445175256 37
1445175256 37
1445175257 37
1445175257 37
1445175257 37
1445175257 37
1445175257 37
1445175257 37
1445175257 37
1445175257 37
1445175257 37
1445175258 37
1445175258 37
1445175258 37
1445175259 37
1445175259 37
1445175259 37
1445175260 37
1445175260 37
1445175260 37
1445175260 37
1445175260 37
1445175260 37
1445175260 37
1445175260 37
1445175261 37
1445175261 37
1445175261 37
1445175261 37
1445175262 37
1445175262 37
1445175263 37
1445175263 37
1445175263 37
1445175263 37
1445175263 37
1445175263 37
1445175263 37
1445175263 37
1445175263 37
1445175264 37
1445175264 37
1445175265 37
1445175265 37
1445175265 37
1445175265 37
1445175266 37
1445175266 37
1445175266 37
1445175266 37
1445175266 37
1445175266 37
1445175266 37
1445175267 37
1445175267 37
1445175267 37
1445175267 37
1445175268 37
1445175268 37
1445175268 37
1445175269 37
1445175269 37
1445175269 37
1445175269 37
1445175269 37
1445175269 37
1445175269 37
1445175269 37
1445175270 37
1445175270 37
1445175270 37
1445175271 37
1445175271 37
1445175271 37
1445175272 37
1445175272 37
1445175272 37
1445175272 37
1445175272 37
1445175272 37
1445175272 37
1445175273 37
1445175273 37
1445175273 37
1445175273 37
1445175273 37
1445175273 37
1445175273 37
1445175273 37
1445175273 37
1445175273 37
1445175273 37
1445175273 37
1445175273 37
1445175273 37
1445175273 37
1445175273 37
1445175273 37
1445175274 37
1445175274 37
1445175275 37
1445175275 37
1445175275 37
1445175275 37
1445175275 37
1445175275 37
1445175276 37
1445175277 37
1445175277 37
1445175277 37
1445175277 37
1445175278 37
1445175278 37
1445175278 37
1445175278 37
1445175278 37
1445175278 37
1445175278 37
1445175280 37
1445175280 37
1445175281 37
1445175281 37
1445175281 37
1445175281 37
1445175281 37
1445175282 37
1445175282 37
1445175284 37
1445175284 37
1445175284 37
1445175284 37
1445175284 37
1445175284 37
1445175284 37
1445175285 37
1445175285 37
1445175286 37
1445175287 37
1445175287 37
1445175287 37
1445175288 37
1445175288 37
1445175288 37
1445175288 37
1445175288 37
1445175289 37
1445175290 37
1445175290 37
1445175290 37
1445175291 37
1445175291 37
1445175291 37
1445175291 37
1445175292 37
1445175292 37
1445175293 37
1445175293 37
1445175293 37
1445175294 37
1445175294 37
1445175294 37
1445175294 37
1445175294 37
1445175294 37
1445175294 37
1445175294 37
1445175294 37
1445175294 37
1445175294 37
1445175294 37
1445175294 37
1445175294 37
1445175294 37
1445175294 37
1445175294 37
1445175295 37
1445175295 37
1445175295 37
1445175295 37
1445175295 37
1445175295 37
1445175295 37
1445175295 37
1445175295 37
1445175295 37
1445175295 37
1445175295 37
1445175295 37
1445175296 37
1445175296 37
1445175296 37
1445175296 37
1445175296 37
1445175296 37
1445175296 37
1445175296 37
1445175296 37
1445175296 37
1445175296 37
1445175296 37
1445175296 37
1445175296 34
1445175296 31
1445175296 -1
1445175296 37
1445175296 37
1445175296 34
1445175296 31
1445175296 -1
1445175297 37
1445175297 37
1445175297 37
1445175297 37
1445175297 37
1445175297 37
1445175297 37
1445175297 37
1445175297 37
1445175297 37
1445175297 37
1445175297 37
1445175297 37
1445175297 37
1445175297 37
1445175297 37
1445175297 37
1445175297 37
1445175297 37
1445175298 37
1445175298 37
1445175299 37
1445175300 37
1445175300 37
1445175301 37
1445175301 37
1445175301 37
1445175301 37
1445175301 37
1445175303 37
1445175303 37
1445175303 37
1445175304 37
1445175304 37
1445175304 37
1445175305 37
1445175305 37
1445175306 37
1445175306 37
1445175307 37
1445175307 37
1445175307 37
1445175308 37
1445175308 37
1445175309 37
1445175309 37
1445175309 37
1445175310 37
1445175311 37
1445175311 37
1445175311 37
1445175312 37
1445175312 37
1445175312 37
1445175313 37
1445175314 37
1445175314 37
1445175315 37
1445175315 37
1445175315 37
1445175315 37
1445175316 37
1445175317 37
1445175317 37
1445175317 37
1445175318 37
1445175318 37
1445175318 37
1445175319 37
1445175319 37
1445175320 37
1445175320 37
1445175320 37
1445175320 37
1445175320 37
1445175320 37
1445175320 37
1445175320 37
1445175320 37
1445175320 37
1445175320 37
1445175320 37
1445175320 37
1445175320 37
1445175320 37
1445175321 37
1445175321 37
1445175322 37
1445175322 37
1445175323 37
1445175323 37
1445175324 37
1445175324 37
1445175324 37
1445175324 37
1445175325 37
1445175326 37
1445175326 37
1445175326 37
1445175327 37
1445175327 37
1445175327 37
1445175328 37
1445175328 37
1445175329 37
1445175329 37
1445175330 37
1445175330 37
1445175330 37
1445175331 37
1445175331 37
1445175331 37
1445175331 37
1445175331 37
1445175331 37
1445175331 37
1445175331 37
1445175331 37
1445175331 37
1445175331 37
1445175331 37
1445175331 37
1445175331 37
1445175331 37
1445175331 37
1445175331 37
1445175331 37
1445175331 37
1445175332 37
1445175332 37
1445175332 37
1445175332 37
1445175332 37
1445175332 37
1445175332 37
1445175332 37
1445175332 37
1445175332 37
1445175332 34
1445175332 31
1445175332 -1
1445175332 37
1445175332 37
1445175332 34
1445175332 31
1445175332 -1
1445175332 37
1445175332 37
1445175332 37
1445175332 37
1445175332 37
1445175332 37
1445175332 37
1445175332 37
1445175332 37
1445175332 37
1445175332 37
1445175332 37
1445175332 37
1445175332 37
1445175332 37
1445175332 37
1445175332 37
1445175333 37
1445175333 37
1445175333 37
1445175333 37
1445175333 37
1445175333 34
1445175333 31
1445175333 -1
1445175333 37
1445175333 37
1445175334 37
1445175334 37
1445175335 37
1445175336 37
1445175336 37
1445175337 37
1445175337 37
1445175337 37
1445175337 37
1445175338 37
1445175339 37
1445175339 37
1445175340 37
1445175340 37
1445175340 37
1445175340 37
1445175340 37
1445175340 37
1445175340 37
1445175340 37
1445175340 37
1445175340 37
1445175340 37
1445175340 37
1445175340 37
1445175340 37
1445175340 37
1445175340 34
1445175340 31
1445175340 -1
1445175340 37
1445175340 37
1445175340 37
1445175340 37
1445175340 37
1445175340 37
1445175340 37
1445175341 37
1445175341 37
1445175341 37
1445175341 37
1445175341 37
1445175341 37
1445175341 37
1445175343 37
1445175343 37
1445175343 37
1445175343 37
1445175343 37
1445175344 37
1445175344 37
1445175345 37
1445175346 37
1445175347 37
1445175347 37
1445175347 37
1445175347 37
1445175347 37
1445175347 37
1445175347 37
1445175347 37
1445175348 37
1445175348 37
1445175348 37
1445175349 37
1445175350 37
1445175350 37
1445175350 37
1445175351 37
1445175352 37
1445175353 37
1445175353 37
1445175354 37
1445175354 37
1445175354 37
1445175355 37
1445175355 37
1445175356 37
1445175356 37
1445175356 37
1445175356 37
1445175357 37
1445175358 37
1445175358 37
1445175358 37
1445175358 37
1445175358 37
1445175358 37
1445175358 37
1445175358 37
1445175358 37
1445175358 37
1445175358 37
1445175358 37
1445175358 37
1445175358 37
1445175358 37
1445175358 37
1445175358 37
1445175359 37
1445175359 37
1445175359 37
1445175359 37
1445175360 37
1445175360 37
1445175361 37
1445175361 37
1445175361 37
1445175361 37
1445175361 37
1445175361 37
1445175362 37
1445175362 37
1445175362 37
1445175362 37
1445175362 37
1445175362 37
1445175362 37
1445175362 37
1445175362 37
1445175362 37
1445175363 37
1445175363 37
1445175363 37
1445175363 37
1445175364 37
1445175364 37
1445175364 37
1445175364 37
1445175365 37
1445175365 37
1445175365 37
1445175366 37
1445175366 37
1445175367 37
1445175367 37
1445175367 37
1445175367 37
1445175368 37
1445175368 37
1445175368 37
1445175369 37
1445175369 37
1445175370 37
1445175370 37
1445175370 37
1445175370 37
1445175370 37
1445175371 37
1445175371 37
1445175371 37
1445175372 37
1445175373 37
1445175373 37
1445175373 37
1445175373 37
1445175373 37
1445175374 37
1445175374 37
1445175374 37
1445175374 37
1445175374 37
1445175375 37
1445175376 37
1445175376 37
1445175376 37
1445175376 37
1445175377 37
1445175377 37
1445175377 37
1445175377 37
1445175378 37
1445175378 37
1445175378 37
1445175379 37
1445175379 37
1445175379 37
1445175380 37
1445175380 37
1445175380 37
1445175380 37
1445175380 37
1445175381 37
1445175382 37
1445175382 37
1445175382 37
1445175382 37
1445175382 37
1445175383 37
1445175383 37
1445175383 37
1445175384 37
1445175384 37
1445175384 37
1445175385 37
1445175385 37
1445175385 37
1445175385 37
1445175386 37
1445175386 37
1445175386 37
1445175386 37
1445175387 37
1445175388 37
1445175388 37
1445175388 37
1445175388 37
1445175388 37
1445175389 37
1445175389 37
1445175389 37
1445175389 37
1445175389 37
1445175390 37
1445175391 37
1445175391 37
1445175391 37
1445175391 37
1445175392 37
1445175392 37
1445175392 37
1445175392 37
1445175393 37
1445175393 37
1445175393 37
1445175393 37
1445175394 37
1445175394 37
1445175394 37
1445175395 37
1445175395 37
1445175395 37
1445175396 37
1445175396 37
1445175396 37
1445175396 37
1445175397 37
1445175397 37
1445175397 37
1445175397 37
1445175397 37
1445175398 37
1445175398 37
1445175399 37
1445175399 37
1445175399 37
1445175400 37
1445175400 37
1445175400 37
1445175400 37
1445175400 37
1445175401 37
1445175401 37
1445175401 37
1445175402 37
1445175402 37
1445175403 37
1445175403 37
1445175403 37
1445175403 37
1445175403 37
1445175404 37
1445175404 37
1445175404 37
1445175404 37
1445175405 37
1445175405 37
1445175406 37
1445175406 37
1445175406 37
1445175407 37
1445175407 37
1445175407 37
1445175407 37
1445175407 37
1445175407 37
1445175408 37
1445175408 37
1445175408 37
1445175409 37
1445175409 37
1445175409 37
1445175410 37
1445175410 37
1445175410 37
1445175411 37
1445175411 37
1445175411 37
1445175411 37
1445175412 37
1445175412 37
1445175412 37
1445175412 37
1445175413 37
1445175413 37
1445175414 37
1445175414 37
1445175414 37
1445175415 37
1445175415 37
1445175415 37
1445175415 37
1445175416 37
1445175416 37
1445175416 37
1445175417 37
1445175417 37
1445175417 37
1445175418 37
1445175419 37
1445175419 37
1445175419 37
1445175419 37
1445175419 37
1445175420 37
1445175420 37
1445175420 37
1445175421 37
1445175422 37
1445175422 37
1445175422 37
1445175422 37
1445175422 37
1445175422 37
1445175422 37
1445175422 37
1445175422 37
1445175422 37
1445175422 37
1445175422 37
1445175422 37
1445175422 37
1445175422 37
1445175422 37
1445175422 37
1445175422 37
1445175423 37
1445175423 37
1445175423 37
1445175423 37
1445175423 37
1445175423 37
1445175423 4
1445175423 37
1445175423 37
1445175423 37
1445175423 37
1445175423 34
1445175423 31
1445175423 -1
1445175423 37
1445175423 37
1445175423 37
1445175423 37
1445175423 37
1445175423 37
1445175423 37
1445175424 37
1445175424 37
1445175424 37
1445175424 37
1445175424 37
1445175424 37
1445175424 8
1445175424 26
1445175424 30
1445175424 29
1445175424 27
1445175424 32
1445175424 25
1445175424 23
1445175424 20
1445175424 19
1445175424 17
1445175424 14
1445175424 37
1445175424 37
1445175425 37
1445175425 37
1445175425 37
1445175425 37
1445175425 37
1445175425 37
1445175425 34
1445175425 31
1445175425 -1
1445175425 37
1445175425 37
1445175425 37
1445175426 37
1445175426 37
1445175427 37
1445175427 37
1445175428 37
1445175428 37
1445175428 37
1445175428 37
1445175429 37
1445175429 37
1445175429 37
1445175430 37
1445175431 37
1445175431 37
1445175431 37
1445175432 37
1445175432 37
1445175432 37
1445175433 37
1445175433 37
1445175433 37
1445175434 37
1445175434 37
1445175434 37
1445175435 37
1445175435 37
1445175436 37
1445175436 37
1445175436 37
1445175436 37
1445175436 37
1445175437 37
1445175437 37
1445175437 37
1445175437 37
1445175437 37
1445175437 37
1445175437 37
1445175437 37
1445175437 37
1445175437 37
1445175437 37
1445175437 37
1445175438 37
1445175438 37
1445175438 37
1445175438 37
1445175438 37
1445175438 37
1445175438 37
1445175438 37
1445175439 37
1445175439 37
1445175439 37
1445175439 37
1445175439 37
1445175439 4
1445175439 37
1445175439 37
1445175439 37
1445175439 37
1445175439 37
1445175439 37
1445175439 34
1445175439 31
1445175439 -1
1445175440 37
1445175440 37
1445175440 37
1445175441 37
1445175441 37
1445175441 37
1445175442 37
1445175442 8
1445175442 26
1445175442 30
1445175442 29
1445175442 27
1445175442 32
1445175442 25
1445175442 23
1445175442 20
1445175442 19
1445175442 17
1445175442 14
1445175442 37
1445175442 37
1445175442 37
1445175443 37
1445175443 37
1445175444 37
1445175444 37
1445175445 37
1445175445 37
1445175445 37
1445175445 34
1445175445 31
1445175445 -1
1445175445 37
1445175445 37
1445175445 37
1445175446 37
1445175446 37
1445175446 37
1445175447 37
1445175447 37
1445175448 37
1445175448 37
1445175449 37
1445175449 37
1445175449 37
1445175449 37
1445175450 37
1445175450 37
1445175451 37
1445175451 37
1445175452 37
1445175452 37
1445175453 37
1445175453 37
1445175453 37
1445175453 37
1445175453 37
1445175454 37
1445175454 37
1445175455 37
1445175455 37
1445175456 37
1445175456 37
1445175456 37
1445175456 37
1445175457 37
1445175457 37
1445175458 37
1445175458 37
1445175459 37
1445175459 37
1445175460 37
1445175460 37
1445175460 37
1445175460 37
1445175461 37
1445175462 37
1445175462 37
1445175463 37
1445175463 37
1445175464 37
1445175464 37
1445175465 37
1445175465 37
1445175466 37
1445175466 37
1445175466 37
1445175466 37
1445175466 37
1445175466 37
1445175466 37
1445175466 37
1445175466 37
1445175466 37
1445175466 37
1445175466 37
1445175466 37
1445175466 37
1445175466 37
1445175466 37
1445175466 37
1445175467 37
1445175467 37
1445175467 37
1445175467 37
1445175467 37
1445175468 37
1445175468 37
1445175468 37
1445175468 37
1445175468 34
1445175468 31
1445175468 -1
1445175468 37
1445175468 4
1445175468 37
1445175468 37
1445175469 37
1445175469 8
1445175469 26
1445175469 30
1445175469 29
1445175469 27
1445175469 32
1445175469 25
1445175469 23
1445175469 20
1445175469 19
1445175469 17
1445175469 14
1445175469 37
1445175469 37
1445175470 37
1445175470 37
1445175470 37
1445175470 37
1445175470 34
1445175470 31
1445175470 -1
1445175471 37
1445175471 37
1445175472 37
1445175472 37
1445175473 37
1445175473 37
1445175474 37
1445175474 37
1445175475 37
1445175475 37
1445175475 37
1445175476 37
1445175476 37
1445175477 37
1445175477 37
1445175478 37
1445175478 37
1445175479 37
1445175479 37
1445175480 37
1445175480 37
1445175481 37
1445175481 37
1445175482 37
1445175482 37
1445175483 37
1445175484 37
1445175484 37
1445175484 37
1445175485 37
1445175485 37
1445175486 37
1445175487 37
1445175487 37
1445175487 37
1445175488 37
1445175488 37
1445175489 37
1445175490 37
1445175491 37
1445175491 37
1445175491 37
1445175491 37
1445175492 37
1445175493 37
1445175494 37
1445175494 37
1445175495 37
1445175495 37
1445175496 37
1445175497 37
1445175497 37
1445175497 37
1445175498 37
1445175498 37
1445175499 37
1445175500 37
1445175500 37
1445175500 37
1445175501 37
1445175502 37
1445175502 37
1445175503 37
1445175503 37
1445175503 37
1445175504 37
1445175505 37
1445175505 37
1445175506 37
1445175506 37
1445175507 37
1445175507 37
1445175507 37
1445175507 37
1445175507 37
1445175507 37
1445175507 37
1445175507 37
1445175507 37
1445175507 37
1445175507 37
1445175507 37
1445175507 37
1445175507 37
1445175507 37
1445175507 37
1445175507 37
1445175507 37
1445175508 37
1445175508 37
1445175508 37
1445175508 4
1445175508 37
1445175509 37
1445175509 8
1445175509 26
1445175509 30
1445175509 29
1445175509 27
1445175509 32
1445175509 25
1445175509 23
1445175509 20
1445175509 19
1445175509 17
1445175509 14
1445175509 37
1445175509 37
1445175509 37
1445175509 34
1445175509 31
1445175509 -1
1445175509 37
1445175510 37
1445175510 37
1445175510 37
1445175510 37
1445175510 34
1445175510 31
1445175510 -1
1445175510 37
1445175511 37
1445175512 37
1445175513 37
1445175513 37
1445175514 37
1445175514 37
1445175516 37
1445175524 37
1445175529 37
1445175532 37
1445175536 37
1445175539 37
1445175542 37
1445175545 37
1445175548 37
1445175551 37
1445175554 37
1445175557 37
1445175560 37
1445175563 37
1445175567 37
1445175570 37
1445175573 37
1445175576 37
1445175579 37
1445175582 37
1445175585 37
1445175588 37
1445175591 37
1445175594 37
1445175596 1
1445175596 9
1445175596 11
1445175596 15
1445175596 2
1445175597 37
1445175600 37
1445175603 37
1445175606 37
1445175609 37
1445175612 37
1445175615 37
1445175618 37
1445175621 37
1445175624 37
1445175627 37
1445175631 37
1445175634 37
1445175637 37
1445175640 37
1445175643 37
1445175646 37
1445175649 37
1445175652 37
1445175655 37
1445175658 37
1445175661 37
1445175664 37
1445175667 37
1445175670 37
1445175673 37
1445175676 37
1445175679 37
1445175682 37
1445175686 37
1445175689 37
1445175692 37
1445175695 37
1445175698 37
1445175701 37
1445175704 37
1445175707 37
1445175710 37
1445175713 37
1445175716 37
1445175719 37
1445175740 37
1445175743 37
1445175746 37
1445175750 37
1445175753 37
1445175756 37
1445175759 37
1445175762 37
1445175765 37
1445175768 37
1445175771 37
1445175774 37
1445175777 37
1445175780 37
1445175783 37
1445175786 37
1445175789 37
1445175792 37
1445175795 37
1445175798 37
1445175801 37
1445175804 37
1445175807 37
1445175810 37
1445175813 37
1445175817 37
1445175820 37
1445175823 37
1445175826 37
1445175829 37
1445175832 37
1445175835 37
1445175838 37
1445175841 37
1445175844 37
1445175847 37
1445175850 37
1445175853 37
1445175856 37
1445175859 37
1445175863 37
1445175866 37
1445175869 37
1445175872 37
1445175875 37
1445175878 37
1445175881 37
1445175884 37
1445175887 37
1445175890 37
1445175893 37
1445175896 37
1445175899 37
1445175902 37
1445175905 37
1445175908 37
1445175911 37
1445175914 37
1445175917 37
1445175920 37
1445175923 37
1445175926 37
1445175929 37
1445175929 37
1445175929 37
1445175929 37
1445175929 37
1445175929 37
1445175929 37
1445175929 37
1445175929 37
1445175929 37
1445175929 37
1445175929 37
1445175929 37
1445175929 37
1445175929 37
1445175929 37
1445175929 37
1445175929 37
1445175930 37
1445175930 37
1445175930 37
1445175930 37
1445175930 37
1445175930 37
1445175930 37
1445175930 37
1445175930 37
1445175930 37
1445175930 37
1445175930 12
1445175930 37
1445175930 12
1445175930 37
1445175930 24
1445175931 37
1445175931 37
1445175931 37
1445175931 34
1445175931 31
1445175931 -1
1445175952 37
1445175952 22
1445175952 13
1445175952 21
1445175952 16
1445175952 37
1445175952 37
1445175952 37
1445175952 24
1445175952 37
1445175952 7
1445175952 36
1445175952 37
1445175952 6
1445175952 33
1445175952 37
1445175952 5
1445175952 18
1445175952 37
1445175952 37
1445175952 37
1445175952 37
1445175953 37
1445175953 37
1445175953 37
1445175953 37
1445175953 37
1445175953 37
