1445175184 35
1445175184 35
1445175184 35
1445175184 35
1445175185 35
1445175185 35
1445175185 35
1445175185 35
1445175185 35
1445175185 35
1445175185 35
1445175185 35
1445175185 35
1445175185 35
1445175186 35
1445175186 35
1445175186 35
1445175186 35
1445175186 35
1445175186 35
1445175186 35
1445175186 35
1445175186 35
1445175186 35
1445175186 35
1445175186 35
1445175186 35
1445175186 35
1445175186 35
1445175186 35
1445175186 35
1445175186 35
1445175186 35
1445175186 35
1445175187 8
1445175187 35
1445175187 35
1445175187 35
1445175187 35
1445175187 35
1445175187 35
1445175187 35
1445175187 64
1445175187 5
1445175187 64
1445175187 35
1445175187 35
1445175187 35
1445175187 35
1445175187 35
1445175187 35
1445175187 35
1445175187 35
1445175187 35
1445175187 35
1445175187 35
1445175187 35
1445175187 35
1445175187 35
1445175187 35
1445175188 35
1445175188 35
1445175188 35
1445175188 35
1445175188 35
1445175188 35
1445175188 35
1445175188 35
1445175188 35
1445175188 35
1445175188 35
1445175188 35
1445175188 35
1445175188 35
1445175188 35
1445175188 35
1445175188 35
1445175188 35
1445175188 35
1445175188 35
1445175188 35
1445175188 35
1445175188 35
1445175188 35
1445175188 35
1445175188 35
1445175188 35
1445175188 35
1445175188 35
1445175188 35
1445175188 35
1445175188 35
1445175188 35
1445175188 35
1445175188 35
1445175188 35
1445175188 35
1445175188 35
1445175188 35
1445175188 35
1445175188 35
1445175188 35
1445175188 35
1445175188 35
1445175188 35
1445175188 35
1445175188 35
1445175188 35
1445175188 35
1445175189 35
1445175189 35
1445175189 35
1445175190 35
1445175190 35
1445175190 35
1445175190 35
1445175190 35
1445175190 35
1445175190 35
1445175190 35
1445175190 35
1445175190 35
1445175190 35
1445175190 35
1445175190 35
1445175190 35
1445175190 35
1445175190 35
1445175190 35
1445175190 35
1445175190 35
1445175190 35
1445175190 35
1445175190 35
1445175190 35
1445175190 35
1445175190 35
1445175190 35
1445175190 35
1445175190 35
1445175190 35
1445175190 35
1445175190 35
1445175190 35
1445175190 35
1445175190 35
1445175190 35
1445175190 35
1445175190 35
1445175190 35
1445175190 35
1445175190 35
1445175190 35
1445175190 35
1445175190 35
1445175190 35
1445175190 35
1445175191 35
1445175191 35
1445175191 35
1445175191 35
1445175191 35
1445175191 35
1445175191 35
1445175191 35
1445175191 35
1445175191 35
1445175191 35
1445175191 35
1445175191 35
1445175191 35
1445175191 35
1445175191 35
1445175191 35
1445175191 35
1445175191 35
1445175191 35
1445175191 35
1445175191 35
1445175191 35
1445175191 35
1445175191 35
1445175191 35
1445175191 35
1445175191 35
1445175191 35
1445175191 35
1445175191 35
1445175191 35
1445175191 35
1445175192 35
1445175192 35
1445175193 35
1445175193 35
1445175193 35
1445175193 35
1445175193 35
1445175193 35
1445175193 35
1445175193 35
1445175193 35
1445175193 35
1445175193 35
1445175193 35
1445175193 35
1445175193 35
1445175193 35
1445175193 35
1445175194 35
1445175194 35
1445175194 35
1445175194 35
1445175194 35
1445175194 35
1445175194 35
1445175194 35
1445175194 35
1445175195 35
1445175195 35
1445175195 35
1445175195 35
1445175195 35
1445175195 35
1445175195 35
1445175195 35
1445175195 35
1445175195 35
1445175195 35
1445175195 35
1445175195 35
1445175195 35
1445175195 35
1445175195 35
1445175195 35
1445175195 35
1445175195 35
1445175195 35
1445175196 35
1445175196 35
1445175196 35
1445175196 35
1445175196 35
1445175196 35
1445175196 35
1445175196 35
1445175196 35
1445175196 35
1445175196 35
1445175196 35
1445175196 35
1445175196 35
1445175196 35
1445175196 35
1445175196 35
1445175197 35
1445175197 35
1445175197 35
1445175197 35
1445175197 35
1445175197 35
1445175197 35
1445175197 35
1445175197 35
1445175198 35
1445175198 35
1445175198 35
1445175198 35
1445175199 35
1445175199 35
1445175200 35
1445175200 35
1445175202 35
1445175202 35
1445175202 35
1445175202 35
1445175202 35
1445175203 35
1445175203 35
1445175203 35
1445175203 35
1445175204 35
1445175204 35
1445175204 35
1445175204 35
1445175204 35
1445175205 35
1445175205 35
1445175205 35
1445175205 35
1445175205 35
1445175206 35
1445175206 35
1445175206 35
1445175206 35
1445175207 35
1445175207 35
1445175207 35
1445175207 35
1445175207 35
1445175208 35
1445175208 35
1445175208 35
1445175208 35
1445175209 35
1445175209 35
1445175209 35
1445175209 35
1445175209 35
1445175210 35
1445175210 35
1445175211 35
1445175211 35
1445175211 35
1445175211 35
1445175212 35
1445175212 35
1445175212 35
1445175212 35
1445175212 35
1445175212 35
1445175213 35
1445175213 35
1445175214 35
1445175214 35
1445175214 35
1445175214 35
1445175215 35
1445175215 35
1445175215 35
1445175215 35
1445175216 35
1445175216 35
1445175216 35
1445175216 35
1445175216 35
1445175217 35
1445175217 35
1445175217 35
1445175217 35
1445175218 35
1445175218 35
1445175218 35
1445175218 35
1445175218 35
1445175219 35
1445175219 35
1445175219 35
1445175220 35
1445175220 35
1445175220 35
1445175220 35
1445175221 35
1445175221 35
1445175221 35
1445175221 35
1445175221 35
1445175222 35
1445175222 35
1445175222 35
1445175223 35
1445175223 35
1445175223 35
1445175223 35
1445175224 35
1445175224 35
1445175224 35
1445175224 35
1445175224 35
1445175225 35
1445175225 35
1445175225 35
1445175226 35
1445175226 35
1445175226 35
1445175226 35
1445175227 35
1445175227 35
1445175227 35
1445175227 35
1445175227 35
1445175227 35
1445175228 35
1445175228 35
1445175229 35
1445175229 35
1445175229 35
1445175229 35
1445175229 35
1445175230 35
1445175230 35
1445175230 35
1445175230 35
1445175230 35
1445175231 35
1445175231 35
1445175231 35
1445175232 35
1445175232 35
1445175232 35
1445175232 35
1445175232 35
1445175233 35
1445175233 35
1445175233 35
1445175233 35
1445175233 35
1445175234 35
1445175234 35
1445175234 35
1445175234 35
1445175235 35
1445175235 35
1445175235 35
1445175235 35
1445175235 35
1445175236 35
1445175236 35
1445175236 35
1445175236 35
1445175236 35
1445175236 35
1445175237 35
1445175237 35
1445175237 35
1445175238 35
1445175238 35
1445175238 35
1445175238 35
1445175238 35
1445175239 35
1445175239 35
1445175239 35
1445175239 35
1445175239 35
1445175239 35
1445175240 35
1445175240 35
1445175240 35
1445175241 35
1445175241 35
1445175241 35
1445175242 35
1445175242 35
1445175242 35
1445175242 35
1445175242 35
1445175242 35
1445175243 35
1445175243 35
1445175244 35
1445175244 35
1445175244 35
1445175244 35
1445175244 35
1445175244 35
1445175245 35
1445175245 35
1445175245 35
1445175245 35
1445175245 35
1445175245 35
1445175246 35
1445175246 35
1445175246 35
1445175247 35
1445175247 35
1445175247 35
1445175247 35
1445175248 35
1445175248 35
1445175248 35
1445175248 35
1445175248 35
1445175248 35
1445175248 35
1445175249 35
1445175249 35
1445175249 35
1445175250 35
1445175250 35
1445175250 35
1445175250 35
1445175250 35
1445175251 35
1445175251 35
1445175251 35
1445175251 35
1445175251 35
1445175252 35
1445175252 35
1445175252 35
1445175252 35
1445175253 35
1445175253 35
1445175253 35
1445175253 35
1445175253 35
1445175254 35
1445175254 35
1445175254 35
1445175254 35
1445175255 35
1445175255 35
1445175255 35
1445175255 35
1445175256 35
1445175256 35
1445175256 35
1445175256 35
1445175256 35
1445175256 35
1445175257 35
1445175257 35
1445175257 35
1445175257 35
1445175257 35
1445175257 35
1445175257 35
1445175257 35
1445175257 35
1445175258 35
1445175258 35
1445175258 35
1445175259 35
1445175259 35
1445175259 35
1445175260 35
1445175260 35
1445175260 35
1445175260 35
1445175260 35
1445175260 35
1445175260 35
1445175260 35
1445175261 35
1445175261 35
1445175261 35
1445175261 35
1445175262 35
1445175262 35
1445175263 35
1445175263 35
1445175263 35
1445175263 35
1445175263 35
1445175263 35
1445175263 35
1445175263 35
1445175263 35
1445175264 35
1445175264 35
1445175265 35
1445175265 35
1445175265 35
1445175265 35
1445175266 35
1445175266 35
1445175266 35
1445175266 35
1445175266 35
1445175266 35
1445175266 35
1445175267 35
1445175267 35
1445175267 35
1445175267 35
1445175268 35
1445175268 35
1445175268 35
1445175269 35
1445175269 35
1445175269 35
1445175269 35
1445175269 35
1445175269 35
1445175269 35
1445175269 35
1445175270 35
1445175270 35
1445175270 35
1445175271 35
1445175271 35
1445175271 35
1445175272 35
1445175272 35
1445175272 35
1445175272 35
1445175272 35
1445175272 35
1445175272 35
1445175273 35
1445175273 35
1445175273 35
1445175273 35
1445175273 35
1445175273 35
1445175273 35
1445175273 35
1445175273 35
1445175273 35
1445175273 35
1445175273 35
1445175273 35
1445175273 35
1445175273 35
1445175273 35
1445175273 35
1445175274 35
1445175274 35
1445175275 35
1445175275 35
1445175275 35
1445175275 35
1445175275 35
1445175275 35
1445175276 35
1445175277 35
1445175277 35
1445175277 35
1445175277 35
1445175278 35
1445175278 35
1445175278 35
1445175278 35
1445175278 35
1445175278 35
1445175278 35
1445175280 35
1445175280 35
1445175281 35
1445175281 35
1445175281 35
1445175281 35
1445175281 35
1445175282 35
1445175282 35
1445175284 35
1445175284 35
1445175284 35
1445175284 35
1445175284 35
1445175284 35
1445175284 35
1445175285 35
1445175285 35
1445175286 35
1445175287 35
1445175287 35
1445175287 35
1445175288 35
1445175288 35
1445175288 35
1445175288 35
1445175288 35
1445175289 35
1445175290 35
1445175290 35
1445175290 35
1445175291 35
1445175291 35
1445175291 35
1445175291 35
1445175292 35
1445175292 35
1445175293 35
1445175293 35
1445175293 35
1445175294 35
1445175294 35
1445175294 35
1445175294 35
1445175294 35
1445175294 35
1445175294 35
1445175294 35
1445175294 35
1445175294 35
1445175294 35
1445175294 35
1445175294 35
1445175294 35
1445175294 35
1445175294 35
1445175294 35
1445175295 35
1445175295 35
1445175295 35
1445175295 35
1445175295 35
1445175295 35
1445175295 35
1445175295 35
1445175295 35
1445175295 35
1445175295 35
1445175295 35
1445175295 35
1445175296 35
1445175296 35
1445175296 35
1445175296 35
1445175296 35
1445175296 35
1445175296 35
1445175296 35
1445175296 35
1445175296 35
1445175296 35
1445175296 35
1445175296 35
1445175296 113
1445175296 119
1445175296 170
1445175296 35
1445175296 35
1445175296 113
1445175296 119
1445175296 170
1445175297 35
1445175297 35
1445175297 35
1445175297 35
1445175297 35
1445175297 35
1445175297 35
1445175297 35
1445175297 35
1445175297 35
1445175297 35
1445175297 35
1445175297 35
1445175297 35
1445175297 35
1445175297 35
1445175297 35
1445175297 35
1445175297 35
1445175298 35
1445175298 35
1445175299 35
1445175300 35
1445175300 35
1445175301 35
1445175301 35
1445175301 35
1445175301 35
1445175301 35
1445175303 35
1445175303 35
1445175303 35
1445175304 35
1445175304 35
1445175304 35
1445175305 35
1445175305 35
1445175306 35
1445175306 35
1445175307 35
1445175307 35
1445175307 35
1445175308 35
1445175308 35
1445175309 35
1445175309 35
1445175309 35
1445175310 35
1445175311 35
1445175311 35
1445175311 35
1445175312 35
1445175312 35
1445175312 35
1445175313 35
1445175314 35
1445175314 35
1445175315 35
1445175315 35
1445175315 35
1445175315 35
1445175316 35
1445175317 35
1445175317 35
1445175317 35
1445175318 35
1445175318 35
1445175318 35
1445175319 35
1445175319 35
1445175320 35
1445175320 35
1445175320 35
1445175320 35
1445175320 35
1445175320 35
1445175320 35
1445175320 35
1445175320 35
1445175320 35
1445175320 35
1445175320 35
1445175320 35
1445175320 35
1445175320 35
1445175321 35
1445175321 35
1445175322 35
1445175322 35
1445175323 35
1445175323 35
1445175324 35
1445175324 35
1445175324 35
1445175324 35
1445175325 35
1445175326 35
1445175326 35
1445175326 35
1445175327 35
1445175327 35
1445175327 35
1445175328 35
1445175328 35
1445175329 35
1445175329 35
1445175330 35
1445175330 35
1445175330 35
1445175331 35
1445175331 35
1445175331 35
1445175331 35
1445175331 35
1445175331 35
1445175331 35
1445175331 35
1445175331 35
1445175331 35
1445175331 35
1445175331 35
1445175331 35
1445175331 35
1445175331 35
1445175331 35
1445175331 35
1445175331 35
1445175331 35
1445175332 35
1445175332 35
1445175332 35
1445175332 35
1445175332 35
1445175332 35
1445175332 35
1445175332 35
1445175332 35
1445175332 35
1445175332 113
1445175332 119
1445175332 170
1445175332 35
1445175332 35
1445175332 113
1445175332 119
1445175332 170
1445175332 35
1445175332 35
1445175332 35
1445175332 35
1445175332 35
1445175332 35
1445175332 35
1445175332 35
1445175332 35
1445175332 35
1445175332 35
1445175332 35
1445175332 35
1445175332 35
1445175332 35
1445175332 35
1445175332 35
1445175333 35
1445175333 35
1445175333 35
1445175333 35
1445175333 35
1445175333 113
1445175333 119
1445175333 170
1445175333 35
1445175333 35
1445175334 35
1445175334 35
1445175335 35
1445175336 35
1445175336 35
1445175337 35
1445175337 35
1445175337 35
1445175337 35
1445175338 35
1445175339 35
1445175339 35
1445175340 35
1445175340 35
1445175340 35
1445175340 35
1445175340 35
1445175340 35
1445175340 35
1445175340 35
1445175340 35
1445175340 35
1445175340 35
1445175340 35
1445175340 35
1445175340 35
1445175340 35
1445175340 113
1445175340 119
1445175340 170
1445175340 35
1445175340 35
1445175340 35
1445175340 35
1445175340 35
1445175340 35
1445175340 35
1445175341 35
1445175341 35
1445175341 35
1445175341 35
1445175341 35
1445175341 35
1445175341 35
1445175343 35
1445175343 35
1445175343 35
1445175343 35
1445175343 35
1445175344 35
1445175344 35
1445175345 35
1445175346 35
1445175347 35
1445175347 35
1445175347 35
1445175347 35
1445175347 35
1445175347 35
1445175347 35
1445175347 35
1445175348 35
1445175348 35
1445175348 35
1445175349 35
1445175350 35
1445175350 35
1445175350 35
1445175351 35
1445175352 35
1445175353 35
1445175353 35
1445175354 35
1445175354 35
1445175354 35
1445175355 35
1445175355 35
1445175356 35
1445175356 35
1445175356 35
1445175356 35
1445175357 35
1445175358 35
1445175358 35
1445175358 35
1445175358 35
1445175358 35
1445175358 35
1445175358 35
1445175358 35
1445175358 35
1445175358 35
1445175358 35
1445175358 35
1445175358 35
1445175358 35
1445175358 35
1445175358 35
1445175358 35
1445175359 35
1445175359 35
1445175359 35
1445175359 35
1445175360 35
1445175360 35
1445175361 35
1445175361 35
1445175361 35
1445175361 35
1445175361 35
1445175361 35
1445175362 35
1445175362 35
1445175362 35
1445175362 35
1445175362 35
1445175362 35
1445175362 35
1445175362 35
1445175362 35
1445175362 35
1445175363 35
1445175363 35
1445175363 35
1445175363 35
1445175364 35
1445175364 35
1445175364 35
1445175364 35
1445175365 35
1445175365 35
1445175365 35
1445175366 35
1445175366 35
1445175367 35
1445175367 35
1445175367 35
1445175367 35
1445175368 35
1445175368 35
1445175368 35
1445175369 35
1445175369 35
1445175370 35
1445175370 35
1445175370 35
1445175370 35
1445175370 35
1445175371 35
1445175371 35
1445175371 35
1445175372 35
1445175373 35
1445175373 35
1445175373 35
1445175373 35
1445175373 35
1445175374 35
1445175374 35
1445175374 35
1445175374 35
1445175374 35
1445175375 35
1445175376 35
1445175376 35
1445175376 35
1445175376 35
1445175377 35
1445175377 35
1445175377 35
1445175377 35
1445175378 35
1445175378 35
1445175378 35
1445175379 35
1445175379 35
1445175379 35
1445175380 35
1445175380 35
1445175380 35
1445175380 35
1445175380 35
1445175381 35
1445175382 35
1445175382 35
1445175382 35
1445175382 35
1445175382 35
1445175383 35
1445175383 35
1445175383 35
1445175384 35
1445175384 35
1445175384 35
1445175385 35
1445175385 35
1445175385 35
1445175385 35
1445175386 35
1445175386 35
1445175386 35
1445175386 35
1445175387 35
1445175388 35
1445175388 35
1445175388 35
1445175388 35
1445175388 35
1445175389 35
1445175389 35
1445175389 35
1445175389 35
1445175389 35
1445175390 35
1445175391 35
1445175391 35
1445175391 35
1445175391 35
1445175392 35
1445175392 35
1445175392 35
1445175392 35
1445175393 35
1445175393 35
1445175393 35
1445175393 35
1445175394 35
1445175394 35
1445175394 35
1445175395 35
1445175395 35
1445175395 35
1445175396 35
1445175396 35
1445175396 35
1445175396 35
1445175397 35
1445175397 35
1445175397 35
1445175397 35
1445175397 35
1445175398 35
1445175398 35
1445175399 35
1445175399 35
1445175399 35
1445175400 35
1445175400 35
1445175400 35
1445175400 35
1445175400 35
1445175401 35
1445175401 35
1445175401 35
1445175402 35
1445175402 35
1445175403 35
1445175403 35
1445175403 35
1445175403 35
1445175403 35
1445175404 35
1445175404 35
1445175404 35
1445175404 35
1445175405 35
1445175405 35
1445175406 35
1445175406 35
1445175406 35
1445175407 35
1445175407 35
1445175407 35
1445175407 35
1445175407 35
1445175407 35
1445175408 35
1445175408 35
1445175408 35
1445175409 35
1445175409 35
1445175409 35
1445175410 35
1445175410 35
1445175410 35
1445175411 35
1445175411 35
1445175411 35
1445175411 35
1445175412 35
1445175412 35
1445175412 35
1445175412 35
1445175413 35
1445175413 35
1445175414 35
1445175414 35
1445175414 35
1445175415 35
1445175415 35
1445175415 35
1445175415 35
1445175416 35
1445175416 35
1445175416 35
1445175417 35
1445175417 35
1445175417 35
1445175418 35
1445175419 35
1445175419 35
1445175419 35
1445175419 35
1445175419 35
1445175420 35
1445175420 35
1445175420 35
1445175421 35
1445175422 35
1445175422 35
1445175422 35
1445175422 35
1445175422 35
1445175422 35
1445175422 35
1445175422 35
1445175422 35
1445175422 35
1445175422 35
1445175422 35
1445175422 35
1445175422 35
1445175422 35
1445175422 35
1445175422 35
1445175422 35
1445175423 35
1445175423 35
1445175423 35
1445175423 35
1445175423 35
1445175423 35
1445175423 89
1445175423 35
1445175423 35
1445175423 35
1445175423 35
1445175423 113
1445175423 119
1445175423 170
1445175423 35
1445175423 35
1445175423 35
1445175423 35
1445175423 35
1445175423 35
1445175423 35
1445175424 35
1445175424 35
1445175424 35
1445175424 35
1445175424 35
1445175424 35
1445175424 36
1445175424 164
1445175424 106
1445175424 4
1445175424 106
1445175424 106
1445175424 61
1445175424 15
1445175424 61
1445175424 61
1445175424 61
1445175424 61
1445175424 35
1445175424 35
1445175425 35
1445175425 35
1445175425 35
1445175425 35
1445175425 35
1445175425 35
1445175425 113
1445175425 119
1445175425 170
1445175425 35
1445175425 35
1445175425 35
1445175426 35
1445175426 35
1445175427 35
1445175427 35
1445175428 35
1445175428 35
1445175428 35
1445175428 35
1445175429 35
1445175429 35
1445175429 35
1445175430 35
1445175431 35
1445175431 35
1445175431 35
1445175432 35
1445175432 35
1445175432 35
1445175433 35
1445175433 35
1445175433 35
1445175434 35
1445175434 35
1445175434 35
1445175435 35
1445175435 35
1445175436 35
1445175436 35
1445175436 35
1445175436 35
1445175436 35
1445175437 35
1445175437 35
1445175437 35
1445175437 35
1445175437 35
1445175437 35
1445175437 35
1445175437 35
1445175437 35
1445175437 35
1445175437 35
1445175437 35
1445175438 35
1445175438 35
1445175438 35
1445175438 35
1445175438 35
1445175438 35
1445175438 35
1445175438 35
1445175439 35
1445175439 35
1445175439 35
1445175439 35
1445175439 35
1445175439 89
1445175439 35
1445175439 35
1445175439 35
1445175439 35
1445175439 35
1445175439 35
1445175439 113
1445175439 119
1445175439 170
1445175440 35
1445175440 35
1445175440 35
1445175441 35
1445175441 35
1445175441 35
1445175442 35
1445175442 36
1445175442 164
1445175442 106
1445175442 4
1445175442 106
1445175442 106
1445175442 61
1445175442 15
1445175442 61
1445175442 61
1445175442 61
1445175442 61
1445175442 35
1445175442 35
1445175442 35
1445175443 35
1445175443 35
1445175444 35
1445175444 35
1445175445 35
1445175445 35
1445175445 35
1445175445 113
1445175445 119
1445175445 170
1445175445 35
1445175445 35
1445175445 35
1445175446 35
1445175446 35
1445175446 35
1445175447 35
1445175447 35
1445175448 35
1445175448 35
1445175449 35
1445175449 35
1445175449 35
1445175449 35
1445175450 35
1445175450 35
1445175451 35
1445175451 35
1445175452 35
1445175452 35
1445175453 35
1445175453 35
1445175453 35
1445175453 35
1445175453 35
1445175454 35
1445175454 35
1445175455 35
1445175455 35
1445175456 35
1445175456 35
1445175456 35
1445175456 35
1445175457 35
1445175457 35
1445175458 35
1445175458 35
1445175459 35
1445175459 35
1445175460 35
1445175460 35
1445175460 35
1445175460 35
1445175461 35
1445175462 35
1445175462 35
1445175463 35
1445175463 35
1445175464 35
1445175464 35
1445175465 35
1445175465 35
1445175466 35
1445175466 35
1445175466 35
1445175466 35
1445175466 35
1445175466 35
1445175466 35
1445175466 35
1445175466 35
1445175466 35
1445175466 35
1445175466 35
1445175466 35
1445175466 35
1445175466 35
1445175466 35
1445175466 35
1445175467 35
1445175467 35
1445175467 35
1445175467 35
1445175467 35
1445175468 35
1445175468 35
1445175468 35
1445175468 35
1445175468 113
1445175468 119
1445175468 170
1445175468 35
1445175468 89
1445175468 35
1445175468 35
1445175469 35
1445175469 36
1445175469 164
1445175469 106
1445175469 4
1445175469 106
1445175469 106
1445175469 61
1445175469 15
1445175469 61
1445175469 61
1445175469 61
1445175469 61
1445175469 35
1445175469 35
1445175470 35
1445175470 35
1445175470 35
1445175470 35
1445175470 113
1445175470 119
1445175470 170
1445175471 35
1445175471 35
1445175472 35
1445175472 35
1445175473 35
1445175473 35
1445175474 35
1445175474 35
1445175475 35
1445175475 35
1445175475 35
1445175476 35
1445175476 35
1445175477 35
1445175477 35
1445175478 35
1445175478 35
1445175479 35
1445175479 35
1445175480 35
1445175480 35
1445175481 35
1445175481 35
1445175482 35
1445175482 35
1445175483 35
1445175484 35
1445175484 35
1445175484 35
1445175485 35
1445175485 35
1445175486 35
1445175487 35
1445175487 35
1445175487 35
1445175488 35
1445175488 35
1445175489 35
1445175490 35
1445175491 35
1445175491 35
1445175491 35
1445175491 35
1445175492 35
1445175493 35
1445175494 35
1445175494 35
1445175495 35
1445175495 35
1445175496 35
1445175497 35
1445175497 35
1445175497 35
1445175498 35
1445175498 35
1445175499 35
1445175500 35
1445175500 35
1445175500 35
1445175501 35
1445175502 35
1445175502 35
1445175503 35
1445175503 35
1445175503 35
1445175504 35
1445175505 35
1445175505 35
1445175506 35
1445175506 35
1445175507 35
1445175507 35
1445175507 35
1445175507 35
1445175507 35
1445175507 35
1445175507 35
1445175507 35
1445175507 35
1445175507 35
1445175507 35
1445175507 35
1445175507 35
1445175507 35
1445175507 35
1445175507 35
1445175507 35
1445175507 35
1445175508 35
1445175508 35
1445175508 35
1445175508 89
1445175508 35
1445175509 35
1445175509 36
1445175509 164
1445175509 106
1445175509 4
1445175509 106
1445175509 106
1445175509 61
1445175509 15
1445175509 61
1445175509 61
1445175509 61
1445175509 61
1445175509 35
1445175509 35
1445175509 35
1445175509 113
1445175509 119
1445175509 170
1445175509 35
1445175510 35
1445175510 35
1445175510 35
1445175510 35
1445175510 113
1445175510 119
1445175510 170
1445175510 35
1445175511 35
1445175512 35
1445175513 35
1445175513 35
1445175514 35
1445175514 35
1445175516 35
1445175524 35
1445175529 35
1445175532 35
1445175536 35
1445175539 35
1445175542 35
1445175545 35
1445175548 35
1445175551 35
1445175554 35
1445175557 35
1445175560 35
1445175563 35
1445175567 35
1445175570 35
1445175573 35
1445175576 35
1445175579 35
1445175582 35
1445175585 35
1445175588 35
1445175591 35
1445175594 35
1445175596 48
1445175596 14
1445175596 162
1445175596 142
1445175596 96
1445175597 35
1445175600 35
1445175603 35
1445175606 35
1445175609 35
1445175612 35
1445175615 35
1445175618 35
1445175621 35
1445175624 35
1445175627 35
1445175631 35
1445175634 35
1445175637 35
1445175640 35
1445175643 35
1445175646 35
1445175649 35
1445175652 35
1445175655 35
1445175658 35
1445175661 35
1445175664 35
1445175667 35
1445175670 35
1445175673 35
1445175676 35
1445175679 35
1445175682 35
1445175686 35
1445175689 35
1445175692 35
1445175695 35
1445175698 35
1445175701 35
1445175704 35
1445175707 35
1445175710 35
1445175713 35
1445175716 35
1445175719 35
1445175740 35
1445175743 35
1445175746 35
1445175750 35
1445175753 35
1445175756 35
1445175759 35
1445175762 35
1445175765 35
1445175768 35
1445175771 35
1445175774 35
1445175777 35
1445175780 35
1445175783 35
1445175786 35
1445175789 35
1445175792 35
1445175795 35
1445175798 35
1445175801 35
1445175804 35
1445175807 35
1445175810 35
1445175813 35
1445175817 35
1445175820 35
1445175823 35
1445175826 35
1445175829 35
1445175832 35
1445175835 35
1445175838 35
1445175841 35
1445175844 35
1445175847 35
1445175850 35
1445175853 35
1445175856 35
1445175859 35
1445175863 35
1445175866 35
1445175869 35
1445175872 35
1445175875 35
1445175878 35
1445175881 35
1445175884 35
1445175887 35
1445175890 35
1445175893 35
1445175896 35
1445175899 35
1445175902 35
1445175905 35
1445175908 35
1445175911 35
1445175914 35
1445175917 35
1445175920 35
1445175923 35
1445175926 35
1445175929 35
1445175929 35
1445175929 35
1445175929 35
1445175929 35
1445175929 35
1445175929 35
1445175929 35
1445175929 35
1445175929 35
1445175929 35
1445175929 35
1445175929 35
1445175929 35
1445175929 35
1445175929 35
1445175929 35
1445175929 35
1445175930 35
1445175930 35
1445175930 35
1445175930 35
1445175930 35
1445175930 35
1445175930 35
1445175930 35
1445175930 35
1445175930 35
1445175930 35
1445175930 17
1445175930 35
1445175930 17
1445175930 35
1445175930 130
1445175931 35
1445175931 35
1445175931 35
1445175931 113
1445175931 119
1445175931 170
1445175952 35
1445175952 158
1445175952 117
1445175952 117
1445175952 149
1445175952 35
1445175952 35
1445175952 35
1445175952 130
1445175952 35
1445175952 34
1445175952 70
1445175952 35
1445175952 34
1445175952 130
1445175952 35
1445175952 34
1445175952 17
1445175952 35
1445175952 35
1445175952 35
1445175952 35
1445175953 35
1445175953 35
1445175953 35
1445175953 35
1445175953 35
1445175953 35
