1445071668 18
1445071668 11
1445071668 13
1445071668 20
1445071668 5
1445071669 4
1445071669 2
1445071670 3
1445071670 6
1445071670 12
1445071671 7
1445071671 25
1445071671 9
1445071671 22
1445071671 21
1445071671 23
1445071671 10
1445071680 19
1445071680 16
1445071680 14
1445071680 25
1445071696 24
1445071696 15
1445071709 19
1445071709 16
1445071709 14
1445071709 25
1445071731 24
1445071731 15
1445071744 19
1445071744 16
1445071744 14
1445071744 25
1445071764 24
1445071764 15
1445071787 19
1445071787 16
1445071787 14
1445071787 25
1445071811 24
1445071811 15
1445071840 19
1445071840 16
1445071840 14
1445071840 25
1445071861 24
1445071861 15
1445071883 19
1445071883 16
1445071883 14
1445071883 25
1445071901 24
1445071901 15
1445071913 19
1445071913 16
1445071913 14
1445071913 25
1445071934 24
1445071934 15
1445071953 8
1445071953 19
1445071953 16
1445071953 14
1445071972 26
1445071972 17
1445071973 1
