1445163436 21
1445163437 9
1445163437 17
1445163437 24
1445163437 6
1445163437 4
1445163437 2
1445163438 5
1445163438 8
1445163438 12
1445163438 7
1445163439 28
1445163439 11
1445163439 25
1445163439 18
1445163439 22
1445163439 10
1445163441 20
1445163441 14
1445163441 15
1445163441 28
1445163453 27
1445163453 16
1445163455 20
1445163455 14
1445163455 15
1445163455 28
1445163466 27
1445163466 16
1445163468 20
1445163468 14
1445163468 15
1445163468 28
1445163479 27
1445163479 16
1445163481 20
1445163481 14
1445163481 15
1445163481 28
1445163493 27
1445163493 16
1445163495 20
1445163495 14
1445163495 15
1445163495 28
1445163505 27
1445163505 16
1445163506 20
1445163506 14
1445163506 15
1445163506 28
1445163517 27
1445163517 16
1445163518 20
1445163518 14
1445163518 15
1445163518 28
1445163528 27
1445163528 16
1445163529 13
1445163529 20
1445163529 14
1445163529 15
1445163540 26
1445163540 19
1445163540 1
1445163568 3
1445163568 23
