1445163436 8
1445163437 147
1445163437 16
1445163437 102
1445163437 83
1445163437 8
1445163437 147
1445163438 160
1445163438 82
1445163438 67
1445163438 22
1445163439 102
1445163439 3
1445163439 75
1445163439 25
1445163439 25
1445163439 154
1445163441 102
1445163441 25
1445163441 25
1445163441 102
1445163453 75
1445163453 25
1445163455 102
1445163455 25
1445163455 25
1445163455 102
1445163466 75
1445163466 25
1445163468 102
1445163468 25
1445163468 25
1445163468 102
1445163479 75
1445163479 25
1445163481 102
1445163481 25
1445163481 25
1445163481 102
1445163493 75
1445163493 25
1445163495 102
1445163495 25
1445163495 25
1445163495 102
1445163505 75
1445163505 25
1445163506 102
1445163506 25
1445163506 25
1445163506 102
1445163517 75
1445163517 25
1445163518 102
1445163518 25
1445163518 25
1445163518 102
1445163528 75
1445163528 25
1445163529 67
1445163529 102
1445163529 25
1445163529 25
1445163540 75
1445163540 102
1445163540 160
1445163568 129
1445163568 3
