1445090505 36
1445090505 33
1445090505 35
1445090505 39
1445090505 25
1445090505 21
1445090506 6
1445090506 22
1445090507 28
1445090507 34
1445090507 31
1445090507 26
1445090507 20
1445090507 18
1445090507 16
1445090507 18
1445090507 16
1445090507 1
1445090507 1
1445090507 2
1445090507 1
1445090507 1
1445090507 17
1445090507 3
1445090507 3
1445090507 15
1445090507 15
1445090507 12
1445090507 12
1445090510 24
1445090510 24
1445090510 11
1445090510 18
1445090510 16
1445090510 10
1445090510 18
1445090510 16
1445090510 3
1445090510 15
1445090510 12
1445090510 3
1445090510 15
1445090510 12
1445090513 24
1445090513 15
1445090513 12
1445090513 24
1445090513 15
1445090513 12
1445090515 24
1445090515 15
1445090515 12
1445090515 24
1445090515 15
1445090515 12
1445090517 24
1445090517 8
1445090517 24
1445090517 15
1445090517 12
1445090520 24
1445090520 15
1445090520 12
1445090522 24
1445090522 15
1445090523 12
1445090526 24
1445090526 15
1445090526 12
1445090528 24
1445090528 7
1445090602 17
1445090602 18
1445090602 16
1445090602 3
1445090602 15
1445090602 12
1445090604 24
1445090604 9
1445090604 23
1445090604 13
1445090604 29
1445090604 27
1445090604 37
1445090604 30
1445090677 5
1445090677 14
1445091063 19
1445091063 32
1445091063 4
1445091063 38
