1445090505 8
1445090505 147
1445090505 16
1445090505 102
1445090505 83
1445090505 8
1445090506 147
1445090506 160
1445090507 82
1445090507 67
1445090507 154
1445090507 0
1445090507 58
1445090507 78
1445090507 78
1445090507 78
1445090507 78
1445090507 76
1445090507 76
1445090507 76
1445090507 76
1445090507 76
1445090507 58
1445090507 60
1445090507 60
1445090507 60
1445090507 60
1445090507 167
1445090507 167
1445090510 167
1445090510 167
1445090510 1
1445090510 78
1445090510 78
1445090510 1
1445090510 78
1445090510 78
1445090510 60
1445090510 60
1445090510 167
1445090510 60
1445090510 60
1445090510 167
1445090513 167
1445090513 60
1445090513 167
1445090513 167
1445090513 60
1445090513 167
1445090515 167
1445090515 60
1445090515 167
1445090515 167
1445090515 60
1445090515 167
1445090517 167
1445090517 1
1445090517 167
1445090517 60
1445090517 167
1445090520 167
1445090520 60
1445090520 167
1445090522 167
1445090522 60
1445090523 167
1445090526 167
1445090526 60
1445090526 167
1445090528 167
1445090528 1
1445090602 58
1445090602 78
1445090602 78
1445090602 60
1445090602 60
1445090602 167
1445090604 167
1445090604 1
1445090604 58
1445090604 0
1445090604 120
1445090604 120
1445090604 102
1445090604 147
1445090677 160
1445090677 60
1445091063 129
1445091063 129
1445091063 167
1445091063 3
