1445092011 22
1445092011 12
1445092011 19
1445092011 24
1445092011 6
1445092011 3
1445092012 2
1445092012 5
1445092013 7
1445092013 11
1445092014 8
1445092014 30
1445092014 9
1445092014 23
1445092014 25
1445092014 21
1445092014 14
1445092017 28
1445092017 18
1445092017 20
1445092017 30
1445092027 31
1445092027 17
1445092029 28
1445092029 18
1445092029 20
1445092029 30
1445092038 31
1445092038 17
1445092049 28
1445092049 18
1445092049 20
1445092049 30
1445092059 31
1445092059 17
1445092061 28
1445092061 18
1445092061 20
1445092061 30
1445092070 31
1445092070 17
1445092074 28
1445092074 18
1445092074 20
1445092074 30
1445092083 31
1445092083 17
1445092086 28
1445092086 18
1445092086 20
1445092086 30
1445092087 13
1445092096 31
1445092096 17
1445092096 28
1445092096 18
1445092096 20
1445092097 29
1445092097 27
1445092097 1
1445092130 4
1445092130 26
1445092131 15
1445092131 16
1445092131 10
