1445076755 8
1445076755 147
1445076755 16
1445076755 102
1445076755 83
1445076755 8
1445076756 147
1445076756 160
1445076757 82
1445076757 67
1445076757 154
1445076757 0
1445076757 58
1445076757 58
1445076757 78
1445076757 78
1445076761 60
1445076761 60
1445076761 167
1445076773 167
1445076773 66
1445076852 58
1445076852 145
1445076852 53
1445076852 15
1445076852 15
1445076852 44
1445076852 12
1445076852 122
1445076852 122
1445076852 36
1445076852 164
1445076852 106
1445076852 4
1445076852 106
1445076852 106
1445076852 144
1445076852 53
1445076852 53
1445076852 53
1445076852 51
1445076852 51
1445076852 152
1445076852 51
1445076852 136
1445076852 51
1445076852 152
1445076852 15
1445076872 169
1445076892 33
1445076912 33
1445076932 33
1445076952 33
1445076972 33
1445076992 33
1445077012 33
1445077032 33
1445077052 33
1445077072 33
1445077092 33
1445077112 33
1445077132 33
1445077152 33
1445077172 33
1445077192 33
1445077212 33
1445077232 33
1445077252 33
1445077272 33
1445077292 33
1445077312 33
1445077332 33
1445077352 33
1445077372 33
1445077392 33
1445077412 33
1445077432 33
1445077452 33
1445077472 33
1445077492 33
1445077512 33
1445077532 33
1445077552 33
1445077572 33
1445077592 33
1445077612 33
1445077632 33
