1445235825 8
1445235825 147
1445235825 16
1445235825 102
1445235825 83
1445235825 8
1445235826 147
1445235826 160
1445235827 82
1445235827 67
1445235828 22
1445235828 102
1445235828 3
1445235828 75
1445235828 25
1445235828 25
1445235828 154
1445235831 102
1445235831 25
1445235831 25
1445235831 102
1445235840 75
1445235840 25
1445235842 102
1445235842 25
1445235842 25
1445235842 102
1445235851 75
1445235851 25
1445235852 102
1445235852 25
1445235852 25
1445235852 102
1445235862 75
1445235862 25
1445235863 102
1445235863 25
1445235863 25
1445235863 102
1445235872 75
1445235872 25
1445235874 102
1445235874 25
1445235874 25
1445235874 102
1445235883 75
1445235883 25
1445235885 102
1445235885 25
1445235885 25
1445235885 102
1445235885 67
1445235893 75
1445235893 25
1445235893 102
1445235893 25
1445235893 25
1445235895 75
1445235895 102
1445235895 160
1445235942 129
1445235942 3
