1445175193 22
1445175194 10
1445175194 15
1445175194 28
1445175194 6
1445175194 4
1445175194 2
1445175195 5
1445175196 7
1445175196 11
1445175196 8
1445175196 31
1445175196 13
1445175196 24
1445175196 26
1445175196 21
1445175196 14
1445175199 23
1445175199 17
1445175199 18
1445175199 31
1445175210 30
1445175210 20
1445175212 23
1445175212 17
1445175212 18
1445175212 31
1445175221 30
1445175221 20
1445175223 23
1445175223 17
1445175223 18
1445175223 31
1445175233 30
1445175233 20
1445175234 23
1445175234 17
1445175234 18
1445175234 31
1445175244 30
1445175244 20
1445175245 23
1445175245 17
1445175245 18
1445175245 31
1445175254 30
1445175254 20
1445175255 23
1445175255 17
1445175255 18
1445175255 31
1445175257 9
1445175264 30
1445175264 20
1445175264 23
1445175264 17
1445175264 18
1445175266 29
1445175266 25
1445175266 1
1445175294 3
1445175294 27
1445175295 19
1445175295 16
1445175295 12
