1445248436 8
1445248436 147
1445248436 16
1445248436 102
1445248436 83
1445248437 8
1445248438 147
1445248440 160
1445248442 82
1445248443 67
1445248445 22
1445248445 102
1445248445 3
1445248445 75
1445248445 25
1445248445 25
1445248445 154
1445248456 102
1445248456 25
1445248456 25
1445248456 102
1445248497 75
1445248497 25
1445248503 102
1445248503 25
1445248503 25
1445248503 102
1445248539 75
1445248539 25
1445248550 102
1445248550 25
1445248550 25
1445248550 102
1445248574 75
1445248574 25
1445248584 102
1445248584 25
1445248584 25
1445248584 102
1445248614 75
1445248614 25
1445248622 102
1445248622 25
1445248622 25
1445248622 102
1445248660 75
1445248660 25
1445248668 102
1445248668 25
1445248668 25
1445248668 102
1445248711 75
1445248711 25
1445248718 102
1445248718 25
1445248718 25
1445248718 102
1445248762 75
1445248762 25
1445248768 67
1445248768 102
1445248768 25
1445248768 25
1445248801 75
1445248801 102
1445248802 160
1445248888 129
1445248889 3
1445248889 16
1445248889 16
1445248889 111
