1445076584 15
1445076584 10
1445076584 14
1445076585 17
1445076585 4
1445076585 2
1445076586 1
1445076587 3
1445076589 6
1445076589 7
1445076591 5
1445076591 22
1445076591 8
1445076591 18
1445076591 20
1445076591 16
1445076591 9
1445076613 19
1445076613 13
1445076613 12
1445076613 22
1445076659 21
1445076659 11
1445076668 19
1445076668 13
1445076668 12
1445076668 22
1445076710 21
1445076711 11
1445076718 19
1445076718 13
1445076718 12
1445076718 22
1445076761 21
1445076761 11
1445076770 19
1445076770 13
1445076770 12
1445076770 22
1445076812 21
1445076813 11
1445076822 19
1445076822 13
1445076822 12
1445076822 22
