1445088273 19
1445088273 10
1445088273 13
1445088273 17
1445088273 4
1445088274 3
1445088276 1
1445088278 2
1445088279 5
1445088279 7
1445088285 6
1445088285 21
1445088285 8
1445088285 15
1445088285 20
1445088285 16
1445088285 9
1445088295 18
1445088295 11
1445088295 12
1445088295 21
1445088335 22
1445088335 14
1445088341 18
1445088341 11
1445088341 12
1445088341 21
1445088380 22
1445088380 14
1445088386 18
1445088386 11
1445088386 12
1445088386 21
1445088424 22
1445088425 14
1445088431 18
1445088431 11
1445088431 12
1445088431 21
1445088468 22
1445088468 14
1445088473 18
1445088473 11
1445088473 12
1445088473 21
