1445088648 8
1445088648 147
1445088648 16
1445088648 102
1445088648 83
1445088648 8
1445088648 147
1445088649 160
1445088649 82
1445088649 67
1445088650 22
1445088650 102
1445088650 3
1445088650 75
1445088650 25
1445088650 25
1445088650 154
1445088652 102
1445088652 25
1445088652 25
1445088652 102
1445088662 75
1445088662 25
1445088663 102
1445088663 25
1445088663 25
1445088663 102
1445088672 75
1445088672 25
1445088672 102
1445088672 25
1445088672 25
1445088672 102
1445088681 75
1445088681 25
1445088682 102
1445088682 25
1445088682 25
1445088682 102
1445088690 75
1445088690 25
1445088691 102
1445088691 25
1445088691 25
1445088691 102
1445088699 75
1445088699 25
1445088700 102
1445088700 25
1445088700 25
1445088700 102
1445088700 67
1445088709 75
1445088709 25
1445088709 102
1445088709 25
1445088709 25
1445088710 75
1445088710 102
1445088710 160
1445088739 129
1445088739 3
