1445094588 23
1445094588 9
1445094588 17
1445094588 19
1445094588 6
1445094589 3
1445094589 2
1445094590 5
1445094591 7
1445094591 10
1445094591 8
1445094591 28
1445094591 13
1445094591 18
1445094591 21
1445094591 22
1445094591 12
1445094593 25
1445094593 15
1445094593 16
1445094593 28
1445094602 27
1445094602 14
1445094603 25
1445094603 15
1445094603 16
1445094603 28
1445094611 27
1445094611 14
1445094612 25
1445094612 15
1445094612 16
1445094612 28
1445094620 27
1445094620 14
1445094621 25
1445094621 15
1445094621 16
1445094621 28
1445094630 27
1445094630 14
1445094631 25
1445094631 15
1445094631 16
1445094631 28
1445094639 27
1445094639 14
1445094640 25
1445094640 15
1445094640 16
1445094640 28
1445094640 11
1445094647 27
1445094647 14
1445094647 25
1445094647 15
1445094647 16
1445094649 26
1445094649 24
1445094649 1
1445094677 4
1445094677 20
