1445094588 8
1445094588 147
1445094588 16
1445094588 102
1445094588 83
1445094589 8
1445094589 147
1445094590 160
1445094591 82
1445094591 67
1445094591 22
1445094591 102
1445094591 3
1445094591 75
1445094591 25
1445094591 25
1445094591 154
1445094593 102
1445094593 25
1445094593 25
1445094593 102
1445094602 75
1445094602 25
1445094603 102
1445094603 25
1445094603 25
1445094603 102
1445094611 75
1445094611 25
1445094612 102
1445094612 25
1445094612 25
1445094612 102
1445094620 75
1445094620 25
1445094621 102
1445094621 25
1445094621 25
1445094621 102
1445094630 75
1445094630 25
1445094631 102
1445094631 25
1445094631 25
1445094631 102
1445094639 75
1445094639 25
1445094640 102
1445094640 25
1445094640 25
1445094640 102
1445094640 67
1445094647 75
1445094647 25
1445094647 102
1445094647 25
1445094647 25
1445094649 75
1445094649 102
1445094649 160
1445094677 129
1445094677 3
