1445071871 24
1445071872 9
1445071872 17
1445071872 21
1445071872 6
1445071872 3
1445071873 2
1445071873 5
1445071874 8
1445071874 13
1445071874 7
1445071874 29
1445071874 11
1445071874 25
1445071874 26
1445071874 27
1445071874 12
1445071877 22
1445071877 16
1445071877 15
1445071877 29
1445071886 31
1445071886 19
1445071888 22
1445071888 16
1445071888 15
1445071888 29
1445071896 31
1445071896 19
1445071898 22
1445071898 16
1445071898 15
1445071898 29
1445071907 31
1445071907 19
1445071909 22
1445071909 16
1445071909 15
1445071909 29
1445071919 31
1445071919 19
1445071921 22
1445071921 16
1445071921 15
1445071921 29
1445071930 31
1445071930 19
1445071932 22
1445071932 16
1445071932 15
1445071932 29
1445071940 31
1445071940 19
1445071942 22
1445071942 16
1445071942 15
1445071942 29
1445071950 31
1445071950 19
1445071951 10
1445071951 22
1445071951 16
1445071951 15
1445071957 30
1445071957 28
1445071957 1
1445071976 4
1445071976 23
1445071976 20
1445071976 18
1445071976 14
