1445175459 22
1445175459 17
1445175459 20
1445175459 23
1445175459 7
1445175460 6
1445175461 4
1445175462 5
1445175465 10
1445175466 14
1445175471 8
1445175471 33
1445175471 16
1445175471 24
1445175471 26
1445175471 25
1445175471 13
1445175489 27
1445175489 18
1445175489 19
1445175489 33
1445175518 32
1445175518 21
1445175523 27
1445175523 18
1445175523 19
1445175523 33
1445175535 32
1445175535 21
1445175540 27
1445175540 18
1445175540 19
1445175540 33
1445175560 32
1445175560 21
1445175580 2
1445175580 52
1445175580 54
1445175580 54
1445175580 41
1445175580 49
1445175580 39
1445175580 113
1445175580 9
1445175580 60
1445175580 67
1445175580 72
1445175580 64
1445175580 76
1445175580 31
1445175580 57
1445175580 51
1445175580 51
1445175580 111
1445175580 111
1445175580 28
1445175580 107
1445175580 117
1445175580 118
1445175580 38
1445175580 35
1445175580 -1
1445175584 3
1445175585 3
1445175586 3
1445175587 3
1445175588 3
1445175589 3
1445175590 3
1445175591 3
1445175592 3
1445175593 3
1445175593 1
1445175593 97
1445175593 95
1445175593 93
1445175593 98
1445175593 43
1445175593 52
1445175593 54
1445175593 54
1445175593 41
1445175593 49
1445175593 39
1445175593 113
1445175593 15
1445175593 48
1445175593 61
1445175593 47
1445175593 55
1445175593 55
1445175593 37
1445175593 30
1445175593 42
1445175593 53
1445175593 54
1445175593 -1
1445175593 -1
1445175597 3
1445175598 3
1445175599 3
1445175600 3
1445175601 3
1445175602 3
1445175603 3
1445175604 3
1445175605 3
1445175606 3
1445175606 1
1445175606 97
1445175606 95
1445175606 93
1445175606 98
1445175606 43
1445175606 52
1445175606 54
1445175606 54
1445175606 41
1445175606 49
1445175606 39
1445175606 113
1445175606 15
1445175606 48
1445175606 61
1445175606 47
1445175606 55
1445175606 55
1445175606 37
1445175606 30
1445175606 42
1445175606 53
1445175606 54
1445175606 -1
1445175606 -1
1445175606 11
1445175606 -1
1445175606 -1
1445175606 -1
1445175606 -1
1445175606 -1
1445175606 65
1445175606 -1
1445175606 83
1445175606 102
1445175606 74
1445175606 46
1445175606 84
1445175606 122
1445175606 -1
1445175606 -1
1445175606 -1
1445175606 96
1445175606 68
1445175606 70
1445175606 56
1445175606 120
1445175606 126
1445175606 -1
1445175606 -1
1445175606 -1
1445175606 -1
1445175606 110
1445175606 116
1445175606 116
1445175606 75
1445175606 58
1445175606 44
1445175606 120
1445175606 125
1445175606 122
1445175606 -1
1445175606 -1
1445175606 -1
1445175606 83
1445175606 99
1445175606 77
1445175606 101
1445175606 101
1445175606 109
1445175606 112
1445175606 89
1445175606 120
1445175606 114
1445175606 122
1445175606 -1
1445175606 -1
1445175606 -1
1445175606 83
1445175606 99
1445175606 92
1445175606 82
1445175606 115
1445175606 109
1445175606 112
1445175606 89
1445175606 120
1445175606 80
1445175606 122
1445175606 -1
1445175606 -1
1445175606 -1
1445175606 90
1445175606 106
1445175606 105
1445175606 -1
1445175606 -1
1445175606 -1
1445175606 -1
1445175606 -1
1445175606 88
1445175606 59
1445175606 124
1445175606 -1
1445175606 -1
1445175606 -1
1445175606 -1
1445175606 127
1445175606 -1
1445175606 -1
1445175606 -1
1445175606 -1
1445175606 -1
1445175606 -1
1445175606 -1
1445175606 -1
1445175606 100
1445175606 -1
1445175606 90
1445175606 108
1445175606 108
1445175606 81
1445175606 123
1445175606 -1
1445175606 -1
1445175606 -1
1445175606 79
1445175606 -1
1445175606 90
1445175606 121
1445175606 86
1445175606 -1
1445175606 -1
1445175606 -1
1445175606 -1
1445175606 -1
1445175606 87
1445175606 73
1445175606 63
1445175606 104
1445175606 85
1445175606 94
1445175606 50
1445175606 62
1445175606 78
1445175606 29
1445175606 34
1445175606 36
1445175606 40
1445175606 91
1445175606 103
1445175606 45
1445175606 66
1445175606 69
1445175606 71
1445175606 119
1445175606 -1
1445175606 12
