1445175459 8
1445175459 147
1445175459 16
1445175459 102
1445175459 83
1445175460 8
1445175461 147
1445175462 160
1445175465 82
1445175466 67
1445175471 22
1445175471 102
1445175471 3
1445175471 75
1445175471 25
1445175471 25
1445175471 154
1445175489 102
1445175489 25
1445175489 25
1445175489 102
1445175518 75
1445175518 25
1445175523 102
1445175523 25
1445175523 25
1445175523 102
1445175535 75
1445175535 25
1445175540 102
1445175540 25
1445175540 25
1445175540 102
1445175560 75
1445175560 25
1445175580 20
1445175580 53
1445175580 15
1445175580 15
1445175580 44
1445175580 12
1445175580 91
1445175580 31
1445175580 36
1445175580 164
1445175580 106
1445175580 4
1445175580 106
1445175580 106
1445175580 144
1445175580 53
1445175580 53
1445175580 53
1445175580 51
1445175580 51
1445175580 152
1445175580 51
1445175580 136
1445175580 51
1445175580 152
1445175580 15
1445175580 170
1445175584 82
1445175585 82
1445175586 82
1445175587 82
1445175588 82
1445175589 82
1445175590 82
1445175591 82
1445175592 82
1445175593 82
1445175593 39
1445175593 71
1445175593 148
1445175593 62
1445175593 62
1445175593 53
1445175593 53
1445175593 15
1445175593 15
1445175593 44
1445175593 12
1445175593 91
1445175593 31
1445175593 18
1445175593 11
1445175593 4
1445175593 131
1445175593 131
1445175593 131
1445175593 152
1445175593 152
1445175593 15
1445175593 152
1445175593 15
1445175593 170
1445175593 170
1445175597 82
1445175598 82
1445175599 82
1445175600 82
1445175601 82
1445175602 82
1445175603 82
1445175604 82
1445175605 82
1445175606 82
1445175606 39
1445175606 71
1445175606 148
1445175606 62
1445175606 62
1445175606 53
1445175606 53
1445175606 15
1445175606 15
1445175606 44
1445175606 12
1445175606 91
1445175606 31
1445175606 18
1445175606 11
1445175606 4
1445175606 131
1445175606 131
1445175606 131
1445175606 152
1445175606 152
1445175606 15
1445175606 152
1445175606 15
1445175606 170
1445175606 170
1445175606 134
1445175606 170
1445175606 170
1445175606 170
1445175606 170
1445175606 170
1445175606 161
1445175606 170
1445175606 87
1445175606 10
1445175606 163
1445175606 91
1445175606 126
1445175606 40
1445175606 170
1445175606 170
1445175606 170
1445175606 68
1445175606 142
1445175606 19
1445175606 142
1445175606 31
1445175606 46
1445175606 170
1445175606 170
1445175606 170
1445175606 170
1445175606 146
1445175606 0
1445175606 0
1445175606 2
1445175606 2
1445175606 91
1445175606 31
1445175606 54
1445175606 40
1445175606 170
1445175606 170
1445175606 170
1445175606 87
1445175606 10
1445175606 163
1445175606 163
1445175606 163
1445175606 74
1445175606 74
1445175606 47
1445175606 31
1445175606 63
1445175606 40
1445175606 170
1445175606 170
1445175606 170
1445175606 87
1445175606 10
1445175606 92
1445175606 92
1445175606 74
1445175606 74
1445175606 74
1445175606 47
1445175606 31
1445175606 140
1445175606 40
1445175606 170
1445175606 170
1445175606 170
1445175606 107
1445175606 135
1445175606 112
1445175606 170
1445175606 170
1445175606 170
1445175606 170
1445175606 170
1445175606 159
1445175606 157
1445175606 24
1445175606 170
1445175606 170
1445175606 170
1445175606 170
1445175606 108
1445175606 170
1445175606 170
1445175606 170
1445175606 170
1445175606 170
1445175606 170
1445175606 170
1445175606 170
1445175606 28
1445175606 170
1445175606 107
1445175606 57
1445175606 57
1445175606 57
1445175606 56
1445175606 170
1445175606 170
1445175606 170
1445175606 28
1445175606 170
1445175606 107
1445175606 69
1445175606 57
1445175606 170
1445175606 170
1445175606 170
1445175606 170
1445175606 170
1445175606 164
1445175606 100
1445175606 32
1445175606 32
1445175606 100
1445175606 100
1445175606 144
1445175606 53
1445175606 53
1445175606 30
1445175606 30
1445175606 30
1445175606 30
1445175606 126
1445175606 19
1445175606 126
1445175606 23
1445175606 23
1445175606 19
1445175606 124
1445175606 170
1445175606 3
