1445175956 21
1445175956 9
1445175956 15
1445175957 23
1445175957 6
1445175957 3
1445175957 2
1445175957 4
1445175958 8
1445175958 13
1445175958 7
1445175958 28
1445175958 11
1445175958 19
1445175958 24
1445175958 20
1445175958 10
1445175961 22
1445175961 16
1445175961 17
1445175961 28
1445175968 26
1445175968 14
1445175969 22
1445175969 16
1445175969 17
1445175969 28
1445175977 26
1445175977 14
1445175978 22
1445175978 16
1445175978 17
1445175978 28
1445175985 26
1445175985 14
1445175986 22
1445175986 16
1445175986 17
1445175986 28
1445175993 26
1445175993 14
1445175994 22
1445175994 16
1445175994 17
1445175994 28
1445176002 26
1445176002 14
1445176003 22
1445176003 16
1445176003 17
1445176003 28
1445176003 12
1445176010 26
1445176010 14
1445176010 22
1445176010 16
1445176010 17
1445176011 27
1445176011 25
1445176011 1
1445176032 5
1445176034 18
