1445235881 8
1445235881 147
1445235881 16
1445235881 102
1445235881 83
1445235881 8
1445235882 147
1445235882 160
1445235883 82
1445235883 67
1445235883 22
1445235883 102
1445235883 3
1445235883 75
1445235883 25
1445235883 25
1445235883 154
1445235885 102
1445235885 25
1445235885 25
1445235885 102
1445235893 75
1445235893 25
1445235894 102
1445235894 25
1445235894 25
1445235894 102
1445235903 75
1445235903 25
1445235904 102
1445235904 25
1445235904 25
1445235904 102
1445235912 75
1445235912 25
1445235913 102
1445235913 25
1445235913 25
1445235913 102
1445235921 75
1445235921 25
1445235922 102
1445235922 25
1445235922 25
1445235922 102
1445235931 75
1445235931 25
1445235932 102
1445235932 25
1445235932 25
1445235932 102
1445235933 67
1445235942 75
1445235942 25
1445235942 102
1445235942 25
1445235942 25
1445235944 75
1445235944 102
1445235944 160
1445235982 129
1445235982 3
1445235982 16
1445235982 16
1445235982 111
