1445088548 22
1445088548 9
1445088548 16
1445088548 18
1445088548 6
1445088548 5
1445088548 2
1445088549 4
1445088550 8
1445088550 10
1445088551 7
1445088551 27
1445088551 11
1445088551 19
1445088551 25
1445088551 20
1445088551 12
1445088553 21
1445088553 15
1445088553 14
1445088553 27
1445088562 28
1445088562 17
1445088563 21
1445088563 15
1445088563 14
1445088563 27
1445088572 28
1445088572 17
1445088573 21
1445088573 15
1445088573 14
1445088573 27
1445088581 28
1445088581 17
1445088581 21
1445088581 15
1445088581 14
1445088581 27
1445088592 28
1445088592 17
1445088593 21
1445088593 15
1445088593 14
1445088593 27
1445088601 28
1445088601 17
1445088601 21
1445088601 15
1445088601 14
1445088601 27
1445088602 13
1445088610 28
1445088610 17
1445088610 21
1445088610 15
1445088610 14
1445088611 26
1445088611 24
1445088611 1
1445088645 3
1445088645 23
