1445088548 8
1445088548 147
1445088548 16
1445088548 102
1445088548 83
1445088548 8
1445088548 147
1445088549 160
1445088550 82
1445088550 67
1445088551 22
1445088551 102
1445088551 3
1445088551 75
1445088551 25
1445088551 25
1445088551 154
1445088553 102
1445088553 25
1445088553 25
1445088553 102
1445088562 75
1445088562 25
1445088563 102
1445088563 25
1445088563 25
1445088563 102
1445088572 75
1445088572 25
1445088573 102
1445088573 25
1445088573 25
1445088573 102
1445088581 75
1445088581 25
1445088581 102
1445088581 25
1445088581 25
1445088581 102
1445088592 75
1445088592 25
1445088593 102
1445088593 25
1445088593 25
1445088593 102
1445088601 75
1445088601 25
1445088601 102
1445088601 25
1445088601 25
1445088601 102
1445088602 67
1445088610 75
1445088610 25
1445088610 102
1445088610 25
1445088610 25
1445088611 75
1445088611 102
1445088611 160
1445088645 129
1445088645 3
