1445162660 23
1445162661 12
1445162661 15
1445162661 21
1445162661 6
1445162661 5
1445162662 3
1445162662 4
1445162663 9
1445162663 10
1445162663 8
1445162663 24
1445162663 13
1445162663 20
1445162663 19
1445162663 18
1445162663 11
1445162668 22
1445162668 14
1445162668 17
1445162668 24
1445162679 27
1445162679 16
1445162681 22
1445162681 14
1445162681 17
1445162681 24
1445162690 27
1445162690 16
1445162692 22
1445162692 14
1445162692 17
1445162692 24
1445162701 27
1445162701 16
1445162703 22
1445162703 14
1445162703 17
1445162703 24
1445162712 27
1445162712 16
1445162714 22
1445162714 14
1445162714 17
1445162714 24
1445162723 27
1445162723 16
1445162723 1
1445162723 33
1445162723 32
1445162723 32
1445162723 26
1445162723 34
1445162723 29
1445162723 42
1445162723 7
1445162723 41
1445162723 37
1445162723 39
1445162723 40
1445162723 38
1445162723 25
1445162723 36
1445162723 35
1445162723 35
1445162723 44
1445162723 44
1445162723 28
1445162723 46
1445162723 45
1445162723 43
1445162723 31
1445162723 30
1445162723 -1
1445162725 22
1445162725 14
1445162725 17
1445162725 24
1445162735 27
1445162735 16
1445162737 22
1445162737 14
1445162737 17
1445162737 24
1445162746 2
1445162747 27
1445162747 16
1445162766 2
1445162786 2
1445162806 2
1445162826 2
1445162846 2
1445162866 2
1445162886 2
1445162906 2
1445162926 2
1445162946 2
1445162966 2
1445162986 2
1445163006 2
1445163026 2
1445163046 2
1445163066 2
1445163086 2
1445163106 2
1445163126 2
1445163146 2
1445163166 2
1445163186 2
1445163206 2
1445163226 2
1445163246 2
1445163266 2
1445163286 2
1445163306 2
1445163326 2
1445163346 2
1445163366 2
1445163386 2
1445163406 2
