1445162660 8
1445162661 147
1445162661 16
1445162661 102
1445162661 83
1445162661 8
1445162662 147
1445162662 160
1445162663 82
1445162663 67
1445162663 22
1445162663 102
1445162663 3
1445162663 75
1445162663 25
1445162663 25
1445162663 154
1445162668 102
1445162668 25
1445162668 25
1445162668 102
1445162679 75
1445162679 25
1445162681 102
1445162681 25
1445162681 25
1445162681 102
1445162690 75
1445162690 25
1445162692 102
1445162692 25
1445162692 25
1445162692 102
1445162701 75
1445162701 25
1445162703 102
1445162703 25
1445162703 25
1445162703 102
1445162712 75
1445162712 25
1445162714 102
1445162714 25
1445162714 25
1445162714 102
1445162723 75
1445162723 25
1445162723 20
1445162723 53
1445162723 15
1445162723 15
1445162723 44
1445162723 12
1445162723 91
1445162723 31
1445162723 36
1445162723 164
1445162723 106
1445162723 4
1445162723 106
1445162723 106
1445162723 144
1445162723 53
1445162723 53
1445162723 53
1445162723 51
1445162723 51
1445162723 152
1445162723 51
1445162723 136
1445162723 51
1445162723 152
1445162723 15
1445162723 170
1445162725 102
1445162725 25
1445162725 25
1445162725 102
1445162735 75
1445162735 25
1445162737 102
1445162737 25
1445162737 25
1445162737 102
1445162746 33
1445162747 75
1445162747 25
1445162766 33
1445162786 33
1445162806 33
1445162826 33
1445162846 33
1445162866 33
1445162886 33
1445162906 33
1445162926 33
1445162946 33
1445162966 33
1445162986 33
1445163006 33
1445163026 33
1445163046 33
1445163066 33
1445163086 33
1445163106 33
1445163126 33
1445163146 33
1445163166 33
1445163186 33
1445163206 33
1445163226 33
1445163246 33
1445163266 33
1445163286 33
1445163306 33
1445163326 33
1445163346 33
1445163366 33
1445163386 33
1445163406 33
