1445241138 23
1445241139 12
1445241139 15
1445241139 22
1445241139 6
1445241139 5
1445241139 2
1445241140 3
1445241141 7
1445241141 9
1445241142 8
1445241142 28
1445241142 10
1445241142 24
1445241142 20
1445241142 18
1445241142 13
1445241145 21
1445241145 16
1445241145 14
1445241145 28
1445241156 26
1445241156 17
1445241158 21
1445241158 16
1445241158 14
1445241158 28
1445241168 26
1445241169 17
1445241170 21
1445241170 16
1445241170 14
1445241170 28
1445241180 26
1445241180 17
1445241182 21
1445241182 16
1445241182 14
1445241182 28
1445241191 26
1445241191 17
1445241193 21
1445241193 16
1445241193 14
1445241193 28
1445241203 26
1445241203 17
1445241205 21
1445241205 16
1445241205 14
1445241205 28
1445241216 26
1445241216 17
1445241218 21
1445241218 16
1445241218 14
1445241218 28
1445241227 26
1445241227 17
1445241228 11
1445241228 21
1445241228 16
1445241228 14
1445241237 27
1445241237 25
1445241237 1
1445241265 4
1445241265 19
