1445241138 8
1445241139 147
1445241139 16
1445241139 102
1445241139 83
1445241139 8
1445241139 147
1445241140 160
1445241141 82
1445241141 67
1445241142 22
1445241142 102
1445241142 3
1445241142 75
1445241142 25
1445241142 25
1445241142 154
1445241145 102
1445241145 25
1445241145 25
1445241145 102
1445241156 75
1445241156 25
1445241158 102
1445241158 25
1445241158 25
1445241158 102
1445241168 75
1445241169 25
1445241170 102
1445241170 25
1445241170 25
1445241170 102
1445241180 75
1445241180 25
1445241182 102
1445241182 25
1445241182 25
1445241182 102
1445241191 75
1445241191 25
1445241193 102
1445241193 25
1445241193 25
1445241193 102
1445241203 75
1445241203 25
1445241205 102
1445241205 25
1445241205 25
1445241205 102
1445241216 75
1445241216 25
1445241218 102
1445241218 25
1445241218 25
1445241218 102
1445241227 75
1445241227 25
1445241228 67
1445241228 102
1445241228 25
1445241228 25
1445241237 75
1445241237 102
1445241237 160
1445241265 129
1445241265 3
