1445092007 18
1445092007 10
1445092007 16
1445092007 25
1445092007 6
1445092007 4
1445092008 2
1445092009 5
1445092009 7
1445092009 9
1445092009 8
1445092009 27
1445092009 12
1445092009 20
1445092009 22
1445092009 24
1445092009 13
1445092012 23
1445092012 14
1445092012 17
1445092012 27
1445092022 26
1445092022 15
1445092023 23
1445092023 14
1445092023 17
1445092023 27
1445092030 26
1445092030 15
1445092032 23
1445092032 14
1445092032 17
1445092032 27
1445092041 26
1445092041 15
1445092042 23
1445092042 14
1445092042 17
1445092042 27
1445092049 26
1445092049 15
1445092050 23
1445092050 14
1445092050 17
1445092050 27
1445092057 26
1445092057 15
1445092058 23
1445092058 14
1445092058 17
1445092058 27
1445092058 11
1445092065 26
1445092065 15
1445092065 23
1445092065 14
1445092065 17
1445092066 28
1445092066 21
1445092066 1
1445092098 3
1445092098 19
