1445241137 8
1445241138 147
1445241138 16
1445241138 102
1445241138 83
1445241138 8
1445241138 147
1445241139 160
1445241140 82
1445241140 67
1445241140 22
1445241140 102
1445241140 3
1445241140 75
1445241140 25
1445241140 25
1445241140 154
1445241145 102
1445241145 25
1445241145 25
1445241145 102
1445241158 75
1445241158 25
1445241161 102
1445241161 25
1445241161 25
1445241161 102
1445241172 75
1445241172 25
1445241174 102
1445241174 25
1445241174 25
1445241174 102
1445241184 75
1445241184 25
1445241187 102
1445241187 25
1445241187 25
1445241187 102
1445241198 75
1445241198 25
1445241201 102
1445241201 25
1445241201 25
1445241201 102
1445241211 75
1445241211 25
1445241214 102
1445241214 25
1445241214 25
1445241214 102
1445241225 75
1445241225 25
1445241228 102
1445241228 25
1445241228 25
1445241228 102
1445241239 75
1445241239 25
1445241240 67
1445241240 102
1445241240 25
1445241240 25
1445241250 75
1445241250 102
1445241250 160
1445241282 129
1445241282 3
