1445071665 18
1445071665 10
1445071665 15
1445071665 20
1445071665 6
1445071665 4
1445071666 2
1445071666 3
1445071666 8
1445071667 9
1445071667 7
1445071667 26
1445071667 11
1445071667 22
1445071667 24
1445071667 19
1445071667 12
1445071670 23
1445071670 14
1445071670 17
1445071670 26
1445071680 28
1445071680 16
1445071682 23
1445071682 14
1445071682 17
1445071682 26
1445071691 28
1445071691 16
1445071694 23
1445071694 14
1445071694 17
1445071694 26
1445071705 28
1445071705 16
1445071707 23
1445071707 14
1445071707 17
1445071707 26
1445071718 28
1445071718 16
1445071720 23
1445071720 14
1445071720 17
1445071720 26
1445071730 28
1445071730 16
1445071731 23
1445071731 14
1445071731 17
1445071731 26
1445071742 28
1445071742 16
1445071743 23
1445071743 14
1445071743 17
1445071743 26
1445071752 28
1445071752 16
1445071753 13
1445071753 23
1445071753 14
1445071753 17
1445071760 27
1445071760 21
1445071760 1
1445071791 5
1445071791 25
