1445241137 8
1445241137 147
1445241137 16
1445241137 102
1445241137 83
1445241138 8
1445241138 147
1445241139 160
1445241140 82
1445241140 67
1445241140 22
1445241140 102
1445241140 3
1445241140 75
1445241140 25
1445241140 25
1445241140 154
1445241144 102
1445241144 25
1445241144 25
1445241144 102
1445241155 75
1445241156 25
1445241158 102
1445241158 25
1445241158 25
1445241158 102
1445241167 75
1445241169 25
1445241171 102
1445241171 25
1445241171 25
1445241171 102
1445241180 75
1445241180 25
1445241182 102
1445241182 25
1445241182 25
1445241182 102
1445241192 75
1445241192 25
1445241194 102
1445241194 25
1445241194 25
1445241194 102
1445241204 75
1445241204 25
1445241207 102
1445241207 25
1445241207 25
1445241207 102
1445241218 75
1445241218 25
1445241220 102
1445241220 25
1445241220 25
1445241220 102
1445241230 75
1445241230 25
1445241231 67
1445241231 102
1445241231 25
1445241231 25
1445241241 75
1445241241 102
1445241241 160
1445241266 129
1445241266 3
