1445241002 23
1445241003 9
1445241003 17
1445241003 22
1445241003 6
1445241003 4
1445241003 2
1445241004 5
1445241005 7
1445241005 12
1445241005 8
1445241005 29
1445241005 11
1445241005 27
1445241005 25
1445241005 28
1445241005 13
1445241009 24
1445241009 19
1445241009 18
1445241009 29
1445241019 30
1445241019 16
1445241021 24
1445241021 19
1445241021 18
1445241021 29
1445241031 30
1445241031 16
1445241034 24
1445241034 19
1445241034 18
1445241034 29
1445241045 30
1445241045 16
1445241047 24
1445241047 19
1445241047 18
1445241047 29
1445241057 30
1445241057 16
1445241059 24
1445241059 19
1445241059 18
1445241059 29
1445241070 30
1445241070 16
1445241072 24
1445241072 19
1445241072 18
1445241072 29
1445241081 30
1445241081 16
1445241083 24
1445241083 19
1445241083 18
1445241083 29
1445241092 30
1445241092 16
1445241094 10
1445241094 24
1445241094 19
1445241094 18
1445241102 31
1445241102 26
1445241102 1
1445241128 3
1445241128 21
1445241129 20
1445241129 15
1445241129 14
