1445241002 8
1445241003 147
1445241003 16
1445241003 102
1445241003 83
1445241003 8
1445241003 147
1445241004 160
1445241005 82
1445241005 67
1445241005 22
1445241005 102
1445241005 3
1445241005 75
1445241005 25
1445241005 25
1445241005 154
1445241009 102
1445241009 25
1445241009 25
1445241009 102
1445241019 75
1445241019 25
1445241021 102
1445241021 25
1445241021 25
1445241021 102
1445241031 75
1445241031 25
1445241034 102
1445241034 25
1445241034 25
1445241034 102
1445241045 75
1445241045 25
1445241047 102
1445241047 25
1445241047 25
1445241047 102
1445241057 75
1445241057 25
1445241059 102
1445241059 25
1445241059 25
1445241059 102
1445241070 75
1445241070 25
1445241072 102
1445241072 25
1445241072 25
1445241072 102
1445241081 75
1445241081 25
1445241083 102
1445241083 25
1445241083 25
1445241083 102
1445241092 75
1445241092 25
1445241094 67
1445241094 102
1445241094 25
1445241094 25
1445241102 75
1445241102 102
1445241102 160
1445241128 129
1445241128 3
1445241129 16
1445241129 16
1445241129 111
