1445241002 24
1445241002 13
1445241002 15
1445241002 27
1445241002 6
1445241003 3
1445241003 2
1445241004 4
1445241005 7
1445241005 14
1445241005 8
1445241005 29
1445241005 9
1445241005 28
1445241005 25
1445241005 26
1445241005 11
1445241008 23
1445241008 20
1445241008 16
1445241008 29
1445241020 31
1445241020 19
1445241022 23
1445241022 20
1445241022 16
1445241022 29
1445241032 31
1445241032 19
1445241035 23
1445241035 20
1445241035 16
1445241035 29
1445241045 31
1445241045 19
1445241048 23
1445241048 20
1445241048 16
1445241048 29
1445241058 31
1445241058 19
1445241060 23
1445241060 20
1445241060 16
1445241060 29
1445241069 31
1445241069 19
1445241072 23
1445241072 20
1445241072 16
1445241072 29
1445241082 31
1445241082 19
1445241084 23
1445241084 20
1445241084 16
1445241084 29
1445241093 31
1445241093 19
1445241095 10
1445241095 23
1445241095 20
1445241095 16
1445241103 30
1445241103 22
1445241103 1
1445241133 5
1445241134 21
1445241134 17
1445241134 18
1445241134 12
