1445096127 23
1445096127 8
1445096127 13
1445096127 17
1445096127 5
1445096127 3
1445096128 2
1445096128 4
1445096129 7
1445096129 9
1445096129 6
1445096129 26
1445096129 10
1445096129 21
1445096129 22
1445096129 20
1445096129 11
1445096131 19
1445096131 15
1445096131 14
1445096131 26
1445096141 25
1445096141 16
1445096143 19
1445096143 15
1445096143 14
1445096143 26
1445096152 25
1445096152 16
1445096154 19
1445096154 15
1445096154 14
1445096154 26
1445096163 25
1445096163 16
1445096164 19
1445096164 15
1445096164 14
1445096164 26
1445096173 25
1445096173 16
1445096174 19
1445096174 15
1445096174 14
1445096174 26
1445096183 25
1445096183 16
1445096185 19
1445096185 15
1445096185 14
1445096185 26
1445096185 12
1445096194 25
1445096194 16
1445096194 19
1445096194 15
1445096194 14
1445096195 24
1445096195 18
1445096195 1
