1445094680 8
1445094680 147
1445094680 16
1445094680 102
1445094680 83
1445094680 8
1445094681 147
1445094681 160
1445094682 82
1445094682 67
1445094682 22
1445094682 102
1445094682 3
1445094682 75
1445094682 25
1445094682 25
1445094682 154
1445094685 102
1445094685 25
1445094685 25
1445094685 102
1445094695 75
1445094695 25
1445094697 102
1445094697 25
1445094697 25
1445094697 102
1445094706 75
1445094708 25
1445094709 102
1445094709 25
1445094709 25
1445094709 102
1445094718 75
1445094718 25
1445094719 102
1445094719 25
1445094719 25
1445094719 102
1445094728 75
1445094728 25
1445094729 102
1445094729 25
1445094729 25
1445094729 102
1445094739 75
1445094740 25
1445094741 102
1445094741 25
1445094741 25
1445094741 102
1445094742 67
1445094752 75
1445094752 25
1445094752 102
1445094752 25
1445094752 25
1445094753 75
1445094753 102
1445094753 160
1445094786 129
1445094787 3
1445094787 16
1445094787 16
1445094787 111
