1445235720 8
1445235720 147
1445235720 16
1445235720 102
1445235720 83
1445235720 8
1445235721 147
1445235722 160
1445235724 82
1445235724 67
1445235726 22
1445235726 102
1445235726 3
1445235726 75
1445235726 25
1445235726 25
1445235726 154
1445235754 102
1445235754 25
1445235754 25
1445235754 102
1445235794 75
1445235794 25
1445235805 102
1445235805 25
1445235805 25
1445235805 102
1445235846 75
1445235846 25
1445235862 102
1445235862 25
1445235862 25
1445235862 102
1445235899 75
1445235901 25
1445235907 102
1445235907 25
1445235907 25
1445235907 102
1445235944 75
1445235944 25
1445235950 102
1445235950 25
1445235950 25
1445235950 102
