1445162768 21
1445162768 12
1445162768 17
1445162768 22
1445162768 6
1445162769 4
1445162771 2
1445162772 3
1445162775 8
1445162775 11
1445162778 7
1445162778 30
1445162778 10
1445162778 24
1445162778 27
1445162778 28
1445162778 9
1445162789 26
1445162789 16
1445162789 20
1445162789 30
1445162818 29
1445162818 18
1445162822 26
1445162822 16
1445162822 20
1445162822 30
1445162839 29
1445162839 18
1445162841 26
1445162841 16
1445162841 20
1445162841 30
1445162855 29
1445162855 18
1445162857 26
1445162857 16
1445162857 20
1445162857 30
1445162871 29
1445162871 18
1445162874 26
1445162874 16
1445162874 20
1445162874 30
1445162887 29
1445162887 18
1445162891 26
1445162891 16
1445162891 20
1445162891 30
1445162905 29
1445162905 18
1445162907 26
1445162907 16
1445162907 20
1445162907 30
1445162922 29
1445162922 18
1445162923 14
1445162923 26
1445162923 16
1445162923 20
1445162933 31
1445162933 23
1445162933 1
1445162971 5
1445162971 25
1445162971 15
1445162971 19
1445162971 13
