1445162660 40
1445162660 35
1445162660 37
1445162660 38
1445162660 30
1445162660 24
1445162661 8
1445162661 25
1445162662 32
1445162662 36
1445162662 34
1445162662 29
1445162662 23
1445162662 13
1445162662 12
1445162662 14
1445162662 1
1445162662 18
1445162662 7
1445162663 26
1445162663 4
1445162663 13
1445162663 12
1445162663 1
1445162663 18
1445162663 7
1445162663 26
1445162663 18
1445162663 7
1445162664 26
1445162664 18
1445162664 7
1445162665 26
1445162665 9
1445162711 14
1445162711 21
1445162711 20
1445162711 1
1445162711 18
1445162711 7
1445162728 26
1445162728 16
1445162774 14
1445162774 13
1445162774 12
1445162774 1
1445162774 18
1445162774 7
1445162774 26
1445162774 11
1445162789 14
1445162789 13
1445162789 12
1445162789 1
1445162789 18
1445162789 7
1445162790 26
1445162790 6
1445162830 14
1445162830 13
1445162830 12
1445162830 1
1445162830 18
1445162830 7
1445162831 26
1445162831 5
1445162969 14
1445162969 21
1445162969 20
1445162969 1
1445162969 18
1445162969 7
1445162971 14
1445162983 26
1445162983 17
1445162983 21
1445162983 20
1445162983 1
1445162983 18
1445162983 7
1445162992 26
1445162992 19
1445162992 22
1445162992 10
1445162992 31
1445162992 28
1445162992 39
1445162992 3
1445162992 15
1445163013 42
1445163013 48
1445163013 47
1445163013 46
1445163013 44
1445163013 43
1445163013 45
1445163053 27
1445163053 33
1445163053 2
1445163053 41
