1445162660 8
1445162660 147
1445162660 16
1445162660 102
1445162660 83
1445162660 8
1445162661 147
1445162661 160
1445162662 82
1445162662 67
1445162662 154
1445162662 0
1445162662 58
1445162662 78
1445162662 78
1445162662 58
1445162662 60
1445162662 60
1445162662 167
1445162663 167
1445162663 1
1445162663 78
1445162663 78
1445162663 60
1445162663 60
1445162663 167
1445162663 167
1445162663 60
1445162663 167
1445162664 167
1445162664 60
1445162664 167
1445162665 167
1445162665 1
1445162711 58
1445162711 78
1445162711 78
1445162711 60
1445162711 60
1445162711 167
1445162728 167
1445162728 66
1445162774 58
1445162774 78
1445162774 78
1445162774 60
1445162774 60
1445162774 167
1445162774 167
1445162774 1
1445162789 58
1445162789 78
1445162789 78
1445162789 60
1445162789 60
1445162789 167
1445162790 167
1445162790 1
1445162830 58
1445162830 78
1445162830 78
1445162830 60
1445162830 60
1445162830 167
1445162831 167
1445162831 1
1445162969 58
1445162969 78
1445162969 78
1445162969 60
1445162969 60
1445162969 167
1445162971 58
1445162983 167
1445162983 66
1445162983 78
1445162983 78
1445162983 60
1445162983 60
1445162983 167
1445162992 167
1445162992 66
1445162992 58
1445162992 0
1445162992 120
1445162992 120
1445162992 102
1445162992 160
1445162992 60
1445163013 90
1445163013 158
1445163013 117
1445163013 117
1445163013 149
1445163013 97
1445163013 97
1445163053 129
1445163053 129
1445163053 167
1445163053 3
