1445235713 17
1445235714 7
1445235714 11
1445235714 16
1445235714 4
1445235714 3
1445235715 1
1445235716 2
1445235717 6
1445235718 9
1445235721 5
1445235721 21
1445235721 8
1445235721 19
1445235721 15
1445235721 18
1445235721 10
1445235742 20
1445235742 12
1445235742 13
1445235742 21
1445235771 22
1445235775 14
1445235780 20
1445235780 12
1445235780 13
1445235780 21
1445235817 22
1445235817 14
1445235822 20
1445235822 12
1445235822 13
1445235822 21
1445235860 22
1445235860 14
1445235875 20
1445235875 12
1445235875 13
1445235875 21
1445235915 22
1445235916 14
1445235926 20
1445235926 12
1445235926 13
1445235926 21
1445235966 22
1445235966 14
1445235981 20
1445235981 12
1445235981 13
1445235981 21
