1445092100 27
1445092101 11
1445092101 15
1445092101 23
1445092101 6
1445092101 4
1445092102 2
1445092103 5
1445092104 7
1445092104 12
1445092105 8
1445092105 30
1445092105 10
1445092105 24
1445092105 25
1445092105 28
1445092105 9
1445092107 21
1445092107 17
1445092107 16
1445092107 30
1445092116 31
1445092116 19
1445092117 21
1445092117 17
1445092117 16
1445092117 30
1445092126 31
1445092126 19
1445092126 21
1445092126 17
1445092126 16
1445092126 30
1445092134 31
1445092134 19
1445092135 21
1445092135 17
1445092135 16
1445092135 30
1445092143 31
1445092143 19
1445092144 21
1445092144 17
1445092144 16
1445092144 30
1445092152 31
1445092152 19
1445092153 21
1445092153 17
1445092153 16
1445092153 30
1445092153 14
1445092161 31
1445092161 19
1445092161 21
1445092161 17
1445092161 16
1445092162 29
1445092162 22
1445092162 1
1445092193 3
1445092193 26
1445092193 18
1445092193 20
1445092193 13
