1445092100 8
1445092101 147
1445092101 16
1445092101 102
1445092101 83
1445092101 8
1445092102 147
1445092103 160
1445092104 82
1445092104 67
1445092105 22
1445092105 102
1445092105 3
1445092105 75
1445092105 25
1445092105 25
1445092105 154
1445092107 102
1445092107 25
1445092107 25
1445092107 102
1445092116 75
1445092116 25
1445092117 102
1445092117 25
1445092117 25
1445092117 102
1445092126 75
1445092126 25
1445092126 102
1445092126 25
1445092126 25
1445092126 102
1445092134 75
1445092134 25
1445092135 102
1445092135 25
1445092135 25
1445092135 102
1445092143 75
1445092143 25
1445092144 102
1445092144 25
1445092144 25
1445092144 102
1445092152 75
1445092152 25
1445092153 102
1445092153 25
1445092153 25
1445092153 102
1445092153 67
1445092161 75
1445092161 25
1445092161 102
1445092161 25
1445092161 25
1445092162 75
1445092162 102
1445092162 160
1445092193 129
1445092193 3
1445092193 16
1445092193 16
1445092193 111
