1445076570 24
1445076570 14
1445076570 19
1445076570 27
1445076570 6
1445076570 5
1445076571 2
1445076572 3
1445076572 7
1445076572 9
1445076573 8
1445076573 30
1445076573 10
1445076573 21
1445076573 22
1445076573 26
1445076573 12
1445076577 28
1445076577 17
1445076577 20
1445076577 30
1445076589 31
1445076589 16
1445076592 28
1445076592 17
1445076592 20
1445076592 30
1445076602 31
1445076602 16
1445076604 28
1445076604 17
1445076604 20
1445076604 30
1445076614 31
1445076614 16
1445076617 28
1445076617 17
1445076617 20
1445076617 30
1445076626 31
1445076626 16
1445076628 28
1445076628 17
1445076628 20
1445076628 30
1445076640 31
1445076640 16
1445076642 28
1445076642 17
1445076642 20
1445076642 30
1445076652 31
1445076652 16
1445076654 28
1445076654 17
1445076654 20
1445076654 30
1445076664 31
1445076664 16
1445076666 13
1445076666 28
1445076666 17
1445076666 20
1445076674 29
1445076674 25
1445076674 1
1445076706 4
1445076707 23
1445076707 15
1445076707 18
1445076707 11
