1445076570 8
1445076570 147
1445076570 16
1445076570 102
1445076570 83
1445076570 8
1445076571 147
1445076572 160
1445076572 82
1445076572 67
1445076573 22
1445076573 102
1445076573 3
1445076573 75
1445076573 25
1445076573 25
1445076573 154
1445076577 102
1445076577 25
1445076577 25
1445076577 102
1445076589 75
1445076589 25
1445076592 102
1445076592 25
1445076592 25
1445076592 102
1445076602 75
1445076602 25
1445076604 102
1445076604 25
1445076604 25
1445076604 102
1445076614 75
1445076614 25
1445076617 102
1445076617 25
1445076617 25
1445076617 102
1445076626 75
1445076626 25
1445076628 102
1445076628 25
1445076628 25
1445076628 102
1445076640 75
1445076640 25
1445076642 102
1445076642 25
1445076642 25
1445076642 102
1445076652 75
1445076652 25
1445076654 102
1445076654 25
1445076654 25
1445076654 102
1445076664 75
1445076664 25
1445076666 67
1445076666 102
1445076666 25
1445076666 25
1445076674 75
1445076674 102
1445076674 160
1445076706 129
1445076707 3
1445076707 16
1445076707 16
1445076707 111
