1445067485 23
1445067485 13
1445067485 17
1445067485 25
1445067485 6
1445067485 4
1445067486 2
1445067486 5
1445067487 7
1445067487 12
1445067488 8
1445067488 26
1445067488 11
1445067488 18
1445067488 22
1445067488 21
1445067488 10
1445067494 19
1445067494 15
1445067494 16
1445067494 26
1445067504 28
1445067504 14
1445067520 19
1445067520 15
1445067520 16
1445067520 26
1445067532 28
1445067532 14
1445067538 19
1445067538 15
1445067538 16
1445067538 26
1445067549 28
1445067549 14
1445067556 19
1445067556 15
1445067556 16
1445067556 26
1445067567 28
1445067567 14
1445067583 19
1445067583 15
1445067583 16
1445067583 26
1445067593 28
1445067593 14
1445067602 19
1445067602 15
1445067602 16
1445067602 26
1445067612 28
1445067612 14
1445067618 19
1445067618 15
1445067618 16
1445067618 26
1445067629 28
1445067629 14
1445067632 9
1445067632 19
1445067632 15
1445067632 16
1445067641 27
1445067641 24
1445067641 1
1445067672 3
1445067672 20
