1445067912 8
1445067912 147
1445067912 16
1445067912 102
1445067912 83
1445067913 8
1445067913 147
1445067914 160
1445067914 82
1445067914 67
1445067915 22
1445067915 102
1445067915 3
1445067915 75
1445067915 25
1445067915 25
1445067915 154
1445067918 102
1445067918 25
1445067918 25
1445067918 102
1445067928 75
1445067928 25
1445067931 102
1445067931 25
1445067931 25
1445067931 102
1445067941 75
1445067941 25
1445067946 102
1445067946 25
1445067946 25
1445067946 102
1445067956 75
1445067956 25
1445067963 102
1445067963 25
1445067963 25
1445067963 102
1445067972 75
1445067972 25
1445067977 102
1445067977 25
1445067977 25
1445067977 102
1445067986 75
1445067986 25
1445067991 102
1445067991 25
1445067991 25
1445067991 102
1445067999 75
1445067999 25
1445068002 102
1445068002 25
1445068002 25
1445068002 102
1445068012 75
1445068012 25
1445068014 67
1445068014 102
1445068014 25
1445068014 25
1445068022 75
1445068022 102
1445068022 160
1445068047 129
1445068047 3
