1445068415 27
1445068416 11
1445068416 20
1445068416 25
1445068416 6
1445068416 5
1445068416 2
1445068417 4
1445068418 7
1445068418 13
1445068418 8
1445068418 30
1445068418 10
1445068418 24
1445068418 22
1445068418 21
1445068418 14
1445068422 28
1445068422 17
1445068422 19
1445068422 30
1445068433 29
1445068433 18
1445068437 28
1445068437 17
1445068437 19
1445068437 30
1445068446 29
1445068446 18
1445068449 28
1445068449 17
1445068449 19
1445068449 30
1445068459 29
1445068459 18
1445068462 28
1445068462 17
1445068462 19
1445068462 30
1445068472 29
1445068472 18
1445068474 28
1445068474 17
1445068474 19
1445068474 30
1445068484 29
1445068484 18
1445068488 28
1445068488 17
1445068488 19
1445068488 30
1445068500 29
1445068508 18
1445068511 28
1445068511 17
1445068511 19
1445068511 30
1445068523 29
1445068523 18
1445068525 9
1445068525 28
1445068525 17
1445068525 19
1445068535 31
1445068535 26
1445068535 1
1445068563 3
1445068563 23
1445068563 15
1445068563 16
1445068563 12
