1445162526 8
1445162527 147
1445162527 16
1445162527 102
1445162527 83
1445162527 8
1445162527 147
1445162529 160
1445162530 82
1445162530 67
1445162530 22
1445162530 102
1445162530 3
1445162530 75
1445162530 25
1445162530 25
1445162531 154
1445162547 102
1445162547 25
1445162547 25
1445162547 102
1445162577 75
1445162577 25
1445162587 102
1445162587 25
1445162587 25
1445162587 102
1445162618 75
1445162618 25
1445162625 102
1445162625 25
1445162625 25
1445162625 102
1445162655 75
1445162655 25
1445162662 102
1445162662 25
1445162662 25
1445162662 102
1445162692 75
1445162692 25
1445162724 20
1445162724 53
1445162724 15
1445162724 15
1445162724 44
1445162724 12
1445162724 91
1445162724 31
1445162724 36
1445162724 164
1445162724 106
1445162724 4
1445162724 106
1445162724 106
1445162724 144
1445162724 53
1445162724 53
1445162724 53
1445162724 51
1445162724 51
1445162724 152
1445162724 51
1445162724 136
1445162724 51
1445162724 152
1445162724 15
1445162724 170
1445162728 82
1445162729 82
1445162730 82
1445162731 82
1445162732 82
1445162733 82
1445162734 82
1445162735 82
1445162736 82
1445162737 82
1445162737 39
1445162737 71
1445162737 148
1445162737 62
1445162737 62
1445162737 53
1445162737 53
1445162737 15
1445162737 15
1445162737 44
1445162737 12
1445162737 91
1445162737 31
1445162737 18
1445162737 11
1445162737 4
1445162737 131
1445162737 131
1445162737 131
1445162737 152
1445162737 152
1445162737 15
1445162737 152
1445162737 15
1445162737 170
1445162737 170
1445162741 82
1445162742 82
1445162743 82
1445162744 82
1445162745 82
1445162746 82
1445162747 82
1445162748 82
1445162749 82
1445162750 82
1445162750 39
1445162750 71
1445162750 148
1445162750 62
1445162750 62
1445162750 53
1445162750 53
1445162750 15
1445162750 15
1445162750 44
1445162750 12
1445162750 91
1445162750 31
1445162750 18
1445162750 11
1445162750 4
1445162750 131
1445162750 131
1445162750 131
1445162750 152
1445162750 152
1445162750 15
1445162750 152
1445162750 15
1445162750 170
1445162750 170
1445162750 134
1445162750 170
1445162750 170
1445162750 170
1445162750 170
1445162750 170
1445162750 161
1445162750 170
1445162750 87
1445162750 10
1445162750 163
1445162750 91
1445162750 126
1445162750 40
1445162750 170
1445162750 170
1445162750 170
1445162750 68
1445162750 142
1445162750 19
1445162750 142
1445162750 31
1445162750 46
1445162750 170
1445162750 170
1445162750 170
1445162750 170
1445162750 146
1445162750 0
1445162750 0
1445162750 2
1445162750 2
1445162750 91
1445162750 31
1445162750 54
1445162750 40
1445162750 170
1445162750 170
1445162750 170
1445162750 87
1445162750 10
1445162750 163
1445162750 163
1445162750 163
1445162750 74
1445162750 74
1445162750 47
1445162750 31
1445162750 63
1445162750 40
1445162750 170
1445162750 170
1445162750 170
1445162750 87
1445162750 10
1445162750 92
1445162750 92
1445162750 74
1445162750 74
1445162750 74
1445162750 47
1445162750 31
1445162750 140
1445162750 40
1445162750 170
1445162750 170
1445162750 170
1445162750 107
1445162750 135
1445162750 112
1445162750 170
1445162750 170
1445162750 170
1445162750 170
1445162750 170
1445162750 159
1445162750 157
1445162750 24
1445162750 170
1445162750 170
1445162750 170
1445162750 170
1445162750 108
1445162750 170
1445162750 170
1445162750 170
1445162750 170
1445162750 170
1445162750 170
1445162750 170
1445162750 170
1445162750 28
1445162750 170
1445162750 107
1445162750 57
1445162750 57
1445162750 57
1445162750 56
1445162750 170
1445162750 170
1445162750 170
1445162750 28
1445162750 170
1445162750 107
1445162750 69
1445162750 57
1445162750 170
1445162750 170
1445162750 170
1445162750 170
1445162750 170
1445162750 164
1445162750 100
1445162750 32
1445162750 32
1445162750 100
1445162750 100
1445162750 144
1445162750 53
1445162750 53
1445162750 30
1445162750 30
1445162750 30
1445162750 30
1445162750 126
1445162750 19
1445162750 126
1445162750 23
1445162750 23
1445162750 19
1445162750 124
1445162750 170
1445162750 3
