1445175192 21
1445175192 13
1445175192 18
1445175192 27
1445175192 6
1445175193 3
1445175193 2
1445175194 5
1445175195 7
1445175195 12
1445175195 8
1445175195 29
1445175195 9
1445175195 26
1445175195 28
1445175195 25
1445175195 10
1445175198 23
1445175198 16
1445175198 17
1445175198 29
1445175206 31
1445175206 20
1445175207 23
1445175207 16
1445175207 17
1445175207 29
1445175215 31
1445175215 20
1445175216 23
1445175216 16
1445175216 17
1445175216 29
1445175224 31
1445175224 20
1445175225 23
1445175225 16
1445175225 17
1445175225 29
1445175232 31
1445175232 20
1445175233 23
1445175233 16
1445175233 17
1445175233 29
1445175241 31
1445175241 20
1445175242 23
1445175242 16
1445175242 17
1445175242 29
1445175243 14
1445175250 31
1445175250 20
1445175250 23
1445175250 16
1445175250 17
1445175251 30
1445175251 24
1445175251 1
1445175272 4
1445175272 22
1445175272 19
1445175272 15
1445175272 11
