1445241002 22
1445241002 13
1445241002 15
1445241002 18
1445241002 6
1445241002 3
1445241002 2
1445241003 4
1445241004 8
1445241004 10
1445241005 7
1445241005 26
1445241005 9
1445241005 23
1445241005 24
1445241005 25
1445241005 11
1445241010 20
1445241010 17
1445241010 16
1445241010 26
1445241021 28
1445241021 14
1445241023 20
1445241023 17
1445241023 16
1445241023 26
1445241034 28
1445241034 14
1445241036 20
1445241036 17
1445241036 16
1445241036 26
1445241049 28
1445241049 14
1445241051 20
1445241051 17
1445241051 16
1445241051 26
1445241060 28
1445241060 14
1445241061 20
1445241061 17
1445241061 16
1445241061 26
1445241071 28
1445241071 14
1445241073 20
1445241073 17
1445241073 16
1445241073 26
1445241083 28
1445241083 14
1445241085 20
1445241085 17
1445241085 16
1445241085 26
1445241095 28
1445241095 14
1445241096 12
1445241096 20
1445241096 17
1445241096 16
1445241105 27
1445241105 21
1445241105 1
1445241138 5
1445241139 19
