1445241002 8
1445241002 147
1445241002 16
1445241002 102
1445241002 83
1445241002 8
1445241002 147
1445241003 160
1445241004 82
1445241004 67
1445241005 22
1445241005 102
1445241005 3
1445241005 75
1445241005 25
1445241005 25
1445241005 154
1445241010 102
1445241010 25
1445241010 25
1445241010 102
1445241021 75
1445241021 25
1445241023 102
1445241023 25
1445241023 25
1445241023 102
1445241034 75
1445241034 25
1445241036 102
1445241036 25
1445241036 25
1445241036 102
1445241049 75
1445241049 25
1445241051 102
1445241051 25
1445241051 25
1445241051 102
1445241060 75
1445241060 25
1445241061 102
1445241061 25
1445241061 25
1445241061 102
1445241071 75
1445241071 25
1445241073 102
1445241073 25
1445241073 25
1445241073 102
1445241083 75
1445241083 25
1445241085 102
1445241085 25
1445241085 25
1445241085 102
1445241095 75
1445241095 25
1445241096 67
1445241096 102
1445241096 25
1445241096 25
1445241105 75
1445241105 102
1445241105 160
1445241138 129
1445241139 3
