1445235986 22
1445235986 9
1445235986 15
1445235986 24
1445235986 6
1445235986 5
1445235986 2
1445235987 3
1445235987 8
1445235987 10
1445235988 7
1445235988 26
1445235988 11
1445235988 20
1445235988 18
1445235988 21
1445235988 12
1445235989 19
1445235989 17
1445235989 16
1445235989 26
1445235997 27
1445235997 14
1445235999 19
1445235999 17
1445235999 16
1445235999 26
1445236012 27
1445236012 14
1445236013 19
1445236013 17
1445236013 16
1445236013 26
1445236022 27
1445236022 14
1445236023 19
1445236023 17
1445236023 16
1445236023 26
1445236031 27
1445236031 14
1445236032 19
1445236032 17
1445236032 16
1445236032 26
1445236041 27
1445236041 14
1445236042 19
1445236042 17
1445236042 16
1445236042 26
1445236042 13
1445236050 27
1445236050 14
1445236050 19
1445236050 17
1445236050 16
1445236051 28
1445236051 25
1445236051 1
1445236087 4
1445236087 23
