1445235986 8
1445235986 147
1445235986 16
1445235986 102
1445235986 83
1445235986 8
1445235986 147
1445235987 160
1445235987 82
1445235987 67
1445235988 22
1445235988 102
1445235988 3
1445235988 75
1445235988 25
1445235988 25
1445235988 154
1445235989 102
1445235989 25
1445235989 25
1445235989 102
1445235997 75
1445235997 25
1445235999 102
1445235999 25
1445235999 25
1445235999 102
1445236012 75
1445236012 25
1445236013 102
1445236013 25
1445236013 25
1445236013 102
1445236022 75
1445236022 25
1445236023 102
1445236023 25
1445236023 25
1445236023 102
1445236031 75
1445236031 25
1445236032 102
1445236032 25
1445236032 25
1445236032 102
1445236041 75
1445236041 25
1445236042 102
1445236042 25
1445236042 25
1445236042 102
1445236042 67
1445236050 75
1445236050 25
1445236050 102
1445236050 25
1445236050 25
1445236051 75
1445236051 102
1445236051 160
1445236087 129
1445236087 3
