1445247564 8
1445247564 147
1445247564 16
1445247564 102
1445247564 83
1445247564 8
1445247565 147
1445247566 160
1445247567 82
1445247567 67
1445247567 22
1445247567 102
1445247567 3
1445247567 75
1445247567 25
1445247567 25
1445247567 154
1445247571 102
1445247571 25
1445247571 25
1445247571 102
1445247581 75
1445247581 25
1445247582 102
1445247582 25
1445247582 25
1445247582 102
1445247591 75
1445247591 25
1445247594 102
1445247594 25
1445247594 25
1445247594 102
1445247604 75
1445247604 25
1445247606 102
1445247606 25
1445247606 25
1445247606 102
1445247616 75
1445247616 25
1445247618 102
1445247618 25
1445247618 25
1445247618 102
1445247627 75
1445247627 25
1445247629 102
1445247629 25
1445247629 25
1445247629 102
1445247638 75
1445247638 25
1445247640 102
1445247640 25
1445247640 25
1445247640 102
1445247649 75
1445247649 25
1445247650 67
1445247650 102
1445247650 25
1445247650 25
1445247658 75
1445247658 102
1445247658 160
1445247692 129
1445247692 3
1445247692 16
1445247692 16
1445247692 111
