1445175277 8
1445175277 147
1445175277 16
1445175277 102
1445175277 83
1445175277 8
1445175277 147
1445175278 160
1445175278 82
1445175278 67
1445175279 22
1445175279 102
1445175279 3
1445175279 75
1445175279 25
1445175279 25
1445175279 154
1445175281 102
1445175281 25
1445175281 25
1445175281 102
1445175291 75
1445175291 25
1445175292 102
1445175292 25
1445175292 25
1445175292 102
1445175299 75
1445175299 25
1445175300 102
1445175300 25
1445175300 25
1445175300 102
1445175308 75
1445175308 25
1445175309 102
1445175309 25
1445175309 25
1445175309 102
1445175316 75
1445175316 25
1445175317 67
1445175317 102
1445175317 25
1445175317 25
1445175323 75
1445175323 102
1445175323 160
1445175339 129
1445175340 3
1445175340 16
1445175340 16
1445175340 111
