1445088249 35
1445088249 35
1445088249 35
1445088250 35
1445088251 35
1445088251 35
1445088251 35
1445088251 35
1445088251 35
1445088251 35
1445088251 35
1445088251 35
1445088251 35
1445088251 35
1445088251 35
1445088251 35
1445088251 35
1445088251 35
1445088251 35
1445088251 35
1445088251 35
1445088251 35
1445088251 35
1445088251 35
1445088251 35
1445088251 35
1445088251 35
1445088251 35
1445088252 35
1445088252 35
1445088252 35
1445088252 35
1445088252 35
1445088252 35
1445088252 8
1445088252 35
1445088252 35
1445088252 35
1445088252 35
1445088252 35
1445088252 35
1445088252 35
1445088252 64
1445088252 5
1445088252 64
1445088252 35
1445088252 35
1445088252 35
1445088252 35
1445088253 35
1445088253 35
1445088253 35
1445088253 35
1445088253 35
1445088253 35
1445088253 35
1445088253 35
1445088253 35
1445088253 35
1445088253 35
1445088253 35
1445088253 35
1445088253 35
1445088253 35
1445088253 35
1445088253 35
1445088253 35
1445088253 35
1445088253 35
1445088253 35
1445088253 35
1445088253 35
1445088253 35
1445088253 35
1445088253 35
1445088253 35
1445088253 35
1445088253 35
1445088253 35
1445088253 35
1445088253 35
1445088253 35
1445088253 35
1445088253 35
1445088253 35
1445088253 35
1445088253 35
1445088253 35
1445088253 35
1445088253 35
1445088253 35
1445088253 35
1445088253 35
1445088253 35
1445088253 35
1445088253 35
1445088253 35
1445088253 35
1445088253 35
1445088253 35
1445088253 35
1445088253 35
1445088253 35
1445088253 35
1445088253 35
1445088253 35
1445088253 35
1445088253 35
1445088253 35
1445088253 35
1445088253 35
1445088253 35
1445088253 35
1445088253 35
1445088253 35
1445088253 35
1445088253 35
1445088253 35
1445088253 35
1445088253 35
1445088254 35
1445088254 35
1445088254 35
1445088254 35
1445088255 35
1445088255 35
1445088255 35
1445088255 35
1445088255 35
1445088255 35
1445088255 35
1445088255 35
1445088255 35
1445088255 35
1445088255 35
1445088255 35
1445088255 35
1445088255 35
1445088255 35
1445088255 35
1445088255 35
1445088255 35
1445088255 35
1445088255 35
1445088255 35
1445088255 35
1445088255 35
1445088255 35
1445088255 35
1445088255 35
1445088255 35
1445088255 35
1445088255 35
1445088255 35
1445088255 35
1445088255 35
1445088255 35
1445088255 35
1445088255 35
1445088255 35
1445088255 35
1445088255 35
1445088255 35
1445088255 35
1445088255 35
1445088255 35
1445088255 35
1445088255 35
1445088255 35
1445088255 35
1445088255 35
1445088255 35
1445088255 35
1445088255 35
1445088255 35
1445088255 35
1445088255 35
1445088255 35
1445088255 35
1445088255 35
1445088255 35
1445088255 35
1445088255 35
1445088255 35
1445088255 35
1445088255 35
1445088255 35
1445088255 35
1445088255 35
1445088255 35
1445088255 35
1445088255 35
1445088255 35
1445088255 35
1445088255 35
1445088255 35
1445088255 35
1445088255 35
1445088255 35
1445088255 35
1445088255 35
1445088255 35
1445088255 35
1445088255 35
1445088255 35
1445088255 35
1445088255 35
1445088255 35
1445088255 35
1445088255 35
1445088255 35
1445088255 35
1445088255 35
1445088255 35
1445088255 35
1445088255 35
1445088255 35
1445088255 35
1445088255 35
1445088255 35
1445088255 35
1445088255 35
1445088255 35
1445088255 35
1445088255 35
1445088255 35
1445088255 35
1445088255 35
1445088256 35
1445088256 35
1445088256 35
1445088256 35
1445088256 35
1445088256 35
1445088256 35
1445088256 35
1445088256 35
1445088256 35
1445088256 35
1445088256 35
1445088256 35
1445088256 35
1445088256 35
1445088256 35
1445088256 35
1445088256 35
1445088256 35
1445088256 35
1445088256 35
1445088256 35
1445088256 35
1445088256 35
1445088256 35
1445088256 35
1445088256 35
1445088256 35
1445088256 35
1445088256 35
1445088256 35
1445088256 35
1445088257 35
1445088257 35
1445088257 35
1445088257 35
1445088257 35
1445088257 35
1445088257 35
1445088257 35
1445088257 35
1445088257 35
1445088257 35
1445088257 35
1445088257 35
1445088257 35
1445088257 35
1445088257 35
1445088257 35
1445088257 35
1445088257 35
1445088257 35
1445088257 35
1445088257 35
1445088257 35
1445088257 35
1445088257 35
1445088257 35
1445088257 35
1445088257 35
1445088257 35
1445088258 35
1445088258 35
1445088258 35
1445088258 35
1445088258 35
1445088258 35
1445088259 35
1445088259 35
1445088259 110
1445088259 35
1445088259 35
1445088259 35
1445088259 35
1445088259 35
1445088259 35
1445088259 35
1445088259 35
1445088260 35
1445088260 35
1445088261 35
1445088261 35
1445088261 35
1445088265 35
1445088265 35
1445088265 35
1445088265 35
1445088266 35
1445088266 35
1445088267 35
1445088267 35
1445088268 35
1445088268 35
1445088269 35
1445088269 35
1445088270 35
1445088270 35
1445088271 35
1445088273 35
1445088273 35
1445088274 35
1445088275 35
1445088275 35
1445088275 35
1445088275 35
1445088276 35
1445088276 35
1445088276 35
1445088276 35
1445088276 35
1445088276 35
1445088276 35
1445088276 35
1445088276 35
1445088276 35
1445088276 35
1445088276 35
1445088276 35
1445088276 35
1445088276 35
1445088276 35
1445088276 35
1445088277 35
1445088277 35
1445088278 35
1445088278 35
1445088278 35
1445088279 35
1445088279 35
1445088280 35
1445088282 35
1445088282 35
1445088282 35
1445088282 35
1445088282 35
1445088283 35
1445088285 35
1445088285 35
1445088285 35
1445088286 35
1445088286 35
1445088286 35
1445088287 35
1445088287 35
1445088288 35
1445088288 35
1445088288 35
1445088289 35
1445088289 35
1445088289 35
1445088289 35
1445088289 35
1445088290 35
1445088290 35
1445088291 35
1445088291 35
1445088292 35
1445088292 35
1445088292 35
1445088292 35
1445088292 35
1445088293 35
1445088293 35
1445088294 35
1445088295 35
1445088295 35
1445088295 35
1445088295 35
1445088296 35
1445088296 35
1445088296 35
1445088296 35
1445088297 35
1445088298 35
1445088298 35
1445088298 35
1445088298 35
1445088299 35
1445088299 35
1445088299 35
1445088300 35
1445088300 35
1445088300 35
1445088300 35
1445088301 35
1445088301 35
1445088301 35
1445088301 35
1445088302 35
1445088302 35
1445088303 35
1445088303 35
1445088303 35
1445088303 35
1445088304 35
1445088304 35
1445088304 35
1445088305 35
1445088305 35
1445088305 35
1445088306 35
1445088306 35
1445088307 35
1445088307 35
1445088307 35
1445088307 35
1445088307 35
1445088307 35
1445088308 35
1445088309 35
1445088309 35
1445088310 35
1445088310 35
1445088310 35
1445088310 35
1445088310 35
1445088310 35
1445088310 35
1445088311 35
1445088311 35
1445088311 35
1445088311 35
1445088312 35
1445088313 35
1445088313 35
1445088313 35
1445088313 35
1445088314 35
1445088314 35
1445088314 35
1445088314 35
1445088314 35
1445088314 35
1445088315 35
1445088315 35
1445088316 35
1445088316 35
1445088316 35
1445088316 35
1445088317 35
1445088317 35
1445088318 35
1445088318 35
1445088318 35
1445088318 35
1445088318 35
1445088318 35
1445088318 35
1445088319 35
1445088319 35
1445088320 35
1445088320 35
1445088320 35
1445088321 35
1445088321 35
1445088321 35
1445088322 35
1445088322 35
1445088322 35
1445088322 35
1445088322 35
1445088322 35
1445088323 35
1445088323 35
1445088323 35
1445088323 35
1445088324 35
1445088325 35
1445088325 35
1445088325 35
1445088325 35
1445088325 35
1445088325 35
1445088325 35
1445088325 35
1445088326 35
1445088326 35
1445088326 35
1445088326 35
1445088328 35
1445088328 35
1445088328 35
1445088328 35
1445088328 35
1445088329 35
1445088329 35
1445088329 35
1445088329 35
1445088329 35
1445088330 35
1445088330 35
1445088330 35
1445088331 35
1445088331 35
1445088331 35
1445088332 35
1445088332 35
1445088332 35
1445088332 35
1445088332 35
1445088333 35
1445088333 35
1445088333 35
1445088334 35
1445088334 35
1445088334 35
1445088334 35
1445088335 35
1445088335 35
1445088335 35
1445088336 35
1445088336 35
1445088336 35
1445088336 35
1445088337 35
1445088337 35
1445088337 35
1445088338 35
1445088338 35
1445088338 35
1445088338 35
1445088338 35
1445088339 35
1445088339 35
1445088339 35
1445088340 35
1445088340 35
1445088340 35
1445088340 35
1445088340 35
1445088341 35
1445088341 35
1445088342 35
1445088342 35
1445088342 35
1445088343 35
1445088343 35
1445088343 35
1445088343 35
1445088343 35
1445088343 35
1445088344 35
1445088344 35
1445088344 35
1445088345 35
1445088346 35
1445088346 35
1445088346 35
1445088346 35
1445088346 35
1445088346 35
1445088346 35
1445088346 35
1445088347 35
1445088347 35
1445088348 35
1445088349 35
1445088349 35
1445088349 35
1445088349 35
1445088349 35
1445088349 35
1445088350 35
1445088350 35
1445088350 35
1445088350 35
1445088350 35
1445088350 35
1445088352 35
1445088352 35
1445088352 35
1445088352 35
1445088353 35
1445088353 35
1445088353 35
1445088353 35
1445088353 35
1445088354 35
1445088354 35
1445088354 35
1445088354 35
1445088355 35
1445088355 35
1445088355 35
1445088356 35
1445088356 35
1445088357 35
1445088357 35
1445088357 35
1445088357 35
1445088357 35
1445088358 35
1445088358 35
1445088358 35
1445088359 35
1445088359 35
1445088359 35
1445088360 35
1445088360 35
1445088360 35
1445088360 35
1445088361 35
1445088361 35
1445088361 35
1445088362 35
1445088362 35
1445088362 35
1445088363 35
1445088363 35
1445088363 35
1445088363 35
1445088364 35
1445088364 35
1445088364 35
1445088364 35
1445088366 35
1445088366 35
1445088366 35
1445088367 35
1445088367 35
1445088367 35
1445088367 35
1445088367 35
1445088368 35
1445088368 35
1445088368 35
1445088369 35
1445088369 35
1445088369 35
1445088369 35
1445088369 35
1445088369 35
1445088369 35
1445088369 35
1445088369 35
1445088369 35
1445088369 35
1445088370 35
1445088370 35
1445088370 35
1445088370 35
1445088370 35
1445088370 35
1445088370 35
1445088370 35
1445088370 35
1445088370 35
1445088370 35
1445088370 35
1445088370 35
1445088370 35
1445088370 35
1445088371 35
1445088371 35
1445088371 35
1445088371 35
1445088371 35
1445088371 35
1445088371 113
1445088371 119
1445088371 170
1445088371 35
1445088371 35
1445088371 35
1445088372 35
1445088372 35
1445088372 35
1445088374 35
1445088374 35
1445088374 35
1445088374 35
1445088374 35
1445088374 35
1445088375 35
1445088375 35
1445088375 35
1445088376 35
1445088376 35
1445088377 35
1445088377 35
1445088377 35
1445088377 35
1445088377 35
1445088377 35
1445088377 35
1445088377 35
1445088377 35
1445088377 35
1445088377 35
1445088377 35
1445088377 35
1445088377 35
1445088377 35
1445088378 35
1445088378 35
1445088378 35
1445088378 35
1445088378 35
1445088378 35
1445088378 35
1445088378 35
1445088379 35
1445088379 35
1445088380 35
1445088380 35
1445088380 35
1445088380 35
1445088381 35
1445088381 35
1445088381 35
1445088381 35
1445088381 35
1445088381 35
1445088382 35
1445088382 35
1445088382 35
1445088382 35
1445088383 35
1445088383 35
1445088383 35
1445088383 35
1445088383 35
1445088383 35
1445088383 35
1445088383 35
1445088383 35
1445088383 35
1445088383 35
1445088383 35
1445088383 35
1445088383 35
1445088384 35
1445088384 35
1445088384 35
1445088384 35
1445088384 35
1445088384 35
1445088384 35
1445088384 35
1445088384 35
1445088384 35
1445088384 35
1445088384 35
1445088384 35
1445088384 35
1445088384 113
1445088384 119
1445088384 170
1445088384 35
1445088385 35
1445088385 35
1445088385 35
1445088385 35
1445088385 35
1445088385 35
1445088385 35
1445088385 113
1445088385 119
1445088385 170
1445088385 35
1445088385 35
1445088385 35
1445088385 35
1445088385 35
1445088385 35
1445088385 35
1445088385 35
1445088385 35
1445088385 35
1445088385 35
1445088385 35
1445088385 35
1445088385 35
1445088385 35
1445088385 35
1445088385 35
1445088385 35
1445088385 35
1445088385 35
1445088385 35
1445088386 35
1445088386 35
1445088386 35
1445088386 35
1445088386 35
1445088387 35
1445088387 35
1445088387 35
1445088388 35
1445088388 35
1445088388 35
1445088388 35
1445088388 35
1445088388 35
1445088388 35
1445088389 35
1445088389 35
1445088389 35
1445088389 35
1445088389 35
1445088390 35
1445088390 35
1445088390 35
1445088390 35
1445088391 35
1445088391 35
1445088391 35
1445088392 35
1445088392 35
1445088392 35
1445088392 35
1445088393 35
1445088393 35
1445088393 35
1445088393 35
1445088393 35
1445088394 35
1445088394 35
1445088394 35
1445088395 35
1445088395 35
1445088395 35
1445088395 35
1445088395 35
1445088395 35
1445088396 35
1445088396 35
1445088396 35
1445088396 35
1445088397 35
1445088397 35
1445088397 35
1445088398 35
1445088398 35
1445088398 35
1445088398 35
1445088399 35
1445088399 35
1445088399 35
1445088399 35
1445088399 35
1445088399 35
1445088399 35
1445088400 35
1445088400 35
1445088401 35
1445088401 35
1445088401 35
1445088401 35
1445088402 35
1445088402 35
1445088402 35
1445088402 35
1445088402 35
1445088402 35
1445088402 35
1445088403 35
1445088403 35
1445088403 35
1445088403 35
1445088404 35
1445088404 35
1445088404 35
1445088405 35
1445088405 35
1445088405 35
1445088406 35
1445088406 35
1445088406 35
1445088406 35
1445088406 35
1445088406 35
1445088406 35
1445088407 35
1445088407 35
1445088407 35
1445088408 35
1445088408 35
1445088408 35
1445088408 35
1445088409 35
1445088409 35
1445088409 35
1445088410 35
1445088410 35
1445088410 35
1445088410 35
1445088410 35
1445088410 35
1445088411 35
1445088411 35
1445088411 35
1445088412 35
1445088412 35
1445088412 35
1445088412 35
1445088413 35
1445088413 35
1445088413 35
1445088413 35
1445088413 35
1445088414 35
1445088414 35
1445088414 35
1445088415 35
1445088415 35
1445088415 35
1445088415 35
1445088416 35
1445088416 35
1445088416 35
1445088416 35
1445088416 35
1445088417 35
1445088417 35
1445088417 35
1445088418 35
1445088418 35
1445088418 35
1445088419 35
1445088419 35
1445088419 35
1445088419 35
1445088419 35
1445088420 35
1445088420 35
1445088420 35
1445088420 35
1445088421 35
1445088421 35
1445088421 35
1445088422 35
1445088422 35
1445088422 35
1445088422 35
1445088423 35
1445088423 35
1445088423 35
1445088423 35
1445088423 35
1445088423 35
1445088424 35
1445088424 35
1445088424 35
1445088424 35
1445088424 35
1445088425 35
1445088425 35
1445088425 35
1445088426 35
1445088426 35
1445088426 35
1445088427 35
1445088427 35
1445088427 35
1445088427 35
1445088427 35
1445088427 35
1445088427 35
1445088428 35
1445088428 35
1445088428 35
1445088428 35
1445088428 35
1445088428 35
1445088428 35
1445088428 35
1445088428 35
1445088428 35
1445088428 35
1445088428 35
1445088428 35
1445088428 35
1445088428 35
1445088428 35
1445088428 35
1445088428 35
1445088428 35
1445088428 35
1445088428 35
1445088428 35
1445088428 35
1445088428 35
1445088428 35
1445088428 35
1445088428 35
1445088428 35
1445088428 35
1445088428 35
1445088428 35
1445088428 35
1445088428 35
1445088428 35
1445088428 35
1445088428 35
1445088428 35
1445088428 35
1445088428 35
1445088428 35
1445088429 35
1445088429 35
1445088430 35
1445088430 35
1445088430 35
1445088430 35
1445088430 35
1445088430 35
1445088430 35
1445088431 35
1445088431 35
1445088431 35
1445088431 35
1445088431 35
1445088431 35
1445088431 35
1445088431 35
1445088431 35
1445088431 89
1445088431 35
1445088431 35
1445088431 35
1445088431 89
1445088431 35
1445088431 35
1445088431 35
1445088431 35
1445088431 35
1445088431 35
1445088431 35
1445088431 35
1445088431 89
1445088431 35
1445088431 35
1445088431 35
1445088431 35
1445088431 35
1445088431 35
1445088431 35
1445088431 89
1445088431 35
1445088431 35
1445088431 35
1445088431 35
1445088431 89
1445088431 35
1445088431 35
1445088431 35
1445088431 35
1445088432 35
1445088432 35
1445088432 35
1445088433 35
1445088433 35
1445088433 35
1445088433 35
1445088434 35
1445088434 35
1445088434 35
1445088434 35
1445088434 35
1445088434 35
1445088434 35
1445088435 35
1445088435 35
1445088435 35
1445088435 35
1445088436 35
1445088436 35
1445088436 36
1445088436 164
1445088436 106
1445088436 4
1445088436 106
1445088436 106
1445088436 61
1445088436 15
1445088436 61
1445088436 61
1445088436 61
1445088436 61
1445088436 35
1445088436 35
1445088437 35
1445088437 35
1445088437 35
1445088437 36
1445088437 164
1445088437 106
1445088437 4
1445088437 106
1445088437 106
1445088437 61
1445088437 15
1445088437 61
1445088437 61
1445088437 61
1445088437 61
1445088437 35
1445088437 35
1445088437 36
1445088437 164
1445088437 106
1445088437 4
1445088437 106
1445088437 106
1445088437 61
1445088437 15
1445088437 61
1445088437 61
1445088437 61
1445088437 61
1445088437 35
1445088437 35
1445088437 36
1445088437 164
1445088437 106
1445088437 4
1445088437 106
1445088437 106
1445088437 61
1445088437 15
1445088437 61
1445088437 61
1445088437 61
1445088437 61
1445088437 35
1445088437 35
1445088437 35
1445088437 36
1445088437 164
1445088437 106
1445088437 4
1445088437 106
1445088437 106
1445088437 61
1445088437 15
1445088437 61
1445088437 61
1445088437 61
1445088437 61
1445088438 35
1445088439 35
1445088439 35
1445088439 35
1445088440 35
1445088440 35
1445088440 35
1445088441 35
1445088441 35
1445088441 35
1445088441 35
1445088442 35
1445088442 35
1445088442 35
1445088443 35
1445088443 35
1445088444 35
1445088444 35
1445088444 35
1445088444 35
1445088445 35
1445088445 35
1445088445 35
1445088445 35
1445088446 35
1445088446 35
1445088447 35
1445088447 35
1445088447 35
1445088448 35
1445088448 35
1445088448 35
1445088449 35
1445088449 35
1445088449 35
1445088449 35
1445088450 35
1445088451 35
1445088451 35
1445088451 35
1445088451 35
1445088451 35
1445088451 35
1445088452 35
1445088452 35
1445088453 35
1445088453 35
1445088453 35
1445088454 35
1445088454 35
1445088454 35
1445088454 35
1445088455 35
1445088455 35
1445088455 35
1445088455 35
1445088455 35
1445088456 35
1445088456 35
1445088456 35
1445088457 35
1445088457 35
1445088457 35
1445088458 35
1445088458 35
1445088458 35
1445088458 35
1445088459 35
1445088459 35
1445088460 35
1445088460 35
1445088460 35
1445088460 35
1445088461 35
1445088461 35
1445088461 35
1445088462 35
1445088462 35
1445088462 35
1445088463 35
1445088463 35
1445088463 35
1445088464 35
1445088464 35
1445088464 35
1445088465 35
1445088465 35
1445088465 35
1445088466 35
1445088466 35
1445088466 35
1445088467 35
1445088467 35
1445088467 35
1445088467 35
1445088468 35
1445088468 35
1445088469 35
1445088469 35
1445088469 35
1445088470 35
1445088470 35
1445088470 35
1445088470 35
1445088471 35
1445088471 35
1445088472 35
1445088472 35
1445088472 35
1445088472 35
1445088473 35
1445088473 35
1445088474 35
1445088474 35
1445088474 35
1445088475 35
1445088475 35
1445088475 35
1445088475 35
1445088476 35
1445088476 35
1445088476 35
1445088477 35
1445088477 35
1445088478 35
1445088478 35
1445088478 35
1445088479 35
1445088479 35
1445088479 35
1445088479 35
1445088480 35
1445088480 35
1445088480 35
1445088481 35
1445088481 35
1445088482 35
1445088482 35
1445088482 35
1445088483 35
1445088483 35
1445088483 35
1445088483 35
1445088484 35
1445088484 35
1445088484 35
1445088485 35
1445088485 35
1445088486 35
1445088486 35
1445088486 35
1445088486 35
1445088486 35
1445088487 35
1445088487 35
1445088487 35
1445088488 35
1445088489 35
1445088489 35
1445088489 35
1445088490 35
1445088490 35
1445088490 35
1445088490 35
1445088490 35
1445088491 35
1445088491 35
1445088492 35
1445088492 35
1445088493 35
1445088493 35
1445088493 35
1445088493 35
1445088493 35
1445088493 35
1445088493 35
1445088493 35
1445088493 35
1445088493 35
1445088493 35
1445088493 35
1445088493 35
1445088493 35
1445088493 35
1445088493 35
1445088493 35
1445088493 35
1445088493 35
1445088493 35
1445088493 35
1445088493 35
1445088493 35
1445088493 35
1445088493 35
1445088493 35
1445088493 35
1445088493 35
1445088493 89
1445088493 35
1445088493 35
1445088493 35
1445088493 35
1445088493 35
1445088493 35
1445088493 35
1445088493 35
1445088493 35
1445088493 35
1445088494 35
1445088494 35
1445088494 35
1445088494 113
1445088494 119
1445088494 170
1445088494 35
1445088494 35
1445088495 35
1445088496 35
1445088496 35
1445088496 36
1445088496 164
1445088496 106
1445088496 4
1445088496 106
1445088496 106
1445088496 61
1445088496 15
1445088496 61
1445088496 61
1445088496 61
1445088496 61
1445088496 35
1445088496 35
1445088496 35
1445088496 35
1445088496 35
1445088497 35
1445088497 35
1445088497 35
1445088497 35
1445088497 35
1445088497 113
1445088497 119
1445088497 170
1445088497 35
1445088498 35
1445088498 35
1445088499 35
1445088499 35
1445088500 35
1445088500 35
1445088500 35
1445088500 35
1445088501 35
1445088501 35
1445088502 35
1445088502 35
1445088503 35
1445088503 35
1445088504 35
1445088504 35
1445088504 35
1445088504 35
1445088505 35
1445088505 35
1445088505 35
1445088506 35
1445088507 35
1445088507 35
1445088507 35
1445088507 35
1445088507 35
1445088508 35
1445088508 35
1445088508 35
1445088509 35
1445088510 35
1445088510 35
1445088510 35
1445088511 35
1445088511 35
1445088511 35
1445088511 35
1445088511 35
1445088512 35
1445088513 35
1445088513 35
1445088514 35
1445088514 35
1445088514 35
1445088514 35
1445088515 35
1445088515 35
1445088515 35
1445088516 35
1445088516 35
1445088517 35
1445088517 35
1445088517 35
1445088517 35
1445088518 35
1445088518 35
1445088519 35
1445088519 35
1445088519 35
1445088520 35
1445088520 35
1445088521 35
1445088521 35
1445088521 35
1445088522 35
1445088522 35
1445088522 35
1445088522 35
1445088523 35
1445088523 35
1445088524 35
1445088524 35
1445088525 35
1445088525 35
1445088525 35
1445088525 35
1445088526 35
1445088526 35
1445088526 35
1445088527 35
1445088528 35
1445088528 35
1445088528 35
1445088528 35
1445088528 35
1445088529 35
1445088529 35
1445088529 35
1445088530 35
1445088530 35
1445088531 35
1445088531 35
1445088531 35
1445088532 35
1445088532 35
1445088532 35
1445088533 35
1445088533 35
1445088533 35
1445088534 35
1445088534 35
1445088535 35
1445088535 35
1445088535 35
1445088535 35
1445088536 35
1445088536 35
1445088537 35
1445088537 35
1445088537 35
1445088538 35
1445088538 35
1445088539 35
1445088539 35
1445088539 35
1445088539 35
1445088540 35
1445088540 35
1445088541 35
1445088541 35
1445088541 35
1445088542 35
1445088542 35
1445088542 35
1445088542 35
1445088543 35
1445088543 35
1445088544 35
1445088545 35
1445088545 35
1445088545 35
1445088545 35
1445088545 35
1445088546 35
1445088546 35
1445088546 35
1445088547 35
1445088548 35
1445088548 35
1445088548 35
1445088548 35
1445088549 35
1445088549 35
1445088549 35
1445088549 35
1445088550 35
1445088551 35
1445088551 35
1445088552 35
1445088552 35
1445088552 35
1445088552 35
1445088552 35
1445088552 35
1445088553 35
1445088554 35
1445088554 35
1445088555 35
1445088555 35
1445088555 35
1445088555 35
1445088556 35
1445088556 35
1445088556 35
1445088557 35
1445088557 35
1445088557 35
1445088558 35
1445088558 35
1445088558 35
1445088559 35
1445088559 35
1445088559 35
1445088560 35
1445088560 35
1445088560 35
1445088561 35
1445088561 35
1445088562 35
1445088562 35
1445088562 35
1445088563 35
1445088563 35
1445088563 35
1445088563 35
1445088564 35
1445088564 35
1445088565 35
1445088565 35
1445088566 35
1445088566 35
1445088566 35
1445088566 35
1445088567 35
1445088567 35
1445088567 35
1445088568 35
1445088569 35
1445088569 35
1445088570 35
1445088570 35
1445088570 35
1445088570 35
1445088570 35
1445088571 35
1445088571 35
1445088572 35
1445088572 35
1445088573 35
1445088573 35
1445088573 35
1445088573 35
1445088573 35
1445088574 35
1445088574 35
1445088575 35
1445088575 35
1445088576 35
1445088576 35
1445088576 35
1445088576 35
1445088577 35
1445088577 35
1445088577 35
1445088577 35
1445088577 35
1445088577 35
1445088577 35
1445088577 35
1445088577 35
1445088577 35
1445088577 35
1445088577 35
1445088578 35
1445088578 35
1445088578 35
1445088578 35
1445088578 35
1445088578 35
1445088578 35
1445088578 35
1445088578 35
1445088578 35
1445088578 35
1445088578 35
1445088578 35
1445088578 35
1445088579 35
1445088579 35
1445088579 35
1445088579 35
1445088579 113
1445088579 119
1445088579 170
1445088579 35
1445088580 35
1445088580 35
1445088581 35
1445088581 35
1445088581 35
1445088581 35
1445088581 35
1445088581 35
1445088581 35
1445088581 35
1445088581 35
1445088581 35
1445088581 113
1445088581 119
1445088581 170
1445088581 35
1445088581 35
1445088581 35
1445088581 35
1445088581 35
1445088582 35
1445088582 35
1445088582 35
1445088583 35
1445088583 35
1445088583 35
1445088583 35
1445088583 35
1445088583 113
1445088583 119
1445088583 170
1445088584 35
1445088584 35
1445088585 35
1445088586 35
1445088586 35
1445088586 35
1445088587 35
1445088587 35
1445088588 35
1445088589 35
1445088589 35
1445088590 35
1445088590 35
1445088590 35
1445088590 35
1445088590 35
1445088590 35
1445088590 35
1445088590 35
1445088590 35
1445088590 35
1445088590 35
1445088591 35
1445088591 35
1445088591 35
1445088591 35
1445088591 35
1445088591 35
1445088592 35
1445088592 35
1445088593 35
1445088593 35
1445088593 35
1445088594 35
1445088594 35
1445088594 35
1445088594 35
1445088594 35
1445088594 35
1445088594 35
1445088594 35
1445088594 35
1445088594 35
1445088594 35
1445088594 35
1445088594 35
1445088594 35
1445088595 35
1445088595 35
1445088595 35
1445088596 35
1445088596 35
1445088596 113
1445088596 119
1445088596 170
1445088596 35
1445088596 35
1445088596 35
1445088597 35
1445088597 35
1445088597 35
1445088597 35
1445088597 35
1445088597 35
1445088597 35
1445088597 35
1445088597 35
1445088597 35
1445088597 35
1445088598 35
1445088598 35
1445088598 35
1445088598 35
1445088598 35
1445088598 35
1445088598 35
1445088598 35
1445088598 35
1445088598 35
1445088598 35
1445088598 35
1445088598 35
1445088598 35
1445088598 35
1445088599 35
1445088599 35
1445088599 35
1445088599 35
1445088599 35
1445088599 35
1445088600 35
1445088601 35
1445088601 35
1445088602 35
1445088602 35
1445088602 35
1445088602 35
1445088603 35
1445088603 35
1445088603 35
1445088603 35
1445088603 35
1445088604 35
1445088605 35
1445088605 35
1445088606 35
1445088606 35
1445088606 35
1445088606 35
1445088606 35
1445088607 35
1445088608 35
1445088609 35
1445088609 35
1445088609 35
1445088610 35
1445088610 35
1445088611 35
1445088612 35
1445088612 35
1445088613 35
1445088613 35
1445088613 35
1445088614 35
1445088614 35
1445088615 35
1445088615 35
1445088616 35
1445088616 35
1445088617 35
1445088617 35
1445088617 35
1445088618 35
1445088618 35
1445088619 35
1445088619 35
1445088620 35
1445088620 35
1445088620 35
1445088621 35
1445088622 35
1445088622 35
1445088623 35
1445088623 35
1445088624 35
1445088624 35
1445088625 35
1445088625 35
1445088626 35
1445088626 35
1445088627 35
1445088627 35
1445088628 35
1445088628 35
1445088629 35
1445088630 35
1445088630 35
1445088631 35
1445088631 35
1445088632 35
1445088632 35
1445088633 35
1445088633 35
1445088633 35
1445088634 35
1445088634 35
1445088635 35
1445088636 35
1445088636 35
1445088636 35
1445088637 35
1445088637 35
1445088637 35
1445088638 35
1445088639 35
1445088639 35
1445088640 35
1445088640 35
1445088641 35
1445088642 35
1445088642 35
1445088643 35
1445088643 35
1445088644 35
1445088645 35
1445088645 35
1445088645 35
1445088646 35
1445088646 35
1445088646 35
1445088646 35
1445088646 35
1445088646 35
1445088646 35
1445088646 35
1445088646 35
1445088646 35
1445088646 35
1445088646 35
1445088646 35
1445088646 35
1445088646 35
1445088647 35
1445088647 35
1445088647 35
1445088647 35
1445088647 35
1445088648 35
1445088648 35
1445088648 35
1445088648 35
1445088648 35
1445088649 35
1445088649 35
1445088649 35
1445088649 35
1445088649 35
1445088649 35
1445088649 35
1445088649 35
1445088649 35
1445088649 35
1445088649 35
1445088650 35
1445088650 35
1445088650 35
1445088650 35
1445088650 35
1445088650 35
1445088650 35
1445088650 35
1445088650 35
1445088651 35
1445088652 35
1445088652 35
1445088652 35
1445088652 35
1445088653 35
1445088653 35
1445088653 35
1445088654 35
1445088655 35
1445088655 35
1445088655 35
1445088655 35
1445088655 35
1445088656 35
1445088657 35
1445088657 35
1445088657 35
1445088657 35
1445088657 35
1445088658 35
1445088658 35
1445088660 35
1445088660 35
1445088660 35
1445088660 35
1445088661 35
1445088661 35
1445088661 35
1445088662 35
1445088662 35
1445088663 35
1445088663 35
1445088664 35
1445088664 35
1445088664 35
1445088665 35
1445088665 35
1445088665 35
1445088666 35
1445088666 35
1445088666 35
1445088667 35
1445088667 35
1445088668 35
1445088668 35
1445088668 35
1445088669 35
1445088669 35
1445088670 35
1445088670 35
1445088670 35
1445088671 35
1445088671 35
1445088671 35
1445088671 35
1445088671 35
1445088672 35
1445088672 35
1445088672 35
1445088673 35
1445088674 35
1445088674 35
1445088675 35
1445088675 35
1445088676 35
1445088676 35
1445088676 35
1445088677 35
1445088677 35
1445088677 35
1445088677 35
1445088677 35
1445088677 35
1445088677 35
1445088678 35
1445088678 35
1445088679 35
1445088680 35
1445088680 35
1445088680 35
1445088680 35
1445088680 35
1445088680 35
1445088680 35
1445088680 35
1445088680 35
1445088681 35
1445088681 35
1445088681 35
1445088681 35
1445088682 35
1445088683 35
1445088683 35
1445088683 35
1445088684 35
1445088684 35
1445088685 35
1445088685 35
1445088685 35
1445088685 35
1445088686 35
1445088686 35
1445088686 35
1445088687 35
1445088687 35
1445088688 35
1445088688 35
1445088688 35
1445088689 35
1445088689 35
1445088689 35
1445088690 35
1445088691 35
1445088691 35
1445088691 35
1445088691 35
1445088692 35
1445088692 35
1445088693 35
1445088693 35
1445088693 35
1445088694 35
1445088694 35
1445088694 35
1445088694 35
1445088695 35
1445088695 35
1445088696 35
1445088696 35
1445088697 35
1445088697 35
1445088697 35
1445088698 35
1445088698 35
1445088698 35
1445088699 35
1445088699 35
1445088699 35
1445088700 35
1445088700 35
1445088701 35
1445088701 35
1445088701 35
1445088702 35
1445088703 35
1445088703 35
1445088703 35
1445088703 35
1445088704 35
1445088704 35
1445088704 35
1445088704 35
1445088704 35
1445088704 35
1445088704 35
1445088705 35
1445088705 35
1445088705 35
1445088705 35
1445088705 35
1445088705 35
1445088705 35
1445088706 35
1445088706 35
1445088706 35
1445088706 113
1445088706 119
1445088706 170
1445088706 35
1445088706 35
1445088706 35
1445088706 35
1445088707 35
1445088707 35
1445088708 35
1445088708 35
1445088708 35
1445088709 35
1445088709 35
1445088709 35
1445088710 35
1445088711 35
1445088711 35
1445088712 35
1445088712 35
1445088712 35
1445088713 35
1445088713 35
1445088714 35
1445088714 35
1445088715 35
1445088715 35
1445088715 35
1445088716 35
1445088716 35
1445088717 35
1445088717 35
1445088717 35
1445088719 35
1445088719 35
1445088719 35
1445088721 35
1445088721 35
1445088722 35
1445088723 35
1445088723 35
1445088724 35
1445088724 35
1445088724 35
1445088725 35
1445088726 35
1445088726 35
1445088727 35
1445088728 35
1445088728 35
1445088728 35
1445088728 35
1445088730 35
1445088730 35
1445088731 35
1445088731 35
1445088731 35
1445088731 35
1445088731 35
1445088731 35
1445088731 35
1445088731 35
1445088732 35
1445088732 35
1445088732 35
1445088733 35
1445088735 35
1445088735 35
1445088735 35
1445088735 35
1445088735 35
1445088735 35
1445088737 35
1445088737 35
1445088737 35
1445088737 35
1445088737 35
1445088737 35
1445088738 35
1445088739 35
1445088739 35
1445088739 35
1445088740 35
1445088741 35
1445088742 35
1445088742 35
1445088742 35
1445088742 35
1445088742 35
1445088742 35
1445088742 35
1445088743 35
1445088743 35
1445088744 35
1445088744 35
1445088744 35
1445088744 35
1445088744 35
1445088744 35
1445088744 35
1445088744 35
1445088745 35
1445088746 35
1445088746 35
1445088747 35
1445088747 35
1445088747 35
1445088747 35
1445088747 35
1445088747 35
1445088747 35
1445088749 35
1445088750 35
1445088750 35
1445088750 35
1445088750 35
1445088750 35
1445088750 35
1445088752 35
1445088753 35
1445088753 35
1445088753 35
1445088753 35
1445088753 35
1445088753 35
1445088753 35
1445088753 35
1445088753 35
1445088753 35
1445088753 35
1445088753 35
1445088753 35
1445088753 35
1445088753 36
1445088753 164
1445088753 106
1445088753 4
1445088753 106
1445088753 106
1445088753 61
1445088753 15
1445088753 61
1445088753 61
1445088753 61
1445088753 61
1445088753 35
1445088753 35
1445088753 89
1445088753 35
1445088753 35
1445088756 35
1445088756 35
1445088756 35
1445088756 113
1445088756 119
1445088756 170
1445088756 35
1445088756 35
1445088757 35
1445088760 35
1445088763 35
1445088766 35
1445088769 35
1445088772 35
1445088775 35
1445088778 35
1445088782 35
1445088785 35
1445088788 35
1445088791 35
1445088794 35
1445088797 35
1445088800 35
1445088803 35
1445088806 35
1445088809 35
1445088810 35
1445088812 35
1445088815 35
1445088818 35
1445088821 35
1445088824 35
1445088827 35
1445088830 35
1445088833 35
1445088837 35
1445088840 35
1445088843 35
1445088846 35
1445088849 35
1445088852 35
1445088855 35
1445088858 35
1445088861 35
1445088864 35
1445088867 35
1445088871 35
1445088874 35
1445088877 35
1445088880 35
1445088883 35
1445088886 35
1445088889 35
1445088892 35
1445088895 35
1445088898 35
1445088901 35
1445088904 35
1445088907 35
1445088910 35
1445088913 35
1445088916 35
1445088919 35
1445088922 35
1445088925 35
1445088928 35
1445088931 35
1445088934 35
1445088937 35
1445088940 35
1445088943 35
1445088946 35
1445088949 35
1445088952 35
1445088955 35
1445088958 35
1445088961 35
1445088964 35
1445088967 35
1445088970 35
1445088973 35
1445088976 35
1445088979 35
1445088982 35
1445088985 35
1445088988 35
1445088992 35
1445088995 35
1445088998 35
1445089001 35
1445089004 35
1445089007 35
1445089010 35
1445089013 35
1445089016 35
1445089019 35
1445089022 35
1445089025 35
1445089028 35
1445089031 35
1445089034 35
1445089037 35
1445089040 35
1445089043 35
1445089046 35
1445089049 35
1445089052 35
1445089055 35
1445089058 35
1445089061 35
1445089064 35
1445089067 35
1445089070 35
1445089073 35
1445089076 35
1445089079 35
1445089083 35
1445089086 35
1445089089 35
1445089092 35
1445089095 35
1445089098 35
1445089101 35
1445089104 35
1445089107 35
1445089110 35
1445089113 35
1445089117 35
1445089120 35
1445089123 35
1445089126 35
1445089129 35
1445089133 35
1445089136 35
1445089139 35
1445089142 35
1445089145 35
1445089148 35
1445089151 35
1445089154 35
1445089157 35
1445089160 35
1445089163 35
1445089166 35
1445089169 35
1445089172 35
1445089176 35
1445089179 35
1445089182 35
1445089185 35
1445089188 35
1445089191 35
1445089194 35
1445089197 35
1445089200 35
1445089204 35
1445089207 35
1445089210 35
1445089213 35
1445089216 35
1445089219 35
1445089222 35
1445089225 35
1445089228 35
1445089231 35
1445089234 35
1445089237 35
1445089240 35
1445089243 35
1445089246 35
1445089249 35
1445089252 35
1445089255 35
1445089258 35
1445089262 35
1445089265 35
1445089268 35
1445089271 35
1445089274 35
1445089277 35
1445089280 35
1445089283 35
1445089286 35
1445089289 35
1445089293 35
1445089296 35
1445089299 35
1445089299 48
1445089299 14
1445089299 162
1445089299 142
1445089299 96
1445089302 35
1445089305 35
1445089308 35
1445089311 35
1445089314 35
1445089317 35
1445089320 35
1445089323 35
1445089326 35
1445089329 35
1445089332 35
1445089335 35
1445089339 35
1445089342 35
1445089345 35
1445089348 35
1445089351 35
1445089354 35
1445089357 35
1445089360 35
1445089363 35
1445089366 35
1445089369 35
1445089372 35
1445089375 35
1445089378 35
1445089381 35
1445089385 35
1445089388 35
1445089391 35
1445089394 35
1445089397 35
1445089400 35
1445089403 35
1445089406 35
1445089409 35
1445089412 35
1445089415 35
1445089418 35
1445089421 35
1445089425 35
1445089428 35
1445089431 35
1445089434 35
1445089437 35
1445089440 35
1445089443 35
1445089446 35
1445089449 35
1445089452 35
1445089455 35
1445089458 35
1445089461 35
1445089464 35
1445089467 35
1445089470 35
1445089473 35
1445089476 35
1445089479 35
1445089482 35
1445089485 35
1445089488 35
1445089491 35
1445089494 35
1445089497 35
1445089501 35
1445089504 35
1445089507 35
1445089510 35
1445089511 37
1445089511 26
1445089511 38
1445089511 38
1445089511 98
1445089511 31
1445089511 26
1445089511 44
1445089511 2
1445089511 26
1445089511 44
1445089511 44
1445089511 61
1445089511 61
1445089511 9
1445089511 137
1445089511 128
1445089511 61
1445089511 170
1445089511 71
1445089511 148
1445089511 62
1445089511 62
1445089511 44
1445089511 44
1445089511 2
1445089511 99
1445089511 62
1445089511 127
1445089511 42
1445089511 42
1445089511 12
1445089511 98
1445089511 38
1445089511 170
1445089511 26
1445089511 44
1445089511 2
1445089511 26
1445089511 44
1445089511 44
1445089511 61
1445089511 61
1445089511 9
1445089511 137
1445089511 128
1445089511 61
1445089511 170
1445089511 15
1445089511 15
1445089511 44
1445089511 12
1445089511 2
1445089511 170
1445089511 35
1445089511 35
1445089511 35
1445089511 35
1445089511 35
1445089511 35
1445089511 35
