1445071665 8
1445071665 147
1445071665 16
1445071665 102
1445071665 83
1445071665 8
1445071666 147
1445071666 160
1445071666 82
1445071667 67
1445071667 22
1445071667 102
1445071667 3
1445071667 75
1445071667 25
1445071667 25
1445071667 154
1445071670 102
1445071670 25
1445071670 25
1445071670 102
1445071680 75
1445071681 25
1445071683 102
1445071683 25
1445071683 25
1445071683 102
1445071693 75
1445071694 25
1445071695 102
1445071695 25
1445071695 25
1445071695 102
1445071706 75
1445071706 25
1445071708 102
1445071708 25
1445071708 25
1445071708 102
1445071720 75
1445071720 25
1445071721 102
1445071721 25
1445071721 25
1445071721 102
1445071731 75
1445071731 25
1445071733 102
1445071733 25
1445071733 25
1445071733 102
1445071742 75
1445071742 25
1445071744 102
1445071744 25
1445071744 25
1445071744 102
1445071752 75
1445071752 25
1445071753 67
1445071753 102
1445071753 25
1445071753 25
1445071760 75
1445071760 102
1445071760 160
1445071791 129
1445071791 3
