1445163641 8
1445163641 147
1445163641 16
1445163641 102
1445163641 83
1445163641 8
1445163642 147
1445163642 160
1445163643 82
1445163643 67
1445163644 22
1445163644 102
1445163644 3
1445163644 75
1445163644 25
1445163644 25
1445163644 154
1445163647 102
1445163647 25
1445163647 25
1445163647 102
1445163660 75
1445163660 25
1445163663 102
1445163663 25
1445163663 25
1445163663 102
1445163674 75
1445163674 25
1445163675 102
1445163675 25
1445163675 25
1445163675 102
1445163687 75
1445163687 25
1445163689 102
1445163689 25
1445163689 25
1445163689 102
1445163700 75
1445163700 25
1445163703 102
1445163703 25
1445163703 25
1445163703 102
1445163715 75
1445163715 25
1445163717 102
1445163717 25
1445163717 25
1445163717 102
1445163729 75
1445163729 25
1445163731 102
1445163731 25
1445163731 25
1445163731 102
1445163742 75
1445163742 25
1445163743 67
1445163743 102
1445163743 25
1445163743 25
1445163752 75
1445163766 102
1445163766 160
1445163792 129
1445163792 3
