1445175361 19
1445175361 12
1445175361 15
1445175361 24
1445175361 6
1445175361 3
1445175361 2
1445175362 5
1445175362 8
1445175362 13
1445175362 7
1445175362 28
1445175362 10
1445175362 21
1445175362 22
1445175362 23
1445175362 9
1445175364 25
1445175364 17
1445175364 14
1445175364 28
1445175372 27
1445175372 16
1445175373 25
1445175373 17
1445175373 14
1445175373 28
1445175381 27
1445175381 16
1445175382 25
1445175382 17
1445175382 14
1445175382 28
1445175389 27
1445175389 16
1445175390 25
1445175390 17
1445175390 14
1445175390 28
1445175397 27
1445175397 16
1445175398 25
1445175398 17
1445175398 14
1445175398 28
1445175406 27
1445175406 16
1445175407 25
1445175407 17
1445175407 14
1445175407 28
1445175407 11
1445175415 27
1445175415 16
1445175415 25
1445175415 17
1445175415 14
1445175416 26
1445175416 20
1445175416 1
1445175437 4
1445175437 18
