1445175361 8
1445175361 147
1445175361 16
1445175361 102
1445175361 83
1445175361 8
1445175361 147
1445175362 160
1445175362 82
1445175362 67
1445175362 22
1445175362 102
1445175362 3
1445175362 75
1445175362 25
1445175362 25
1445175362 154
1445175364 102
1445175364 25
1445175364 25
1445175364 102
1445175372 75
1445175372 25
1445175373 102
1445175373 25
1445175373 25
1445175373 102
1445175381 75
1445175381 25
1445175382 102
1445175382 25
1445175382 25
1445175382 102
1445175389 75
1445175389 25
1445175390 102
1445175390 25
1445175390 25
1445175390 102
1445175397 75
1445175397 25
1445175398 102
1445175398 25
1445175398 25
1445175398 102
1445175406 75
1445175406 25
1445175407 102
1445175407 25
1445175407 25
1445175407 102
1445175407 67
1445175415 75
1445175415 25
1445175415 102
1445175415 25
1445175415 25
1445175416 75
1445175416 102
1445175416 160
1445175437 129
1445175437 3
