1445235773 24
1445235773 9
1445235773 16
1445235773 18
1445235773 6
1445235773 5
1445235773 2
1445235774 4
1445235774 8
1445235774 11
1445235775 7
1445235775 26
1445235775 10
1445235775 20
1445235775 21
1445235775 22
1445235775 12
1445235776 19
1445235776 14
1445235776 15
1445235776 26
1445235784 27
1445235784 17
1445235785 19
1445235785 14
1445235785 15
1445235785 26
1445235793 27
1445235793 17
1445235794 19
1445235794 14
1445235794 15
1445235794 26
1445235801 27
1445235801 17
1445235802 19
1445235802 14
1445235802 15
1445235802 26
1445235810 27
1445235810 17
1445235811 19
1445235811 14
1445235811 15
1445235811 26
1445235818 27
1445235818 17
1445235819 19
1445235819 14
1445235819 15
1445235819 26
1445235819 13
1445235827 27
1445235827 17
1445235827 19
1445235827 14
1445235827 15
1445235828 28
1445235828 23
1445235828 1
1445235860 3
1445235860 25
