1445235773 8
1445235773 147
1445235773 16
1445235773 102
1445235773 83
1445235773 8
1445235773 147
1445235774 160
1445235774 82
1445235774 67
1445235775 22
1445235775 102
1445235775 3
1445235775 75
1445235775 25
1445235775 25
1445235775 154
1445235776 102
1445235776 25
1445235776 25
1445235776 102
1445235784 75
1445235784 25
1445235785 102
1445235785 25
1445235785 25
1445235785 102
1445235793 75
1445235793 25
1445235794 102
1445235794 25
1445235794 25
1445235794 102
1445235801 75
1445235801 25
1445235802 102
1445235802 25
1445235802 25
1445235802 102
1445235810 75
1445235810 25
1445235811 102
1445235811 25
1445235811 25
1445235811 102
1445235818 75
1445235818 25
1445235819 102
1445235819 25
1445235819 25
1445235819 102
1445235819 67
1445235827 75
1445235827 25
1445235827 102
1445235827 25
1445235827 25
1445235828 75
1445235828 102
1445235828 160
1445235860 129
1445235860 3
