1445094486 21
1445094486 11
1445094486 15
1445094486 22
1445094486 6
1445094487 4
1445094487 2
1445094488 5
1445094489 7
1445094489 10
1445094489 8
1445094489 28
1445094489 13
1445094489 20
1445094489 19
1445094489 25
1445094489 12
1445094492 24
1445094492 16
1445094492 14
1445094492 28
1445094503 27
1445094503 17
1445094505 24
1445094505 16
1445094505 14
1445094505 28
1445094512 27
1445094512 17
1445094513 24
1445094513 16
1445094513 14
1445094513 28
1445094523 27
1445094523 17
1445094525 24
1445094525 16
1445094525 14
1445094525 28
1445094536 27
1445094536 17
1445094537 24
1445094537 16
1445094537 14
1445094537 28
1445094547 27
1445094547 17
1445094548 24
1445094548 16
1445094548 14
1445094548 28
1445094549 9
1445094558 27
1445094558 17
1445094558 24
1445094558 16
1445094558 14
1445094559 26
1445094559 23
1445094559 1
1445094590 3
1445094590 18
