1445094486 8
1445094486 147
1445094486 16
1445094486 102
1445094486 83
1445094487 8
1445094487 147
1445094488 160
1445094489 82
1445094489 67
1445094489 22
1445094489 102
1445094489 3
1445094489 75
1445094489 25
1445094489 25
1445094489 154
1445094492 102
1445094492 25
1445094492 25
1445094492 102
1445094503 75
1445094503 25
1445094505 102
1445094505 25
1445094505 25
1445094505 102
1445094512 75
1445094512 25
1445094513 102
1445094513 25
1445094513 25
1445094513 102
1445094523 75
1445094523 25
1445094525 102
1445094525 25
1445094525 25
1445094525 102
1445094536 75
1445094536 25
1445094537 102
1445094537 25
1445094537 25
1445094537 102
1445094547 75
1445094547 25
1445094548 102
1445094548 25
1445094548 25
1445094548 102
1445094549 67
1445094558 75
1445094558 25
1445094558 102
1445094558 25
1445094558 25
1445094559 75
1445094559 102
1445094559 160
1445094590 129
1445094590 3
