1445088263 26
1445088263 9
1445088263 16
1445088263 22
1445088263 6
1445088263 4
1445088264 2
1445088264 5
1445088265 8
1445088265 12
1445088266 7
1445088266 31
1445088266 11
1445088266 27
1445088266 28
1445088266 21
1445088266 13
1445088268 25
1445088268 20
1445088268 19
1445088268 31
1445088279 29
1445088279 15
1445088280 25
1445088280 20
1445088280 19
1445088280 31
1445088290 29
1445088290 15
1445088291 25
1445088291 20
1445088291 19
1445088291 31
1445088301 29
1445088301 15
1445088302 25
1445088302 20
1445088302 19
1445088302 31
1445088311 29
1445088311 15
1445088312 25
1445088312 20
1445088312 19
1445088312 31
1445088321 29
1445088321 15
1445088322 25
1445088322 20
1445088322 19
1445088322 31
1445088322 10
1445088331 29
1445088331 15
1445088331 25
1445088331 20
1445088331 19
1445088333 30
1445088333 23
1445088333 1
1445088365 3
1445088365 24
1445088365 17
1445088365 18
1445088365 14
