1445088263 8
1445088263 147
1445088263 16
1445088263 102
1445088263 83
1445088263 8
1445088264 147
1445088264 160
1445088265 82
1445088265 67
1445088266 22
1445088266 102
1445088266 3
1445088266 75
1445088266 25
1445088266 25
1445088266 154
1445088268 102
1445088268 25
1445088268 25
1445088268 102
1445088279 75
1445088279 25
1445088280 102
1445088280 25
1445088280 25
1445088280 102
1445088290 75
1445088290 25
1445088291 102
1445088291 25
1445088291 25
1445088291 102
1445088301 75
1445088301 25
1445088302 102
1445088302 25
1445088302 25
1445088302 102
1445088311 75
1445088311 25
1445088312 102
1445088312 25
1445088312 25
1445088312 102
1445088321 75
1445088321 25
1445088322 102
1445088322 25
1445088322 25
1445088322 102
1445088322 67
1445088331 75
1445088331 25
1445088331 102
1445088331 25
1445088331 25
1445088333 75
1445088333 102
1445088333 160
1445088365 129
1445088365 3
1445088365 16
1445088365 16
1445088365 111
