1445092017 26
1445092017 12
1445092017 17
1445092017 22
1445092017 6
1445092018 4
1445092019 2
1445092021 5
1445092023 7
1445092023 14
1445092025 8
1445092026 30
1445092026 11
1445092026 21
1445092026 27
1445092026 28
1445092026 13
1445092033 23
1445092033 15
1445092033 20
1445092033 30
1445092065 31
1445092065 16
1445092069 23
1445092069 15
1445092069 20
1445092069 30
1445092098 31
1445092098 16
1445092102 23
1445092102 15
1445092102 20
1445092102 30
1445092132 31
1445092132 16
1445092136 23
1445092136 15
1445092136 20
1445092136 30
1445092164 31
1445092164 16
1445092169 23
1445092169 15
1445092169 20
1445092169 30
1445092197 31
1445092197 16
1445092201 23
1445092201 15
1445092201 20
1445092201 30
1445092202 10
1445092228 31
1445092228 16
1445092228 23
1445092228 15
1445092228 20
1445092232 29
1445092232 25
1445092233 1
1445092336 3
1445092336 24
1445092336 18
1445092336 19
1445092336 9
