1445241610 23
1445241610 10
1445241610 13
1445241610 18
1445241610 5
1445241610 3
1445241611 2
1445241612 4
1445241612 7
1445241612 9
1445241613 6
1445241613 26
1445241613 11
1445241613 21
1445241613 22
1445241613 19
1445241613 8
1445241615 20
1445241615 15
1445241615 16
1445241615 26
1445241625 25
1445241625 14
1445241627 20
1445241627 15
1445241627 16
1445241627 26
1445241636 25
1445241636 14
1445241637 20
1445241637 15
1445241637 16
1445241637 26
1445241648 25
1445241648 14
1445241650 20
1445241650 15
1445241650 16
1445241650 26
1445241662 25
1445241662 14
1445241663 20
1445241663 15
1445241663 16
1445241663 26
1445241675 25
1445241675 14
1445241677 20
1445241677 15
1445241677 16
1445241677 26
1445241687 25
1445241687 14
1445241689 20
1445241689 15
1445241689 16
1445241689 26
1445241698 25
1445241698 14
1445241700 12
1445241700 20
1445241700 15
1445241700 16
1445241710 24
1445241710 17
1445241710 1
