1445241610 8
1445241610 147
1445241610 16
1445241610 102
1445241610 83
1445241610 8
1445241611 147
1445241612 160
1445241612 82
1445241612 67
1445241613 22
1445241613 102
1445241613 3
1445241613 75
1445241613 25
1445241613 25
1445241613 154
1445241615 102
1445241615 25
1445241615 25
1445241615 102
1445241625 75
1445241625 25
1445241627 102
1445241627 25
1445241627 25
1445241627 102
1445241636 75
1445241636 25
1445241637 102
1445241637 25
1445241637 25
1445241637 102
1445241648 75
1445241648 25
1445241650 102
1445241650 25
1445241650 25
1445241650 102
1445241662 75
1445241662 25
1445241663 102
1445241663 25
1445241663 25
1445241663 102
1445241675 75
1445241675 25
1445241677 102
1445241677 25
1445241677 25
1445241677 102
1445241687 75
1445241687 25
1445241689 102
1445241689 25
1445241689 25
1445241689 102
1445241698 75
1445241698 25
1445241700 67
1445241700 102
1445241700 25
1445241700 25
1445241710 75
1445241710 102
1445241710 160
