1445094491 21
1445094491 10
1445094491 13
1445094491 18
1445094491 5
1445094492 4
1445094495 2
1445094497 3
1445094498 6
1445094498 11
1445094500 7
1445094500 24
1445094500 8
1445094500 19
1445094500 17
1445094500 22
1445094501 12
1445094507 20
1445094507 14
1445094507 16
1445094507 24
1445094535 25
1445094535 15
1445094539 20
1445094539 14
1445094539 16
1445094539 24
1445094568 25
1445094568 15
1445094572 20
1445094572 14
1445094572 16
1445094572 24
1445094599 25
1445094599 15
1445094604 20
1445094604 14
1445094604 16
1445094604 24
1445094631 25
1445094631 15
1445094636 20
1445094636 14
1445094636 16
1445094636 24
1445094662 25
1445094662 15
1445094666 20
1445094666 14
1445094666 16
1445094666 24
1445094668 9
1445094691 25
1445094691 15
1445094691 20
1445094691 14
1445094691 16
1445094695 26
1445094695 23
1445094695 1
