1445094491 8
1445094491 147
1445094491 16
1445094491 102
1445094491 83
1445094492 8
1445094495 147
1445094497 160
1445094498 82
1445094498 67
1445094500 22
1445094500 102
1445094500 3
1445094500 75
1445094500 25
1445094500 25
1445094501 154
1445094507 102
1445094507 25
1445094507 25
1445094507 102
1445094535 75
1445094535 25
1445094539 102
1445094539 25
1445094539 25
1445094539 102
1445094568 75
1445094568 25
1445094572 102
1445094572 25
1445094572 25
1445094572 102
1445094599 75
1445094599 25
1445094604 102
1445094604 25
1445094604 25
1445094604 102
1445094631 75
1445094631 25
1445094636 102
1445094636 25
1445094636 25
1445094636 102
1445094662 75
1445094662 25
1445094666 102
1445094666 25
1445094666 25
1445094666 102
1445094668 67
1445094691 75
1445094691 25
1445094691 102
1445094691 25
1445094691 25
1445094695 75
1445094695 102
1445094695 160
