1445236009 8
1445236009 147
1445236009 16
1445236009 102
1445236009 83
1445236009 8
1445236010 147
1445236011 160
1445236011 82
1445236011 67
1445236012 22
1445236012 102
1445236012 3
1445236012 75
1445236012 25
1445236012 25
1445236012 154
1445236014 102
1445236014 25
1445236014 25
1445236014 102
1445236023 75
1445236023 25
1445236024 102
1445236024 25
1445236024 25
1445236024 102
1445236032 75
1445236032 25
1445236033 102
1445236033 25
1445236033 25
1445236033 102
1445236041 75
1445236041 25
1445236041 102
1445236041 25
1445236041 25
1445236041 102
1445236049 75
1445236049 25
1445236050 102
1445236050 25
1445236050 25
1445236050 102
1445236057 75
1445236057 25
1445236058 102
1445236058 25
1445236058 25
1445236058 102
1445236059 67
1445236068 75
1445236068 25
1445236068 102
1445236068 25
1445236068 25
1445236070 75
1445236070 102
1445236070 160
1445236122 129
1445236122 3
