1445175476 46
1445175476 40
1445175476 42
1445175476 44
1445175476 32
1445175476 25
1445175477 7
1445175477 24
1445175478 36
1445175478 41
1445175478 38
1445175478 33
1445175478 27
1445175478 18
1445175478 16
1445175478 21
1445175478 1
1445175478 20
1445175478 10
1445175491 31
1445175508 13
1445175508 18
1445175508 16
1445175508 1
1445175508 20
1445175508 10
1445175511 31
1445175511 12
1445175522 21
1445175522 18
1445175522 16
1445175522 1
1445175522 20
1445175522 10
1445175523 21
1445175524 31
1445175524 15
1445175524 18
1445175524 16
1445175524 1
1445175524 20
1445175524 10
1445175526 31
1445175526 4
1445175546 21
1445175546 18
1445175546 16
1445175546 1
1445175546 20
1445175546 10
1445175548 31
1445175548 8
1445175568 21
1445175568 18
1445175568 16
1445175568 1
1445175568 20
1445175568 10
1445175570 31
1445175570 5
1445175577 21
1445175577 18
1445175577 16
1445175577 1
1445175577 20
1445175577 10
1445175579 31
1445175579 14
1445175580 21
1445175580 18
1445175580 16
1445175580 1
1445175580 20
1445175580 10
1445175582 31
1445175584 11
1445175596 21
1445175596 18
1445175596 16
1445175596 1
1445175596 20
1445175596 10
1445175598 31
1445175598 6
1445175665 21
1445175665 23
1445175665 22
1445175665 1
1445175665 20
1445175665 10
1445175689 31
1445175689 19
1445175689 30
1445175689 9
1445175689 37
1445175689 34
1445175689 43
1445175689 3
1445175690 17
1445175877 29
1445175877 50
1445175877 49
1445175877 48
1445175877 47
1445175877 28
1445175877 35
1445176069 26
1445176069 39
1445176069 2
1445176069 45
