1445175194 8
1445175194 147
1445175194 16
1445175194 102
1445175194 83
1445175194 8
1445175195 147
1445175196 160
1445175197 82
1445175197 67
1445175197 22
1445175197 102
1445175197 3
1445175197 75
1445175197 25
1445175197 25
1445175197 154
1445175200 102
1445175200 25
1445175200 25
1445175200 102
1445175210 75
1445175210 25
1445175212 102
1445175212 25
1445175212 25
1445175212 102
1445175221 75
1445175221 25
1445175222 102
1445175222 25
1445175222 25
1445175222 102
1445175232 75
1445175232 25
1445175234 102
1445175234 25
1445175234 25
1445175234 102
1445175243 75
1445175243 25
1445175245 102
1445175245 25
1445175245 25
1445175245 102
1445175254 75
1445175254 25
1445175255 102
1445175255 25
1445175255 25
1445175255 102
1445175256 67
1445175265 75
1445175265 25
1445175265 102
1445175265 25
1445175265 25
1445175267 75
1445175267 102
1445175267 160
1445175320 129
1445175320 3
1445175320 16
1445175320 16
1445175320 111
