1445092296 20
1445092296 11
1445092296 14
1445092296 25
1445092296 6
1445092296 3
1445092297 2
1445092298 5
1445092298 7
1445092298 13
1445092298 8
1445092298 28
1445092298 9
1445092298 19
1445092298 23
1445092298 24
1445092298 12
1445092300 22
1445092300 16
1445092300 17
1445092300 28
1445092308 26
1445092308 15
1445092309 22
1445092309 16
1445092309 17
1445092309 28
1445092317 26
1445092317 15
1445092318 22
1445092318 16
1445092318 17
1445092318 28
1445092327 26
1445092327 15
1445092328 22
1445092328 16
1445092328 17
1445092328 28
1445092336 26
1445092336 15
1445092337 22
1445092337 16
1445092337 17
1445092337 28
1445092344 26
1445092344 15
1445092345 22
1445092345 16
1445092345 17
1445092345 28
1445092345 10
1445092353 26
1445092353 15
1445092353 22
1445092353 16
1445092353 17
1445092354 27
1445092354 18
1445092354 1
1445092384 4
1445092384 21
