1445092296 8
1445092296 147
1445092296 16
1445092296 102
1445092296 83
1445092296 8
1445092297 147
1445092298 160
1445092298 82
1445092298 67
1445092298 22
1445092298 102
1445092298 3
1445092298 75
1445092298 25
1445092298 25
1445092298 154
1445092300 102
1445092300 25
1445092300 25
1445092300 102
1445092308 75
1445092308 25
1445092309 102
1445092309 25
1445092309 25
1445092309 102
1445092317 75
1445092317 25
1445092318 102
1445092318 25
1445092318 25
1445092318 102
1445092327 75
1445092327 25
1445092328 102
1445092328 25
1445092328 25
1445092328 102
1445092336 75
1445092336 25
1445092337 102
1445092337 25
1445092337 25
1445092337 102
1445092344 75
1445092344 25
1445092345 102
1445092345 25
1445092345 25
1445092345 102
1445092345 67
1445092353 75
1445092353 25
1445092353 102
1445092353 25
1445092353 25
1445092354 75
1445092354 102
1445092354 160
1445092384 129
1445092384 3
