1445071857 8
1445071857 147
1445071857 16
1445071857 102
1445071857 83
1445071857 8
1445071861 147
1445071862 160
1445071862 82
1445071862 67
1445071863 22
1445071863 102
1445071863 3
1445071863 75
1445071863 25
1445071863 25
1445071863 154
1445071867 102
1445071867 25
1445071867 25
1445071867 102
1445071879 75
1445071879 25
1445071880 102
1445071880 25
1445071880 25
1445071880 102
1445071891 75
1445071891 25
1445071892 102
1445071892 25
1445071892 25
1445071892 102
1445071905 75
1445071905 25
1445071907 102
1445071907 25
1445071907 25
1445071907 102
1445071918 75
1445071918 25
1445071920 102
1445071920 25
1445071920 25
1445071920 102
1445071931 75
1445071931 25
1445071932 102
1445071932 25
1445071932 25
1445071932 102
1445071940 75
1445071940 25
1445071942 102
1445071942 25
1445071942 25
1445071942 102
1445071951 75
1445071951 25
1445071953 67
1445071953 102
1445071953 25
1445071953 25
1445071961 75
1445071961 102
1445071961 160
1445071995 129
1445071995 3
1445071995 16
1445071995 16
1445071995 111
