1445068010 42
1445068010 37
1445068010 39
1445068010 40
1445068010 32
1445068011 27
1445068011 13
1445068012 25
1445068013 34
1445068013 38
1445068013 36
1445068013 31
1445068013 24
1445068013 19
1445068013 17
1445068013 21
1445068013 1
1445068013 14
1445068013 11
1445068013 28
1445068013 6
1445068023 19
1445068023 17
1445068023 21
1445068023 1
1445068023 14
1445068023 11
1445068023 28
1445068023 12
1445068048 19
1445068048 17
1445068048 21
1445068048 1
1445068048 14
1445068048 11
1445068048 28
1445068048 8
1445068068 19
1445068068 17
1445068068 21
1445068068 1
1445068068 14
1445068068 11
1445068068 28
1445068068 7
1445068105 19
1445068105 23
1445068105 22
1445068105 1
1445068105 14
1445068105 11
1445068113 28
1445068113 15
1445068116 19
1445068116 17
1445068116 21
1445068116 1
1445068116 14
1445068116 11
1445068116 28
1445068116 5
1445068124 19
1445068124 17
1445068124 21
1445068124 1
1445068124 14
1445068124 11
1445068124 28
1445068124 4
1445068145 19
1445068145 23
1445068145 22
1445068145 1
1445068145 14
1445068145 11
1445068153 19
1445068157 28
1445068157 16
1445068157 23
1445068157 22
1445068157 1
1445068157 14
1445068157 11
1445068165 19
1445068165 17
1445068165 21
1445068165 1
1445068165 14
1445068165 11
1445068165 28
1445068165 9
1445068168 28
1445068168 20
1445068168 26
1445068168 10
1445068168 33
1445068168 30
1445068168 43
1445068168 3
1445068168 18
1445068216 29
1445068216 35
1445068216 2
1445068216 41
