1445067485 8
1445067485 147
1445067485 16
1445067485 102
1445067485 83
1445067485 8
1445067486 147
1445067487 160
1445067488 82
1445067488 67
1445067488 22
1445067488 102
1445067488 3
1445067488 75
1445067488 25
1445067488 25
1445067488 154
1445067496 102
1445067496 25
1445067496 25
1445067496 102
1445067505 75
1445067505 25
1445067511 102
1445067511 25
1445067511 25
1445067511 102
1445067520 75
1445067520 25
1445067527 102
1445067527 25
1445067527 25
1445067527 102
1445067536 75
1445067536 25
1445067541 102
1445067541 25
1445067541 25
1445067541 102
1445067550 75
1445067550 25
1445067557 102
1445067557 25
1445067557 25
1445067557 102
1445067566 75
1445067566 25
1445067573 102
1445067573 25
1445067573 25
1445067573 102
1445067583 75
1445067583 25
1445067591 102
1445067591 25
1445067591 25
1445067591 102
1445067601 75
1445067601 25
1445067606 67
1445067606 102
1445067606 25
1445067606 25
1445067613 75
1445067614 102
1445067614 160
1445067650 129
1445067650 3
