1445162660 8
1445162660 147
1445162660 16
1445162660 102
1445162660 83
1445162660 8
1445162661 147
1445162661 160
1445162662 82
1445162662 67
1445162663 22
1445162663 102
1445162663 3
1445162663 75
1445162663 25
1445162663 25
1445162663 154
1445162667 102
1445162667 25
1445162667 25
1445162667 102
1445162679 75
1445162679 25
1445162681 102
1445162681 25
1445162681 25
1445162681 102
1445162690 75
1445162691 25
1445162693 102
1445162693 25
1445162693 25
1445162693 102
1445162702 75
1445162702 25
1445162704 102
1445162704 25
1445162704 25
1445162704 102
1445162713 75
1445162713 25
1445162715 102
1445162715 25
1445162715 25
1445162715 102
1445162724 75
1445162724 25
1445162726 102
1445162726 25
1445162726 25
1445162726 102
1445162735 75
1445162735 25
1445162738 102
1445162738 25
1445162738 25
1445162738 102
1445162747 75
1445162747 25
1445162748 67
1445162748 102
1445162748 25
1445162748 25
1445162754 75
1445162754 102
1445162754 160
1445162773 129
1445162773 3
