1445076963 20
1445076964 12
1445076964 15
1445076964 18
1445076964 6
1445076964 3
1445076964 2
1445076965 5
1445076966 8
1445076966 13
1445076966 7
1445076966 26
1445076966 11
1445076966 22
1445076966 24
1445076966 25
1445076966 9
1445076970 23
1445076970 16
1445076970 14
1445076970 26
1445076979 27
1445076979 17
1445076982 23
1445076982 16
1445076982 14
1445076982 26
1445076991 27
1445076991 17
1445076993 23
1445076993 16
1445076993 14
1445076993 26
1445077003 27
1445077003 17
1445077005 23
1445077005 16
1445077005 14
1445077005 26
1445077014 27
1445077014 17
1445077016 23
1445077016 16
1445077016 14
1445077016 26
1445077029 27
1445077029 17
1445077031 23
1445077031 16
1445077031 14
1445077031 26
1445077040 27
1445077040 17
1445077042 23
1445077042 16
1445077042 14
1445077042 26
1445077052 27
1445077052 17
1445077054 10
1445077054 23
1445077054 16
1445077054 14
1445077068 28
1445077068 21
1445077068 1
1445077108 4
1445077108 19
