1445076759 23
1445076759 12
1445076759 14
1445076759 22
1445076759 6
1445076760 4
1445076762 3
1445076765 5
1445076767 8
1445076767 10
1445076770 9
1445076770 29
1445076770 13
1445076770 18
1445076770 20
1445076770 19
1445076770 11
1445076838 21
1445076838 16
1445076838 15
1445076838 29
1445076877 26
1445076877 17
1445076889 21
1445076889 16
1445076889 15
1445076889 29
1445076917 26
1445076917 17
1445076922 21
1445076922 16
1445076922 15
1445076922 29
1445076949 26
1445076949 17
1445076952 21
1445076952 16
1445076952 15
1445076952 29
1445076972 26
1445076972 17
1445076978 21
1445076978 16
1445076978 15
1445076978 29
1445076995 26
1445076995 17
1445077000 21
1445077000 16
1445077000 15
1445077000 29
1445077013 1
1445077013 35
1445077013 34
1445077013 34
1445077013 30
1445077013 36
1445077013 25
1445077013 42
1445077013 7
1445077013 40
1445077013 38
1445077013 39
1445077013 37
1445077013 41
1445077013 31
1445077013 32
1445077013 33
1445077013 33
1445077013 43
1445077013 43
1445077013 28
1445077013 44
1445077013 46
1445077013 45
1445077013 24
1445077013 27
1445077013 -1
1445077014 26
1445077014 17
1445077019 21
1445077019 16
1445077019 15
1445077019 29
1445077034 26
1445077034 17
1445077036 2
1445077056 2
1445077076 2
1445077096 2
1445077116 2
1445077136 2
1445077156 2
1445077176 2
1445077196 2
1445077216 2
1445077236 2
1445077256 2
1445077276 2
1445077296 2
1445077316 2
1445077336 2
1445077356 2
1445077376 2
1445077396 2
1445077416 2
1445077436 2
1445077456 2
1445077476 2
1445077496 2
1445077516 2
1445077536 2
1445077556 2
1445077576 2
1445077596 2
1445077616 2
1445077636 2
