1445241001 8
1445241001 147
1445241001 16
1445241001 102
1445241001 83
1445241001 8
1445241002 147
1445241002 160
1445241003 82
1445241003 67
1445241004 22
1445241004 102
1445241004 3
1445241004 75
1445241004 25
1445241004 25
1445241004 154
1445241008 102
1445241008 25
1445241008 25
1445241008 102
1445241019 75
1445241019 25
1445241022 102
1445241022 25
1445241022 25
1445241022 102
1445241032 75
1445241032 25
1445241034 102
1445241034 25
1445241034 25
1445241034 102
1445241045 75
1445241045 25
1445241048 102
1445241048 25
1445241048 25
1445241048 102
1445241057 75
1445241057 25
1445241059 102
1445241059 25
1445241059 25
1445241059 102
1445241069 75
1445241069 25
1445241071 102
1445241071 25
1445241071 25
1445241071 102
1445241081 75
1445241081 25
1445241083 102
1445241083 25
1445241083 25
1445241083 102
1445241092 75
1445241092 25
1445241094 67
1445241094 102
1445241094 25
1445241094 25
1445241102 75
1445241102 102
1445241102 160
1445241133 129
1445241133 3
