1445241447 24
1445241447 10
1445241447 19
1445241447 26
1445241447 6
1445241447 3
1445241447 2
1445241448 5
1445241448 7
1445241448 12
1445241449 8
1445241449 31
1445241449 13
1445241449 28
1445241449 23
1445241449 27
1445241449 14
1445241451 21
1445241451 15
1445241451 17
1445241451 31
1445241461 30
1445241461 16
1445241462 21
1445241462 15
1445241462 17
1445241462 31
1445241473 30
1445241473 16
1445241474 21
1445241474 15
1445241474 17
1445241474 31
1445241486 30
1445241486 16
1445241487 21
1445241487 15
1445241487 17
1445241487 31
1445241496 30
1445241496 16
1445241497 21
1445241497 15
1445241497 17
1445241497 31
1445241506 30
1445241506 16
1445241508 21
1445241508 15
1445241508 17
1445241508 31
1445241519 30
1445241519 16
1445241521 21
1445241521 15
1445241521 17
1445241521 31
1445241530 30
1445241530 16
1445241532 9
1445241532 21
1445241532 15
1445241532 17
1445241539 29
1445241539 22
1445241539 1
1445241570 4
1445241570 25
1445241570 20
1445241570 18
1445241570 11
