1445071666 18
1445071666 10
1445071666 17
1445071666 22
1445071666 6
1445071666 4
1445071667 2
1445071667 5
1445071668 7
1445071668 13
1445071669 8
1445071669 27
1445071669 9
1445071669 19
1445071669 23
1445071669 21
1445071669 12
1445071673 25
1445071673 15
1445071673 14
1445071673 27
1445071687 26
1445071687 16
1445071689 25
1445071690 15
1445071690 14
1445071690 27
1445071700 26
1445071700 16
1445071703 25
1445071703 15
1445071703 14
1445071703 27
1445071714 26
1445071714 16
1445071716 25
1445071716 15
1445071716 14
1445071716 27
1445071727 26
1445071727 16
1445071729 25
1445071729 15
1445071729 14
1445071729 27
1445071740 26
1445071740 16
1445071742 25
1445071742 15
1445071742 14
1445071742 27
1445071752 26
1445071752 16
1445071754 25
1445071754 15
1445071754 14
1445071754 27
1445071764 26
1445071764 16
1445071766 11
1445071766 25
1445071766 15
1445071766 14
1445071775 28
1445071775 20
1445071775 1
1445071801 3
1445071801 24
