1445094763 35
1445094763 31
1445094763 32
1445094764 33
1445094764 24
1445094764 23
1445094766 5
1445094768 20
1445094770 27
1445094770 30
1445094771 29
1445094771 26
1445094772 19
1445094772 16
1445094772 11
1445094772 1
1445094772 1
1445094772 13
1445094773 2
1445094773 14
1445094773 4
1445094775 13
1445094775 16
1445094775 11
1445094776 2
1445094776 14
1445094776 4
1445094782 13
1445094782 17
1445094782 18
1445094782 2
1445094782 14
1445094782 4
1445094840 13
1445094872 13
1445094924 21
1445094924 6
1445094986 21
1445094986 9
1445094986 16
1445094986 11
1445094986 2
1445094986 14
1445094986 4
1445095182 21
1445095182 14
1445095182 4
1445095281 21
1445095281 15
1445095281 17
1445095281 18
1445095281 2
1445095281 14
1445095281 4
1445095331 21
1445095331 14
1445095331 4
1445095451 21
1445095451 14
1445095451 4
1445095547 21
1445095547 14
1445095547 4
1445095630 21
1445095630 8
1445095668 21
1445095668 14
1445095668 4
1445095783 21
1445095783 22
1445095783 10
1445095783 7
1445095783 28
1445095783 25
1445095783 34
1445095783 3
1445095783 12
