1445094763 8
1445094763 147
1445094763 16
1445094764 102
1445094764 83
1445094764 8
1445094766 147
1445094768 160
1445094770 82
1445094770 67
1445094771 154
1445094771 0
1445094772 58
1445094772 78
1445094772 78
1445094772 76
1445094772 76
1445094772 58
1445094773 60
1445094773 60
1445094773 167
1445094775 58
1445094775 78
1445094775 78
1445094776 60
1445094776 60
1445094776 167
1445094782 58
1445094782 78
1445094782 78
1445094782 60
1445094782 60
1445094782 167
1445094840 58
1445094872 58
1445094924 167
1445094924 1
1445094986 167
1445094986 1
1445094986 78
1445094986 78
1445094986 60
1445094986 60
1445094986 167
1445095182 167
1445095182 60
1445095182 167
1445095281 167
1445095281 66
1445095281 78
1445095281 78
1445095281 60
1445095281 60
1445095281 167
1445095331 167
1445095331 60
1445095331 167
1445095451 167
1445095451 60
1445095451 167
1445095547 167
1445095547 60
1445095547 167
1445095630 167
1445095630 1
1445095668 167
1445095668 60
1445095668 167
1445095783 167
1445095783 58
1445095783 66
1445095783 0
1445095783 120
1445095783 120
1445095783 102
1445095783 160
1445095783 60
