1445241401 16
1445241402 9
1445241402 12
1445241402 20
1445241402 4
1445241402 3
1445241403 1
1445241405 2
1445241406 5
1445241407 10
1445241411 6
1445241411 22
1445241411 8
1445241411 15
1445241411 18
1445241411 19
1445241411 7
1445241447 17
1445241447 11
1445241447 14
1445241447 22
1445241488 21
1445241488 13
1445241494 17
1445241494 11
1445241494 14
1445241494 22
1445241529 21
1445241529 13
1445241535 17
1445241535 11
1445241535 14
1445241535 22
1445241561 21
1445241561 13
1445241566 17
1445241566 11
1445241566 14
1445241566 22
1445241590 21
1445241590 13
1445241594 17
1445241594 11
1445241594 14
1445241594 22
1445241609 21
1445241609 13
1445241612 17
1445241612 11
1445241612 14
1445241612 22
