1445241401 8
1445241402 147
1445241402 16
1445241402 102
1445241402 83
1445241402 8
1445241403 147
1445241405 160
1445241406 82
1445241407 67
1445241411 22
1445241411 102
1445241411 3
1445241411 75
1445241411 25
1445241411 25
1445241411 154
1445241447 102
1445241447 25
1445241447 25
1445241447 102
1445241488 75
1445241488 25
1445241494 102
1445241494 25
1445241494 25
1445241494 102
1445241529 75
1445241529 25
1445241535 102
1445241535 25
1445241535 25
1445241535 102
1445241561 75
1445241561 25
1445241566 102
1445241566 25
1445241566 25
1445241566 102
1445241590 75
1445241590 25
1445241594 102
1445241594 25
1445241594 25
1445241594 102
1445241609 75
1445241609 25
1445241612 102
1445241612 25
1445241612 25
1445241612 102
