1445247563 27
1445247563 13
1445247563 17
1445247563 24
1445247563 6
1445247563 3
1445247564 2
1445247565 4
1445247566 8
1445247566 10
1445247567 7
1445247567 31
1445247567 9
1445247567 21
1445247567 25
1445247567 26
1445247567 11
1445247572 28
1445247572 18
1445247572 19
1445247572 31
1445247583 30
1445247583 15
1445247585 28
1445247585 18
1445247585 19
1445247585 31
1445247596 30
1445247596 15
1445247598 28
1445247598 18
1445247598 19
1445247598 31
1445247610 30
1445247610 15
1445247611 28
1445247611 18
1445247611 19
1445247611 31
1445247622 30
1445247622 15
1445247625 28
1445247625 18
1445247625 19
1445247625 31
1445247634 30
1445247634 15
1445247636 28
1445247636 18
1445247636 19
1445247636 31
1445247644 30
1445247644 15
1445247646 28
1445247646 18
1445247646 19
1445247646 31
1445247655 30
1445247655 15
1445247656 12
1445247656 28
1445247656 18
1445247656 19
1445247664 29
1445247664 23
1445247664 1
1445247700 5
1445247700 22
1445247701 16
1445247701 20
1445247701 14
