1445247563 8
1445247563 147
1445247563 16
1445247563 102
1445247563 83
1445247563 8
1445247564 147
1445247565 160
1445247566 82
1445247566 67
1445247567 22
1445247567 102
1445247567 3
1445247567 75
1445247567 25
1445247567 25
1445247567 154
1445247572 102
1445247572 25
1445247572 25
1445247572 102
1445247583 75
1445247583 25
1445247585 102
1445247585 25
1445247585 25
1445247585 102
1445247596 75
1445247596 25
1445247598 102
1445247598 25
1445247598 25
1445247598 102
1445247610 75
1445247610 25
1445247611 102
1445247611 25
1445247611 25
1445247611 102
1445247622 75
1445247622 25
1445247625 102
1445247625 25
1445247625 25
1445247625 102
1445247634 75
1445247634 25
1445247636 102
1445247636 25
1445247636 25
1445247636 102
1445247644 75
1445247644 25
1445247646 102
1445247646 25
1445247646 25
1445247646 102
1445247655 75
1445247655 25
1445247656 67
1445247656 102
1445247656 25
1445247656 25
1445247664 75
1445247664 102
1445247664 160
1445247700 129
1445247700 3
1445247701 16
1445247701 16
1445247701 111
