1445067710 23
1445067710 9
1445067710 18
1445067710 25
1445067710 6
1445067711 4
1445067711 2
1445067712 5
1445067712 7
1445067712 12
1445067713 8
1445067713 29
1445067713 10
1445067713 24
1445067713 21
1445067713 26
1445067713 11
1445067715 27
1445067715 17
1445067715 19
1445067715 29
1445067727 30
1445067727 20
1445067729 27
1445067729 17
1445067729 19
1445067729 29
1445067739 30
1445067739 20
1445067741 14
1445067741 27
1445067741 17
1445067741 19
1445067749 31
1445067749 22
1445067749 1
1445067759 3
1445067759 28
1445067759 16
1445067759 15
1445067759 13
