1445176308 38
1445176308 33
1445176308 34
1445176308 37
1445176308 27
1445176308 20
1445176309 5
1445176309 23
1445176310 29
1445176310 32
1445176310 31
1445176310 26
1445176310 19
1445176310 15
1445176310 12
1445176310 15
1445176310 12
1445176310 18
1445176310 11
1445176310 17
1445176310 1
1445176310 1
1445176310 13
1445176310 13
1445176310 8
1445176310 8
1445176310 1
1445176310 13
1445176310 8
1445176311 21
1445176311 7
1445176311 15
1445176311 12
1445176311 1
1445176311 13
1445176311 8
1445176312 21
1445176312 4
1445176312 15
1445176312 12
1445176312 1
1445176312 13
1445176312 8
1445176312 21
1445176312 13
1445176312 8
1445176313 21
1445176313 13
1445176313 8
1445176314 21
1445176314 9
1445176315 21
1445176315 13
1445176315 8
1445176316 21
1445176316 13
1445176316 8
1445176317 21
1445176317 13
1445176317 8
1445176318 21
1445176318 10
1445176336 21
1445176336 16
1445176336 24
1445176336 6
1445176336 28
1445176336 25
1445176336 35
1445176336 3
1445176336 14
1445176599 22
1445176599 30
1445176599 2
1445176599 36
