1445176308 8
1445176308 147
1445176308 16
1445176308 102
1445176308 83
1445176308 8
1445176309 147
1445176309 160
1445176310 82
1445176310 67
1445176310 154
1445176310 0
1445176310 58
1445176310 78
1445176310 78
1445176310 78
1445176310 78
1445176310 78
1445176310 58
1445176310 78
1445176310 60
1445176310 60
1445176310 60
1445176310 60
1445176310 167
1445176310 167
1445176310 60
1445176310 60
1445176310 167
1445176311 167
1445176311 1
1445176311 78
1445176311 78
1445176311 60
1445176311 60
1445176311 167
1445176312 167
1445176312 1
1445176312 78
1445176312 78
1445176312 60
1445176312 60
1445176312 167
1445176312 167
1445176312 60
1445176312 167
1445176313 167
1445176313 60
1445176313 167
1445176314 167
1445176314 1
1445176315 167
1445176315 60
1445176315 167
1445176316 167
1445176316 60
1445176316 167
1445176317 167
1445176317 60
1445176317 167
1445176318 167
1445176318 1
1445176336 167
1445176336 66
1445176336 58
1445176336 0
1445176336 120
1445176336 120
1445176336 102
1445176336 160
1445176336 60
1445176599 129
1445176599 129
1445176599 167
1445176599 3
