1445248410 23
1445248410 9
1445248410 20
1445248410 25
1445248410 6
1445248410 4
1445248411 2
1445248412 5
1445248413 7
1445248413 10
1445248416 8
1445248416 30
1445248416 12
1445248416 24
1445248416 22
1445248416 27
1445248417 11
1445248451 28
1445248451 17
1445248451 18
1445248451 30
1445248487 31
1445248487 16
1445248503 28
1445248503 17
1445248503 18
1445248503 30
1445248532 31
1445248532 16
1445248549 28
1445248549 17
1445248549 18
1445248549 30
1445248576 31
1445248576 16
1445248583 28
1445248583 17
1445248583 18
1445248583 30
1445248605 31
1445248605 16
1445248612 28
1445248612 17
1445248612 18
1445248612 30
1445248635 31
1445248635 16
1445248639 28
1445248639 17
1445248639 18
1445248639 30
1445248667 31
1445248667 16
1445248674 28
1445248674 17
1445248674 18
1445248674 30
1445248703 31
1445248703 16
1445248711 14
1445248711 28
1445248711 17
1445248711 18
1445248736 29
1445248736 26
1445248737 1
1445248789 3
1445248792 21
1445248792 19
1445248792 15
1445248792 13
