1445067496 23
1445067496 13
1445067496 20
1445067496 27
1445067496 6
1445067497 5
1445067498 2
1445067499 4
1445067500 8
1445067500 12
1445067502 7
1445067502 29
1445067502 10
1445067502 24
1445067502 22
1445067502 26
1445067502 14
1445067544 28
1445067544 16
1445067544 18
1445067544 29
1445067563 31
1445067563 15
1445067607 28
1445067607 16
1445067607 18
1445067607 29
1445067628 31
1445067628 15
1445067650 28
1445067650 16
1445067650 18
1445067650 29
1445067678 31
1445067678 15
1445067691 28
1445067691 16
1445067691 18
1445067691 29
1445067718 31
1445067718 15
1445067726 28
1445067726 16
1445067726 18
1445067726 29
1445067754 31
1445067754 15
1445067766 28
1445067766 16
1445067766 18
1445067766 29
1445067792 31
1445067792 15
1445067806 28
1445067806 16
1445067806 18
1445067806 29
1445067824 31
1445067824 15
1445067827 9
1445067827 28
1445067827 16
1445067827 18
1445067843 30
1445067843 21
1445067843 1
1445067882 3
1445067882 25
1445067882 19
1445067882 17
1445067882 11
