1445067631 8
1445067631 147
1445067631 16
1445067631 102
1445067631 83
1445067631 8
1445067631 147
1445067632 160
1445067632 82
1445067632 67
1445067632 154
1445067633 0
1445067633 58
1445067633 78
1445067633 78
1445067633 78
1445067633 78
1445067633 58
1445067633 60
1445067633 60
1445067633 60
1445067633 60
1445067633 167
1445067633 167
1445067633 167
1445067633 1
1445067634 167
1445067634 1
1445067634 78
1445067634 78
1445067634 60
1445067634 60
1445067634 167
1445067635 58
1445067636 167
1445067636 1
1445067636 78
1445067636 78
1445067636 60
1445067636 60
1445067636 167
1445067638 167
1445067638 1
1445067651 78
1445067651 78
1445067651 58
1445067651 60
1445067651 60
1445067651 167
1445067652 167
1445067653 58
1445067653 78
1445067653 78
1445067653 60
1445067653 60
1445067653 167
1445067653 1
1445067653 78
1445067653 78
1445067653 60
1445067653 60
1445067653 167
1445067654 167
1445067654 1
1445067655 167
1445067655 60
1445067655 167
1445067657 167
1445067657 1
1445067673 58
1445067673 78
1445067673 78
1445067673 60
1445067673 60
1445067673 167
1445067673 167
1445067673 1
1445067686 58
1445067686 78
1445067686 78
1445067686 60
1445067686 60
1445067686 167
1445067687 167
1445067687 1
1445067687 58
1445067687 0
1445067687 120
1445067687 120
1445067687 102
1445067687 160
1445067687 60
1445067710 90
1445067710 158
1445067710 117
1445067710 117
1445067710 149
1445067710 97
1445067710 97
1445067766 129
1445067766 129
1445067766 167
1445067766 3
