1445094481 28
1445094481 28
1445094481 28
1445094482 28
1445094483 28
1445094483 28
1445094483 28
1445094483 28
1445094483 28
1445094483 28
1445094483 28
1445094483 28
1445094483 28
1445094483 28
1445094483 28
1445094484 28
1445094484 28
1445094484 28
1445094484 28
1445094485 28
1445094485 28
1445094485 28
1445094485 28
1445094485 28
1445094485 28
1445094485 28
1445094485 28
1445094485 28
1445094485 28
1445094485 28
1445094485 28
1445094485 28
1445094485 28
1445094485 28
1445094486 7
1445094486 28
1445094486 28
1445094486 28
1445094486 28
1445094486 28
1445094486 28
1445094486 28
1445094486 27
1445094486 1
1445094486 17
1445094486 28
1445094488 28
1445094488 28
1445094488 28
1445094488 28
1445094488 28
1445094488 28
1445094488 28
1445094488 28
1445094488 28
1445094488 28
1445094488 28
1445094488 28
1445094488 28
1445094488 28
1445094488 28
1445094488 28
1445094488 28
1445094488 28
1445094488 28
1445094488 28
1445094488 28
1445094488 28
1445094488 28
1445094488 28
1445094488 28
1445094488 28
1445094488 28
1445094488 28
1445094488 28
1445094488 28
1445094488 28
1445094488 28
1445094488 28
1445094488 28
1445094488 28
1445094488 28
1445094488 28
1445094488 28
1445094488 28
1445094488 28
1445094488 28
1445094488 28
1445094488 28
1445094488 28
1445094488 28
1445094488 28
1445094488 28
1445094488 28
1445094488 28
1445094488 28
1445094488 28
1445094488 28
1445094488 28
1445094488 28
1445094488 28
1445094488 28
1445094488 28
1445094488 28
1445094488 28
1445094488 28
1445094488 28
1445094488 28
1445094489 28
1445094489 28
1445094489 28
1445094489 28
1445094490 28
1445094490 28
1445094491 28
1445094491 28
1445094492 28
1445094492 28
1445094493 28
1445094493 28
1445094493 28
1445094493 28
1445094493 28
1445094493 28
1445094493 28
1445094493 28
1445094493 28
1445094493 28
1445094493 28
1445094493 28
1445094493 28
1445094493 28
1445094493 28
1445094493 28
1445094494 28
1445094494 28
1445094494 28
1445094494 28
1445094494 28
1445094494 28
1445094494 28
1445094494 28
1445094495 28
1445094495 28
1445094496 28
1445094496 28
1445094497 28
1445094497 28
1445094498 28
1445094498 28
1445094499 28
1445094499 28
1445094500 28
1445094500 28
1445094501 28
1445094501 28
1445094502 28
1445094502 28
1445094503 28
1445094503 28
1445094504 28
1445094504 28
1445094505 28
1445094505 28
1445094506 28
1445094506 28
1445094507 28
1445094507 28
1445094508 28
1445094508 28
1445094508 28
1445094509 28
1445094509 28
1445094509 28
1445094509 28
1445094510 28
1445094510 28
1445094511 28
1445094511 28
1445094512 28
1445094512 28
1445094513 28
1445094513 28
1445094514 28
1445094514 28
1445094515 28
1445094515 28
1445094516 28
1445094516 28
1445094517 28
1445094517 28
1445094518 28
1445094518 28
1445094519 28
1445094519 28
1445094520 28
1445094520 28
1445094521 28
1445094521 28
1445094522 28
1445094522 28
1445094523 28
1445094523 28
1445094524 28
1445094524 28
1445094525 28
1445094525 28
1445094526 28
1445094526 28
1445094527 28
1445094527 28
1445094528 28
1445094528 28
1445094529 28
1445094529 28
1445094530 28
1445094530 28
1445094531 28
1445094531 28
1445094532 28
1445094532 28
1445094533 28
1445094533 28
1445094534 28
1445094534 28
1445094535 28
1445094535 28
1445094536 28
1445094536 28
1445094537 28
1445094537 28
1445094538 28
1445094538 28
1445094539 28
1445094539 28
1445094539 28
1445094540 28
1445094540 28
1445094541 28
1445094541 28
1445094542 28
1445094542 28
1445094543 28
1445094543 28
1445094543 28
1445094544 28
1445094544 28
1445094545 28
1445094545 28
1445094546 28
1445094546 28
1445094547 28
1445094547 28
1445094547 28
1445094548 28
1445094548 28
1445094549 28
1445094549 28
1445094550 28
1445094550 28
1445094550 28
1445094551 28
1445094551 28
1445094552 28
1445094552 28
1445094553 28
1445094553 28
1445094554 28
1445094554 28
1445094554 28
1445094555 28
1445094555 28
1445094556 28
1445094556 28
1445094557 28
1445094557 28
1445094558 28
1445094558 28
1445094558 28
1445094559 28
1445094559 28
1445094560 28
1445094560 28
1445094561 28
1445094561 28
1445094562 28
1445094562 28
1445094562 28
1445094563 28
1445094563 28
1445094564 28
1445094564 28
1445094564 28
1445094564 28
1445094564 28
1445094564 28
1445094564 28
1445094564 28
1445094564 28
1445094564 28
1445094564 28
1445094564 28
1445094564 28
1445094564 28
1445094564 28
1445094565 28
1445094565 28
1445094565 28
1445094566 28
1445094566 28
1445094566 28
1445094567 28
1445094567 28
1445094568 28
1445094568 28
1445094568 28
1445094568 28
1445094568 28
1445094569 28
1445094569 28
1445094570 28
1445094570 28
1445094570 28
1445094571 28
1445094571 28
1445094572 28
1445094572 28
1445094573 28
1445094573 28
1445094573 28
1445094574 28
1445094574 28
1445094575 28
1445094575 28
1445094575 28
1445094576 28
1445094576 28
1445094577 28
1445094577 28
1445094577 28
1445094578 28
1445094578 28
1445094578 28
1445094578 28
1445094578 28
1445094578 28
1445094578 28
1445094578 28
1445094578 28
1445094578 28
1445094578 28
1445094578 28
1445094578 28
1445094578 28
1445094578 28
1445094578 28
1445094579 28
1445094579 28
1445094579 28
1445094579 28
1445094579 28
1445094579 28
1445094579 28
1445094579 28
1445094579 28
1445094579 28
1445094579 28
1445094579 28
1445094579 28
1445094579 28
1445094579 28
1445094579 28
1445094580 28
1445094580 28
1445094580 28
1445094580 28
1445094580 28
1445094580 28
1445094580 28
1445094580 28
1445094580 28
1445094580 28
1445094580 28
1445094580 28
1445094580 28
1445094580 28
1445094580 28
1445094580 28
1445094581 28
1445094581 28
1445094581 28
1445094581 28
1445094581 28
1445094581 28
1445094581 28
1445094581 28
1445094581 28
1445094581 28
1445094581 28
1445094581 28
1445094581 28
1445094581 28
1445094581 28
1445094581 28
1445094581 28
1445094581 28
1445094582 28
1445094582 28
1445094582 28
1445094583 28
1445094583 28
1445094583 28
1445094583 28
1445094583 28
1445094583 28
1445094583 28
1445094583 28
1445094583 28
1445094583 28
1445094583 28
1445094583 28
1445094583 28
1445094583 28
1445094583 28
1445094583 28
1445094583 28
1445094583 28
1445094584 28
1445094584 28
1445094584 28
1445094584 28
1445094584 28
1445094585 28
1445094585 28
1445094585 28
1445094585 28
1445094585 28
1445094586 28
1445094586 28
1445094586 28
1445094586 28
1445094586 28
1445094587 28
1445094587 28
1445094587 28
1445094587 28
1445094587 28
1445094587 28
1445094588 28
1445094588 28
1445094588 28
1445094589 28
1445094589 28
1445094589 28
1445094589 28
1445094589 28
1445094590 28
1445094590 28
1445094590 28
1445094591 28
1445094591 28
1445094591 28
1445094591 28
1445094591 28
1445094591 28
1445094591 28
1445094591 28
1445094591 28
1445094591 28
1445094591 28
1445094591 28
1445094591 28
1445094591 28
1445094591 28
1445094592 28
1445094592 28
1445094592 28
1445094592 28
1445094592 28
1445094592 28
1445094592 28
1445094592 28
1445094592 28
1445094592 28
1445094592 28
1445094592 28
1445094592 28
1445094592 28
1445094592 28
1445094592 28
1445094592 28
1445094593 28
1445094593 28
1445094593 28
1445094593 28
1445094593 28
1445094594 28
1445094594 28
1445094594 28
1445094594 28
1445094594 28
1445094594 28
1445094595 28
1445094595 28
1445094595 28
1445094596 28
1445094596 28
1445094596 28
1445094596 28
1445094596 28
1445094596 28
1445094596 28
1445094596 28
1445094596 28
1445094597 28
1445094597 28
1445094597 28
1445094597 28
1445094598 28
1445094598 28
1445094598 28
1445094599 28
1445094599 28
1445094599 28
1445094599 28
1445094600 28
1445094600 28
1445094600 28
1445094600 28
1445094600 28
1445094600 28
1445094601 28
1445094601 28
1445094601 28
1445094601 28
1445094601 28
1445094601 28
1445094601 28
1445094601 28
1445094601 28
1445094601 28
1445094601 28
1445094601 28
1445094601 28
1445094601 28
1445094601 28
1445094601 28
1445094601 28
1445094602 28
1445094602 28
1445094602 28
1445094603 28
1445094603 28
1445094603 28
1445094603 28
1445094604 28
1445094604 28
1445094604 28
1445094605 28
1445094605 28
1445094605 28
1445094605 28
1445094605 28
1445094606 28
1445094606 28
1445094606 28
1445094606 28
1445094607 28
1445094607 28
1445094608 28
1445094608 28
1445094608 28
1445094609 28
1445094609 28
1445094609 28
1445094610 28
1445094610 28
1445094610 28
1445094611 28
1445094611 28
1445094611 28
1445094612 28
1445094612 28
1445094612 28
1445094613 28
1445094613 28
1445094613 28
1445094613 28
1445094614 28
1445094614 28
1445094615 28
1445094615 28
1445094615 28
1445094615 28
1445094616 28
1445094616 28
1445094616 28
1445094616 28
1445094616 28
1445094616 28
1445094617 28
1445094617 28
1445094617 28
1445094617 28
1445094618 28
1445094618 28
1445094618 28
1445094618 28
1445094618 28
1445094619 28
1445094619 28
1445094619 28
1445094619 28
1445094619 28
1445094619 28
1445094619 28
1445094620 28
1445094620 28
1445094621 28
1445094621 28
1445094621 28
1445094621 28
1445094621 28
1445094622 28
1445094622 28
1445094622 28
1445094622 28
1445094623 28
1445094623 28
1445094623 28
1445094624 28
1445094624 28
1445094624 28
1445094625 28
1445094625 28
1445094625 28
1445094625 28
1445094626 28
1445094626 28
1445094627 28
1445094627 28
1445094627 28
1445094627 28
1445094628 28
1445094628 28
1445094628 28
1445094628 28
1445094629 28
1445094629 28
1445094630 28
1445094630 28
1445094630 28
1445094630 28
1445094631 28
1445094631 28
1445094631 28
1445094631 28
1445094632 28
1445094632 28
1445094633 28
1445094633 28
1445094633 28
1445094634 28
1445094634 28
1445094634 28
1445094634 28
1445094634 28
1445094635 28
1445094635 28
1445094636 28
1445094636 28
1445094636 28
1445094637 28
1445094637 28
1445094637 28
1445094637 28
1445094638 28
1445094638 28
1445094638 28
1445094639 28
1445094639 28
1445094639 28
1445094639 28
1445094640 28
1445094640 28
1445094640 28
1445094640 28
1445094640 28
1445094640 28
1445094640 28
1445094640 28
1445094641 28
1445094641 28
1445094642 28
1445094642 28
1445094642 28
1445094643 28
1445094643 28
1445094643 28
1445094643 28
1445094644 28
1445094644 28
1445094644 28
1445094644 28
1445094645 28
1445094645 28
1445094645 28
1445094645 28
1445094646 28
1445094646 28
1445094646 28
1445094646 28
1445094647 28
1445094647 28
1445094647 28
1445094648 28
1445094648 28
1445094649 28
1445094649 28
1445094649 28
1445094649 28
1445094649 28
1445094650 28
1445094650 28
1445094650 28
1445094651 28
1445094651 28
1445094652 28
1445094652 28
1445094652 28
1445094652 28
1445094652 28
1445094653 28
1445094653 28
1445094653 28
1445094653 28
1445094654 28
1445094654 28
1445094655 28
1445094655 28
1445094655 28
1445094655 28
1445094656 28
1445094656 28
1445094656 28
1445094656 28
1445094657 28
1445094657 28
1445094658 28
1445094658 28
1445094658 28
1445094659 28
1445094659 28
1445094659 28
1445094659 28
1445094660 28
1445094660 28
1445094660 28
1445094660 28
1445094661 28
1445094661 28
1445094661 28
1445094662 28
1445094662 28
1445094662 28
1445094662 28
1445094663 28
1445094663 28
1445094664 28
1445094664 28
1445094664 28
1445094664 28
1445094665 28
1445094665 28
1445094665 28
1445094665 28
1445094666 28
1445094667 28
1445094667 28
1445094667 28
1445094667 28
1445094668 28
1445094668 28
1445094668 28
1445094668 28
1445094669 28
1445094669 28
1445094670 28
1445094670 28
1445094670 28
1445094670 28
1445094671 28
1445094671 28
1445094671 28
1445094671 28
1445094672 28
1445094672 28
1445094673 28
1445094673 28
1445094673 28
1445094673 28
1445094674 28
1445094674 28
1445094674 28
1445094675 28
1445094675 28
1445094675 28
1445094675 28
1445094675 28
1445094675 28
1445094675 28
1445094675 28
1445094675 28
1445094675 28
1445094675 28
1445094675 28
1445094675 28
1445094676 28
1445094676 28
1445094676 28
1445094676 28
1445094676 28
1445094676 28
1445094676 28
1445094676 28
1445094676 28
1445094676 28
1445094676 28
1445094676 28
1445094676 28
1445094676 28
1445094676 28
1445094676 28
1445094676 28
1445094676 28
1445094676 28
1445094676 28
1445094676 28
1445094676 28
1445094676 28
1445094676 28
1445094676 28
1445094676 28
1445094676 28
1445094676 28
1445094676 28
1445094676 28
1445094676 28
1445094676 28
1445094676 28
1445094676 28
1445094677 28
1445094677 28
1445094677 28
1445094677 28
1445094677 28
1445094677 20
1445094677 25
1445094677 -1
1445094677 28
1445094677 28
1445094677 28
1445094677 28
1445094677 28
1445094677 28
1445094677 28
1445094677 28
1445094677 28
1445094677 28
1445094677 28
1445094677 28
1445094677 28
1445094678 28
1445094678 28
1445094678 28
1445094678 28
1445094678 20
1445094678 25
1445094678 -1
1445094678 28
1445094678 28
1445094678 20
1445094678 25
1445094678 -1
1445094678 28
1445094678 28
1445094678 28
1445094678 28
1445094678 28
1445094678 28
1445094678 28
1445094678 28
1445094678 28
1445094678 28
1445094678 28
1445094678 28
1445094678 28
1445094678 28
1445094678 28
1445094678 28
1445094678 28
1445094678 28
1445094678 28
1445094678 28
1445094678 28
1445094678 28
1445094678 28
1445094678 28
1445094678 28
1445094678 28
1445094678 28
1445094678 28
1445094678 28
1445094678 28
1445094678 28
1445094678 28
1445094678 28
1445094678 28
1445094679 28
1445094679 28
1445094679 28
1445094679 28
1445094679 28
1445094679 20
1445094679 25
1445094679 -1
1445094679 28
1445094679 28
1445094679 20
1445094679 25
1445094679 -1
1445094679 28
1445094679 28
1445094679 28
1445094679 28
1445094679 28
1445094679 28
1445094679 28
1445094679 28
1445094679 28
1445094679 28
1445094679 28
1445094679 28
1445094679 28
1445094680 28
1445094680 28
1445094680 28
1445094680 28
1445094680 20
1445094680 25
1445094680 -1
1445094680 28
1445094680 28
1445094680 28
1445094680 28
1445094680 28
1445094680 28
1445094680 28
1445094680 28
1445094680 28
1445094680 28
1445094680 28
1445094681 28
1445094682 28
1445094682 28
1445094682 28
1445094682 20
1445094682 25
1445094682 -1
1445094682 28
1445094682 28
1445094682 28
1445094682 28
1445094683 28
1445094683 28
1445094684 28
1445094684 28
1445094684 28
1445094685 28
1445094686 28
1445094686 28
1445094686 28
1445094687 28
1445094688 28
1445094688 28
1445094689 28
1445094689 28
1445094690 28
1445094690 28
1445094690 28
1445094690 28
1445094690 28
1445094690 28
1445094690 28
1445094690 28
1445094690 28
1445094690 28
1445094690 28
1445094690 28
1445094690 28
1445094690 28
1445094690 28
1445094690 28
1445094690 28
1445094690 28
1445094690 28
1445094690 28
1445094690 28
1445094690 28
1445094691 28
1445094691 28
1445094692 28
1445094692 28
1445094692 28
1445094692 20
1445094692 25
1445094692 -1
1445094692 28
1445094692 28
1445094692 20
1445094692 25
1445094692 -1
1445094692 28
1445094692 28
1445094693 28
1445094694 28
1445094694 28
1445094694 28
1445094695 28
1445094695 28
1445094696 28
1445094697 28
1445094697 28
1445094697 28
1445094698 28
1445094698 28
1445094699 28
1445094700 28
1445094700 28
1445094701 28
1445094701 28
1445094701 28
1445094702 28
1445094703 28
1445094703 28
1445094704 28
1445094704 28
1445094704 28
1445094705 28
1445094706 28
1445094706 28
1445094707 28
1445094707 28
1445094708 28
1445094708 28
1445094709 28
1445094709 28
1445094710 28
1445094710 28
1445094711 28
1445094712 28
1445094712 28
1445094712 28
1445094713 28
1445094713 28
1445094714 28
1445094715 28
1445094715 28
1445094715 28
1445094716 28
1445094716 28
1445094717 28
1445094718 28
1445094718 28
1445094719 28
1445094719 28
1445094719 28
1445094720 28
1445094721 28
1445094721 28
1445094722 28
1445094722 28
1445094722 28
1445094723 28
1445094724 28
1445094724 28
1445094725 28
1445094725 28
1445094726 28
1445094726 28
1445094727 28
1445094727 28
1445094728 28
1445094728 28
1445094729 28
1445094729 28
1445094730 28
1445094730 28
1445094731 28
1445094731 28
1445094732 28
1445094733 28
1445094733 28
1445094733 28
1445094734 28
1445094734 28
1445094735 28
1445094736 28
1445094736 28
1445094737 28
1445094737 28
1445094737 28
1445094738 28
1445094739 28
1445094739 28
1445094740 28
1445094740 28
1445094740 28
1445094741 28
1445094742 28
1445094742 28
1445094743 28
1445094743 28
1445094743 28
1445094744 28
1445094745 28
1445094745 28
1445094745 28
1445094746 28
1445094746 28
1445094747 28
1445094748 28
1445094748 28
1445094749 28
1445094749 28
1445094749 28
1445094750 28
1445094751 28
1445094751 28
1445094752 28
1445094752 28
1445094752 28
1445094753 28
1445094754 28
1445094754 28
1445094755 28
1445094755 28
1445094756 28
1445094756 28
1445094757 28
1445094757 28
1445094758 28
1445094758 28
1445094759 28
1445094760 28
1445094760 28
1445094760 28
1445094761 28
1445094761 28
1445094762 28
1445094763 28
1445094763 28
1445094764 28
1445094764 28
1445094764 28
1445094765 28
1445094766 28
1445094766 28
1445094767 28
1445094768 28
1445094768 28
1445094768 28
1445094769 28
1445094769 28
1445094770 28
1445094771 28
1445094771 28
1445094771 28
1445094772 28
1445094772 28
1445094773 28
1445094774 28
1445094774 28
1445094775 28
1445094775 28
1445094775 28
1445094776 28
1445094777 28
1445094777 28
1445094778 28
1445094778 28
1445094779 28
1445094779 28
1445094780 28
1445094780 28
1445094781 28
1445094781 28
1445094781 28
1445094781 28
1445094781 28
1445094781 28
1445094781 28
1445094781 28
1445094781 28
1445094781 28
1445094781 28
1445094781 28
1445094781 28
1445094781 28
1445094781 28
1445094781 28
1445094782 28
1445094782 28
1445094782 28
1445094782 28
1445094782 28
1445094782 28
1445094782 28
1445094782 2
1445094782 28
1445094783 28
1445094783 28
1445094783 28
1445094783 28
1445094783 20
1445094783 25
1445094783 -1
1445094783 28
1445094783 6
1445094783 22
1445094783 21
1445094783 24
1445094783 23
1445094783 18
1445094783 14
1445094783 15
1445094783 11
1445094783 13
1445094783 12
1445094783 9
1445094783 28
1445094784 28
1445094784 28
1445094784 28
1445094784 20
1445094784 25
1445094784 -1
1445094784 28
1445094785 28
1445094786 28
1445094786 28
1445094787 28
1445094787 28
1445094789 28
1445094792 28
1445094795 28
1445094798 28
1445094801 28
1445094804 28
1445094807 28
1445094810 28
1445094813 28
1445094816 28
1445094819 28
1445094822 28
1445094825 28
1445094828 28
1445094831 28
1445094834 28
1445094837 28
1445094840 28
1445094843 28
1445094846 28
1445094849 28
1445094852 28
1445094855 28
1445094858 28
1445094861 28
1445094864 28
1445094867 28
1445094870 28
1445094874 28
1445094877 28
1445094880 28
1445094883 28
1445094886 28
1445094889 28
1445094892 28
1445094895 28
1445094898 28
1445094901 28
1445094904 28
1445094907 28
1445094910 28
1445094913 28
1445094916 28
1445094919 28
1445094922 28
1445094925 28
1445094928 28
1445094931 28
1445094934 28
1445094937 28
1445094940 28
1445094943 28
1445094946 28
1445094949 28
1445094952 28
1445094955 28
1445094958 28
1445094961 28
1445094964 28
1445094967 28
1445094970 28
1445094974 28
1445094977 28
1445094980 28
1445094983 28
1445094986 28
1445094989 28
1445094992 28
1445094995 28
1445094998 28
1445095001 28
1445095004 28
1445095007 28
1445095010 28
1445095013 28
1445095016 28
1445095019 28
1445095022 28
1445095025 28
1445095028 28
1445095031 28
1445095034 28
1445095037 28
1445095040 28
1445095043 28
1445095046 28
1445095049 28
1445095052 28
1445095055 28
1445095058 28
1445095061 28
1445095064 28
1445095067 28
1445095070 28
1445095073 28
1445095077 28
1445095080 28
1445095083 28
1445095086 28
1445095089 28
1445095092 28
1445095095 28
1445095098 28
1445095101 28
1445095104 28
1445095107 28
1445095110 28
1445095113 28
1445095116 28
1445095119 28
1445095122 28
1445095125 28
1445095128 28
1445095131 28
1445095134 28
1445095137 28
1445095140 28
1445095143 28
1445095146 28
1445095149 28
1445095152 28
1445095155 28
1445095158 28
1445095161 28
1445095164 28
1445095167 28
1445095170 28
1445095173 28
1445095176 28
1445095179 28
1445095183 28
1445095186 28
1445095189 28
1445095192 28
1445095195 28
1445095198 28
1445095201 28
1445095204 28
1445095207 28
1445095210 28
1445095213 28
1445095216 28
1445095219 28
1445095222 28
1445095225 28
1445095228 28
1445095230 28
1445095230 28
1445095230 28
1445095230 28
1445095230 28
1445095231 28
1445095231 28
1445095231 28
1445095231 28
1445095231 28
1445095231 28
1445095231 28
1445095231 28
1445095231 28
1445095231 28
1445095231 28
1445095231 28
1445095231 28
1445095231 28
1445095231 28
1445095231 28
1445095231 28
1445095231 28
1445095231 28
1445095231 28
1445095231 28
1445095231 28
1445095231 28
1445095231 8
1445095231 28
1445095231 8
1445095231 28
1445095231 16
1445095232 28
1445095232 16
1445095232 28
1445095232 5
1445095232 26
1445095232 28
1445095232 4
1445095232 19
1445095232 28
1445095232 3
1445095232 10
1445095232 28
1445095232 28
1445095232 28
1445095232 28
1445095233 28
1445095233 28
1445095233 28
1445095233 28
1445095233 28
1445095233 28
