1445094481 35
1445094481 35
1445094481 35
1445094482 35
1445094483 35
1445094483 35
1445094483 35
1445094483 35
1445094483 35
1445094483 35
1445094483 35
1445094483 35
1445094483 35
1445094483 35
1445094483 35
1445094484 35
1445094484 35
1445094484 35
1445094484 35
1445094485 35
1445094485 35
1445094485 35
1445094485 35
1445094485 35
1445094485 35
1445094485 35
1445094485 35
1445094485 35
1445094485 35
1445094485 35
1445094485 35
1445094485 35
1445094485 35
1445094485 35
1445094486 8
1445094486 35
1445094486 35
1445094486 35
1445094486 35
1445094486 35
1445094486 35
1445094486 35
1445094486 64
1445094486 5
1445094486 64
1445094486 35
1445094488 35
1445094488 35
1445094488 35
1445094488 35
1445094488 35
1445094488 35
1445094488 35
1445094488 35
1445094488 35
1445094488 35
1445094488 35
1445094488 35
1445094488 35
1445094488 35
1445094488 35
1445094488 35
1445094488 35
1445094488 35
1445094488 35
1445094488 35
1445094488 35
1445094488 35
1445094488 35
1445094488 35
1445094488 35
1445094488 35
1445094488 35
1445094488 35
1445094488 35
1445094488 35
1445094488 35
1445094488 35
1445094488 35
1445094488 35
1445094488 35
1445094488 35
1445094488 35
1445094488 35
1445094488 35
1445094488 35
1445094488 35
1445094488 35
1445094488 35
1445094488 35
1445094488 35
1445094488 35
1445094488 35
1445094488 35
1445094488 35
1445094488 35
1445094488 35
1445094488 35
1445094488 35
1445094488 35
1445094488 35
1445094488 35
1445094488 35
1445094488 35
1445094488 35
1445094488 35
1445094488 35
1445094488 35
1445094489 35
1445094489 35
1445094489 35
1445094489 35
1445094490 35
1445094490 35
1445094491 35
1445094491 35
1445094492 35
1445094492 35
1445094493 35
1445094493 35
1445094493 35
1445094493 35
1445094493 35
1445094493 35
1445094493 35
1445094493 35
1445094493 35
1445094493 35
1445094493 35
1445094493 35
1445094493 35
1445094493 35
1445094493 35
1445094493 35
1445094494 35
1445094494 35
1445094494 35
1445094494 35
1445094494 35
1445094494 35
1445094494 35
1445094494 35
1445094495 35
1445094495 35
1445094496 35
1445094496 35
1445094497 35
1445094497 35
1445094498 35
1445094498 35
1445094499 35
1445094499 35
1445094500 35
1445094500 35
1445094501 35
1445094501 35
1445094502 35
1445094502 35
1445094503 35
1445094503 35
1445094504 35
1445094504 35
1445094505 35
1445094505 35
1445094506 35
1445094506 35
1445094507 35
1445094507 35
1445094508 35
1445094508 35
1445094508 35
1445094509 35
1445094509 35
1445094509 35
1445094509 35
1445094510 35
1445094510 35
1445094511 35
1445094511 35
1445094512 35
1445094512 35
1445094513 35
1445094513 35
1445094514 35
1445094514 35
1445094515 35
1445094515 35
1445094516 35
1445094516 35
1445094517 35
1445094517 35
1445094518 35
1445094518 35
1445094519 35
1445094519 35
1445094520 35
1445094520 35
1445094521 35
1445094521 35
1445094522 35
1445094522 35
1445094523 35
1445094523 35
1445094524 35
1445094524 35
1445094525 35
1445094525 35
1445094526 35
1445094526 35
1445094527 35
1445094527 35
1445094528 35
1445094528 35
1445094529 35
1445094529 35
1445094530 35
1445094530 35
1445094531 35
1445094531 35
1445094532 35
1445094532 35
1445094533 35
1445094533 35
1445094534 35
1445094534 35
1445094535 35
1445094535 35
1445094536 35
1445094536 35
1445094537 35
1445094537 35
1445094538 35
1445094538 35
1445094539 35
1445094539 35
1445094539 35
1445094540 35
1445094540 35
1445094541 35
1445094541 35
1445094542 35
1445094542 35
1445094543 35
1445094543 35
1445094543 35
1445094544 35
1445094544 35
1445094545 35
1445094545 35
1445094546 35
1445094546 35
1445094547 35
1445094547 35
1445094547 35
1445094548 35
1445094548 35
1445094549 35
1445094549 35
1445094550 35
1445094550 35
1445094550 35
1445094551 35
1445094551 35
1445094552 35
1445094552 35
1445094553 35
1445094553 35
1445094554 35
1445094554 35
1445094554 35
1445094555 35
1445094555 35
1445094556 35
1445094556 35
1445094557 35
1445094557 35
1445094558 35
1445094558 35
1445094558 35
1445094559 35
1445094559 35
1445094560 35
1445094560 35
1445094561 35
1445094561 35
1445094562 35
1445094562 35
1445094562 35
1445094563 35
1445094563 35
1445094564 35
1445094564 35
1445094564 35
1445094564 35
1445094564 35
1445094564 35
1445094564 35
1445094564 35
1445094564 35
1445094564 35
1445094564 35
1445094564 35
1445094564 35
1445094564 35
1445094564 35
1445094565 35
1445094565 35
1445094565 35
1445094566 35
1445094566 35
1445094566 35
1445094567 35
1445094567 35
1445094568 35
1445094568 35
1445094568 35
1445094568 35
1445094568 35
1445094569 35
1445094569 35
1445094570 35
1445094570 35
1445094570 35
1445094571 35
1445094571 35
1445094572 35
1445094572 35
1445094573 35
1445094573 35
1445094573 35
1445094574 35
1445094574 35
1445094575 35
1445094575 35
1445094575 35
1445094576 35
1445094576 35
1445094577 35
1445094577 35
1445094577 35
1445094578 35
1445094578 35
1445094578 35
1445094578 35
1445094578 35
1445094578 35
1445094578 35
1445094578 35
1445094578 35
1445094578 35
1445094578 35
1445094578 35
1445094578 35
1445094578 35
1445094578 35
1445094578 35
1445094579 35
1445094579 35
1445094579 35
1445094579 35
1445094579 35
1445094579 35
1445094579 35
1445094579 35
1445094579 35
1445094579 35
1445094579 35
1445094579 35
1445094579 35
1445094579 35
1445094579 35
1445094579 35
1445094580 35
1445094580 35
1445094580 35
1445094580 35
1445094580 35
1445094580 35
1445094580 35
1445094580 35
1445094580 35
1445094580 35
1445094580 35
1445094580 35
1445094580 35
1445094580 35
1445094580 35
1445094580 35
1445094581 35
1445094581 35
1445094581 35
1445094581 35
1445094581 35
1445094581 35
1445094581 35
1445094581 35
1445094581 35
1445094581 35
1445094581 35
1445094581 35
1445094581 35
1445094581 35
1445094581 35
1445094581 35
1445094581 35
1445094581 35
1445094582 35
1445094582 35
1445094582 35
1445094583 35
1445094583 35
1445094583 35
1445094583 35
1445094583 35
1445094583 35
1445094583 35
1445094583 35
1445094583 35
1445094583 35
1445094583 35
1445094583 35
1445094583 35
1445094583 35
1445094583 35
1445094583 35
1445094583 35
1445094583 35
1445094584 35
1445094584 35
1445094584 35
1445094584 35
1445094584 35
1445094585 35
1445094585 35
1445094585 35
1445094585 35
1445094585 35
1445094586 35
1445094586 35
1445094586 35
1445094586 35
1445094586 35
1445094587 35
1445094587 35
1445094587 35
1445094587 35
1445094587 35
1445094587 35
1445094588 35
1445094588 35
1445094588 35
1445094589 35
1445094589 35
1445094589 35
1445094589 35
1445094589 35
1445094590 35
1445094590 35
1445094590 35
1445094591 35
1445094591 35
1445094591 35
1445094591 35
1445094591 35
1445094591 35
1445094591 35
1445094591 35
1445094591 35
1445094591 35
1445094591 35
1445094591 35
1445094591 35
1445094591 35
1445094591 35
1445094592 35
1445094592 35
1445094592 35
1445094592 35
1445094592 35
1445094592 35
1445094592 35
1445094592 35
1445094592 35
1445094592 35
1445094592 35
1445094592 35
1445094592 35
1445094592 35
1445094592 35
1445094592 35
1445094592 35
1445094593 35
1445094593 35
1445094593 35
1445094593 35
1445094593 35
1445094594 35
1445094594 35
1445094594 35
1445094594 35
1445094594 35
1445094594 35
1445094595 35
1445094595 35
1445094595 35
1445094596 35
1445094596 35
1445094596 35
1445094596 35
1445094596 35
1445094596 35
1445094596 35
1445094596 35
1445094596 35
1445094597 35
1445094597 35
1445094597 35
1445094597 35
1445094598 35
1445094598 35
1445094598 35
1445094599 35
1445094599 35
1445094599 35
1445094599 35
1445094600 35
1445094600 35
1445094600 35
1445094600 35
1445094600 35
1445094600 35
1445094601 35
1445094601 35
1445094601 35
1445094601 35
1445094601 35
1445094601 35
1445094601 35
1445094601 35
1445094601 35
1445094601 35
1445094601 35
1445094601 35
1445094601 35
1445094601 35
1445094601 35
1445094601 35
1445094601 35
1445094602 35
1445094602 35
1445094602 35
1445094603 35
1445094603 35
1445094603 35
1445094603 35
1445094604 35
1445094604 35
1445094604 35
1445094605 35
1445094605 35
1445094605 35
1445094605 35
1445094605 35
1445094606 35
1445094606 35
1445094606 35
1445094606 35
1445094607 35
1445094607 35
1445094608 35
1445094608 35
1445094608 35
1445094609 35
1445094609 35
1445094609 35
1445094610 35
1445094610 35
1445094610 35
1445094611 35
1445094611 35
1445094611 35
1445094612 35
1445094612 35
1445094612 35
1445094613 35
1445094613 35
1445094613 35
1445094613 35
1445094614 35
1445094614 35
1445094615 35
1445094615 35
1445094615 35
1445094615 35
1445094616 35
1445094616 35
1445094616 35
1445094616 35
1445094616 35
1445094616 35
1445094617 35
1445094617 35
1445094617 35
1445094617 35
1445094618 35
1445094618 35
1445094618 35
1445094618 35
1445094618 35
1445094619 35
1445094619 35
1445094619 35
1445094619 35
1445094619 35
1445094619 35
1445094619 35
1445094620 35
1445094620 35
1445094621 35
1445094621 35
1445094621 35
1445094621 35
1445094621 35
1445094622 35
1445094622 35
1445094622 35
1445094622 35
1445094623 35
1445094623 35
1445094623 35
1445094624 35
1445094624 35
1445094624 35
1445094625 35
1445094625 35
1445094625 35
1445094625 35
1445094626 35
1445094626 35
1445094627 35
1445094627 35
1445094627 35
1445094627 35
1445094628 35
1445094628 35
1445094628 35
1445094628 35
1445094629 35
1445094629 35
1445094630 35
1445094630 35
1445094630 35
1445094630 35
1445094631 35
1445094631 35
1445094631 35
1445094631 35
1445094632 35
1445094632 35
1445094633 35
1445094633 35
1445094633 35
1445094634 35
1445094634 35
1445094634 35
1445094634 35
1445094634 35
1445094635 35
1445094635 35
1445094636 35
1445094636 35
1445094636 35
1445094637 35
1445094637 35
1445094637 35
1445094637 35
1445094638 35
1445094638 35
1445094638 35
1445094639 35
1445094639 35
1445094639 35
1445094639 35
1445094640 35
1445094640 35
1445094640 35
1445094640 35
1445094640 35
1445094640 35
1445094640 35
1445094640 35
1445094641 35
1445094641 35
1445094642 35
1445094642 35
1445094642 35
1445094643 35
1445094643 35
1445094643 35
1445094643 35
1445094644 35
1445094644 35
1445094644 35
1445094644 35
1445094645 35
1445094645 35
1445094645 35
1445094645 35
1445094646 35
1445094646 35
1445094646 35
1445094646 35
1445094647 35
1445094647 35
1445094647 35
1445094648 35
1445094648 35
1445094649 35
1445094649 35
1445094649 35
1445094649 35
1445094649 35
1445094650 35
1445094650 35
1445094650 35
1445094651 35
1445094651 35
1445094652 35
1445094652 35
1445094652 35
1445094652 35
1445094652 35
1445094653 35
1445094653 35
1445094653 35
1445094653 35
1445094654 35
1445094654 35
1445094655 35
1445094655 35
1445094655 35
1445094655 35
1445094656 35
1445094656 35
1445094656 35
1445094656 35
1445094657 35
1445094657 35
1445094658 35
1445094658 35
1445094658 35
1445094659 35
1445094659 35
1445094659 35
1445094659 35
1445094660 35
1445094660 35
1445094660 35
1445094660 35
1445094661 35
1445094661 35
1445094661 35
1445094662 35
1445094662 35
1445094662 35
1445094662 35
1445094663 35
1445094663 35
1445094664 35
1445094664 35
1445094664 35
1445094664 35
1445094665 35
1445094665 35
1445094665 35
1445094665 35
1445094666 35
1445094667 35
1445094667 35
1445094667 35
1445094667 35
1445094668 35
1445094668 35
1445094668 35
1445094668 35
1445094669 35
1445094669 35
1445094670 35
1445094670 35
1445094670 35
1445094670 35
1445094671 35
1445094671 35
1445094671 35
1445094671 35
1445094672 35
1445094672 35
1445094673 35
1445094673 35
1445094673 35
1445094673 35
1445094674 35
1445094674 35
1445094674 35
1445094675 35
1445094675 35
1445094675 35
1445094675 35
1445094675 35
1445094675 35
1445094675 35
1445094675 35
1445094675 35
1445094675 35
1445094675 35
1445094675 35
1445094675 35
1445094676 35
1445094676 35
1445094676 35
1445094676 35
1445094676 35
1445094676 35
1445094676 35
1445094676 35
1445094676 35
1445094676 35
1445094676 35
1445094676 35
1445094676 35
1445094676 35
1445094676 35
1445094676 35
1445094676 35
1445094676 35
1445094676 35
1445094676 35
1445094676 35
1445094676 35
1445094676 35
1445094676 35
1445094676 35
1445094676 35
1445094676 35
1445094676 35
1445094676 35
1445094676 35
1445094676 35
1445094676 35
1445094676 35
1445094676 35
1445094677 35
1445094677 35
1445094677 35
1445094677 35
1445094677 35
1445094677 113
1445094677 119
1445094677 170
1445094677 35
1445094677 35
1445094677 35
1445094677 35
1445094677 35
1445094677 35
1445094677 35
1445094677 35
1445094677 35
1445094677 35
1445094677 35
1445094677 35
1445094677 35
1445094678 35
1445094678 35
1445094678 35
1445094678 35
1445094678 113
1445094678 119
1445094678 170
1445094678 35
1445094678 35
1445094678 113
1445094678 119
1445094678 170
1445094678 35
1445094678 35
1445094678 35
1445094678 35
1445094678 35
1445094678 35
1445094678 35
1445094678 35
1445094678 35
1445094678 35
1445094678 35
1445094678 35
1445094678 35
1445094678 35
1445094678 35
1445094678 35
1445094678 35
1445094678 35
1445094678 35
1445094678 35
1445094678 35
1445094678 35
1445094678 35
1445094678 35
1445094678 35
1445094678 35
1445094678 35
1445094678 35
1445094678 35
1445094678 35
1445094678 35
1445094678 35
1445094678 35
1445094678 35
1445094679 35
1445094679 35
1445094679 35
1445094679 35
1445094679 35
1445094679 113
1445094679 119
1445094679 170
1445094679 35
1445094679 35
1445094679 113
1445094679 119
1445094679 170
1445094679 35
1445094679 35
1445094679 35
1445094679 35
1445094679 35
1445094679 35
1445094679 35
1445094679 35
1445094679 35
1445094679 35
1445094679 35
1445094679 35
1445094679 35
1445094680 35
1445094680 35
1445094680 35
1445094680 35
1445094680 113
1445094680 119
1445094680 170
1445094680 35
1445094680 35
1445094680 35
1445094680 35
1445094680 35
1445094680 35
1445094680 35
1445094680 35
1445094680 35
1445094680 35
1445094680 35
1445094681 35
1445094682 35
1445094682 35
1445094682 35
1445094682 113
1445094682 119
1445094682 170
1445094682 35
1445094682 35
1445094682 35
1445094682 35
1445094683 35
1445094683 35
1445094684 35
1445094684 35
1445094684 35
1445094685 35
1445094686 35
1445094686 35
1445094686 35
1445094687 35
1445094688 35
1445094688 35
1445094689 35
1445094689 35
1445094690 35
1445094690 35
1445094690 35
1445094690 35
1445094690 35
1445094690 35
1445094690 35
1445094690 35
1445094690 35
1445094690 35
1445094690 35
1445094690 35
1445094690 35
1445094690 35
1445094690 35
1445094690 35
1445094690 35
1445094690 35
1445094690 35
1445094690 35
1445094690 35
1445094690 35
1445094691 35
1445094691 35
1445094692 35
1445094692 35
1445094692 35
1445094692 113
1445094692 119
1445094692 170
1445094692 35
1445094692 35
1445094692 113
1445094692 119
1445094692 170
1445094692 35
1445094692 35
1445094693 35
1445094694 35
1445094694 35
1445094694 35
1445094695 35
1445094695 35
1445094696 35
1445094697 35
1445094697 35
1445094697 35
1445094698 35
1445094698 35
1445094699 35
1445094700 35
1445094700 35
1445094701 35
1445094701 35
1445094701 35
1445094702 35
1445094703 35
1445094703 35
1445094704 35
1445094704 35
1445094704 35
1445094705 35
1445094706 35
1445094706 35
1445094707 35
1445094707 35
1445094708 35
1445094708 35
1445094709 35
1445094709 35
1445094710 35
1445094710 35
1445094711 35
1445094712 35
1445094712 35
1445094712 35
1445094713 35
1445094713 35
1445094714 35
1445094715 35
1445094715 35
1445094715 35
1445094716 35
1445094716 35
1445094717 35
1445094718 35
1445094718 35
1445094719 35
1445094719 35
1445094719 35
1445094720 35
1445094721 35
1445094721 35
1445094722 35
1445094722 35
1445094722 35
1445094723 35
1445094724 35
1445094724 35
1445094725 35
1445094725 35
1445094726 35
1445094726 35
1445094727 35
1445094727 35
1445094728 35
1445094728 35
1445094729 35
1445094729 35
1445094730 35
1445094730 35
1445094731 35
1445094731 35
1445094732 35
1445094733 35
1445094733 35
1445094733 35
1445094734 35
1445094734 35
1445094735 35
1445094736 35
1445094736 35
1445094737 35
1445094737 35
1445094737 35
1445094738 35
1445094739 35
1445094739 35
1445094740 35
1445094740 35
1445094740 35
1445094741 35
1445094742 35
1445094742 35
1445094743 35
1445094743 35
1445094743 35
1445094744 35
1445094745 35
1445094745 35
1445094745 35
1445094746 35
1445094746 35
1445094747 35
1445094748 35
1445094748 35
1445094749 35
1445094749 35
1445094749 35
1445094750 35
1445094751 35
1445094751 35
1445094752 35
1445094752 35
1445094752 35
1445094753 35
1445094754 35
1445094754 35
1445094755 35
1445094755 35
1445094756 35
1445094756 35
1445094757 35
1445094757 35
1445094758 35
1445094758 35
1445094759 35
1445094760 35
1445094760 35
1445094760 35
1445094761 35
1445094761 35
1445094762 35
1445094763 35
1445094763 35
1445094764 35
1445094764 35
1445094764 35
1445094765 35
1445094766 35
1445094766 35
1445094767 35
1445094768 35
1445094768 35
1445094768 35
1445094769 35
1445094769 35
1445094770 35
1445094771 35
1445094771 35
1445094771 35
1445094772 35
1445094772 35
1445094773 35
1445094774 35
1445094774 35
1445094775 35
1445094775 35
1445094775 35
1445094776 35
1445094777 35
1445094777 35
1445094778 35
1445094778 35
1445094779 35
1445094779 35
1445094780 35
1445094780 35
1445094781 35
1445094781 35
1445094781 35
1445094781 35
1445094781 35
1445094781 35
1445094781 35
1445094781 35
1445094781 35
1445094781 35
1445094781 35
1445094781 35
1445094781 35
1445094781 35
1445094781 35
1445094781 35
1445094782 35
1445094782 35
1445094782 35
1445094782 35
1445094782 35
1445094782 35
1445094782 35
1445094782 89
1445094782 35
1445094783 35
1445094783 35
1445094783 35
1445094783 35
1445094783 113
1445094783 119
1445094783 170
1445094783 35
1445094783 36
1445094783 164
1445094783 106
1445094783 4
1445094783 106
1445094783 106
1445094783 61
1445094783 15
1445094783 61
1445094783 61
1445094783 61
1445094783 61
1445094783 35
1445094784 35
1445094784 35
1445094784 35
1445094784 113
1445094784 119
1445094784 170
1445094784 35
1445094785 35
1445094786 35
1445094786 35
1445094787 35
1445094787 35
1445094789 35
1445094792 35
1445094795 35
1445094798 35
1445094801 35
1445094804 35
1445094807 35
1445094810 35
1445094813 35
1445094816 35
1445094819 35
1445094822 35
1445094825 35
1445094828 35
1445094831 35
1445094834 35
1445094837 35
1445094840 35
1445094843 35
1445094846 35
1445094849 35
1445094852 35
1445094855 35
1445094858 35
1445094861 35
1445094864 35
1445094867 35
1445094870 35
1445094874 35
1445094877 35
1445094880 35
1445094883 35
1445094886 35
1445094889 35
1445094892 35
1445094895 35
1445094898 35
1445094901 35
1445094904 35
1445094907 35
1445094910 35
1445094913 35
1445094916 35
1445094919 35
1445094922 35
1445094925 35
1445094928 35
1445094931 35
1445094934 35
1445094937 35
1445094940 35
1445094943 35
1445094946 35
1445094949 35
1445094952 35
1445094955 35
1445094958 35
1445094961 35
1445094964 35
1445094967 35
1445094970 35
1445094974 35
1445094977 35
1445094980 35
1445094983 35
1445094986 35
1445094989 35
1445094992 35
1445094995 35
1445094998 35
1445095001 35
1445095004 35
1445095007 35
1445095010 35
1445095013 35
1445095016 35
1445095019 35
1445095022 35
1445095025 35
1445095028 35
1445095031 35
1445095034 35
1445095037 35
1445095040 35
1445095043 35
1445095046 35
1445095049 35
1445095052 35
1445095055 35
1445095058 35
1445095061 35
1445095064 35
1445095067 35
1445095070 35
1445095073 35
1445095077 35
1445095080 35
1445095083 35
1445095086 35
1445095089 35
1445095092 35
1445095095 35
1445095098 35
1445095101 35
1445095104 35
1445095107 35
1445095110 35
1445095113 35
1445095116 35
1445095119 35
1445095122 35
1445095125 35
1445095128 35
1445095131 35
1445095134 35
1445095137 35
1445095140 35
1445095143 35
1445095146 35
1445095149 35
1445095152 35
1445095155 35
1445095158 35
1445095161 35
1445095164 35
1445095167 35
1445095170 35
1445095173 35
1445095176 35
1445095179 35
1445095183 35
1445095186 35
1445095189 35
1445095192 35
1445095195 35
1445095198 35
1445095201 35
1445095204 35
1445095207 35
1445095210 35
1445095213 35
1445095216 35
1445095219 35
1445095222 35
1445095225 35
1445095228 35
1445095230 35
1445095230 35
1445095230 35
1445095230 35
1445095230 35
1445095231 35
1445095231 35
1445095231 35
1445095231 35
1445095231 35
1445095231 35
1445095231 35
1445095231 35
1445095231 35
1445095231 35
1445095231 35
1445095231 35
1445095231 35
1445095231 35
1445095231 35
1445095231 35
1445095231 35
1445095231 35
1445095231 35
1445095231 35
1445095231 35
1445095231 35
1445095231 35
1445095231 17
1445095231 35
1445095231 17
1445095231 35
1445095231 130
1445095232 35
1445095232 130
1445095232 35
1445095232 34
1445095232 70
1445095232 35
1445095232 34
1445095232 130
1445095232 35
1445095232 34
1445095232 17
1445095232 35
1445095232 35
1445095232 35
1445095232 35
1445095233 35
1445095233 35
1445095233 35
1445095233 35
1445095233 35
1445095233 35
