1445175194 25
1445175194 10
1445175194 16
1445175194 21
1445175194 6
1445175194 5
1445175195 2
1445175196 3
1445175197 7
1445175197 9
1445175197 8
1445175197 30
1445175197 12
1445175197 26
1445175197 27
1445175197 24
1445175197 11
1445175200 22
1445175200 18
1445175200 15
1445175200 30
1445175210 31
1445175210 19
1445175212 22
1445175212 18
1445175212 15
1445175212 30
1445175220 31
1445175220 19
1445175222 22
1445175222 18
1445175222 15
1445175222 30
1445175232 31
1445175232 19
1445175233 22
1445175233 18
1445175233 15
1445175233 30
1445175243 31
1445175243 19
1445175245 22
1445175245 18
1445175245 15
1445175245 30
1445175253 31
1445175253 19
1445175255 22
1445175255 18
1445175255 15
1445175255 30
1445175256 14
1445175264 31
1445175264 19
1445175264 22
1445175264 18
1445175264 15
1445175266 29
1445175266 28
1445175266 1
1445175331 4
1445175331 23
1445175331 17
1445175331 20
1445175331 13
