1445248114 28
1445248115 13
1445248115 19
1445248115 22
1445248115 6
1445248115 3
1445248116 2
1445248117 5
1445248118 7
1445248119 12
1445248120 8
1445248120 29
1445248120 14
1445248120 27
1445248120 26
1445248120 23
1445248120 10
1445248127 21
1445248127 16
1445248127 20
1445248127 29
1445248149 30
1445248149 18
1445248153 21
1445248153 16
1445248153 20
1445248153 29
1445248174 30
1445248174 18
1445248184 21
1445248184 16
1445248184 20
1445248184 29
1445248205 30
1445248205 18
1445248209 21
1445248209 16
1445248209 20
1445248209 29
1445248229 30
1445248229 18
1445248234 21
1445248234 16
1445248234 20
1445248234 29
1445248254 30
1445248254 18
1445248257 21
1445248257 16
1445248257 20
1445248257 29
1445248278 30
1445248278 18
1445248281 21
1445248281 16
1445248281 20
1445248281 29
1445248304 30
1445248304 18
1445248308 9
1445248308 21
1445248308 16
1445248308 20
1445248325 31
1445248325 24
1445248325 1
1445248385 4
1445248386 25
1445248386 15
1445248386 17
1445248386 11
