1445076574 8
1445076574 147
1445076574 16
1445076574 102
1445076574 83
1445076574 8
1445076575 147
1445076577 160
1445076578 82
1445076579 67
1445076584 22
1445076585 102
1445076585 3
1445076585 75
1445076585 25
1445076585 25
1445076585 154
1445076604 102
1445076604 25
1445076604 25
1445076604 102
1445076650 75
1445076650 25
1445076657 102
1445076657 25
1445076657 25
1445076657 102
1445076701 75
1445076702 25
1445076709 102
1445076709 25
1445076709 25
1445076709 102
1445076753 75
1445076754 25
1445076760 102
1445076760 25
1445076760 25
1445076760 102
1445076804 75
1445076805 25
1445076811 102
1445076811 25
1445076811 25
1445076811 102
