1445162509 33
1445162509 33
1445162509 33
1445162510 33
1445162510 33
1445162510 33
1445162510 33
1445162510 33
1445162510 33
1445162510 33
1445162510 33
1445162510 33
1445162510 33
1445162510 33
1445162510 33
1445162510 33
1445162510 33
1445162510 33
1445162511 33
1445162511 33
1445162511 33
1445162511 33
1445162511 33
1445162511 33
1445162511 33
1445162511 33
1445162511 33
1445162511 33
1445162511 33
1445162511 33
1445162511 33
1445162511 33
1445162511 33
1445162511 33
1445162511 11
1445162511 33
1445162511 33
1445162511 33
1445162511 33
1445162511 33
1445162511 33
1445162511 33
1445162511 32
1445162511 3
1445162512 25
1445162512 33
1445162512 33
1445162512 33
1445162512 33
1445162512 33
1445162512 33
1445162512 33
1445162512 33
1445162512 33
1445162512 33
1445162512 33
1445162512 33
1445162512 33
1445162512 33
1445162512 33
1445162512 33
1445162512 33
1445162512 33
1445162512 33
1445162512 33
1445162512 33
1445162512 33
1445162512 33
1445162512 33
1445162512 33
1445162512 33
1445162512 33
1445162512 33
1445162512 33
1445162512 33
1445162512 33
1445162512 33
1445162512 33
1445162512 33
1445162512 33
1445162512 33
1445162512 33
1445162512 33
1445162512 33
1445162512 33
1445162512 33
1445162512 33
1445162512 33
1445162512 33
1445162512 33
1445162512 33
1445162512 33
1445162512 33
1445162512 33
1445162512 33
1445162512 33
1445162512 33
1445162512 33
1445162512 33
1445162512 33
1445162512 33
1445162512 33
1445162512 33
1445162512 33
1445162512 33
1445162512 33
1445162512 33
1445162512 33
1445162513 33
1445162513 33
1445162513 33
1445162513 33
1445162514 33
1445162514 33
1445162514 33
1445162514 33
1445162514 33
1445162514 33
1445162514 33
1445162514 33
1445162515 33
1445162515 33
1445162515 33
1445162515 33
1445162515 33
1445162515 33
1445162515 33
1445162515 33
1445162515 33
1445162515 33
1445162515 33
1445162515 33
1445162515 33
1445162515 33
1445162515 33
1445162515 33
1445162515 33
1445162515 33
1445162515 33
1445162515 33
1445162515 33
1445162515 33
1445162515 33
1445162515 33
1445162515 33
1445162515 33
1445162515 33
1445162515 33
1445162515 33
1445162515 33
1445162515 33
1445162515 33
1445162515 33
1445162515 33
1445162515 33
1445162515 33
1445162515 33
1445162515 33
1445162515 33
1445162515 33
1445162515 33
1445162515 33
1445162515 33
1445162515 33
1445162515 33
1445162515 33
1445162515 33
1445162515 33
1445162516 33
1445162516 33
1445162516 33
1445162516 33
1445162516 33
1445162516 33
1445162516 33
1445162516 33
1445162516 33
1445162516 33
1445162516 33
1445162517 33
1445162517 33
1445162517 33
1445162517 33
1445162517 33
1445162517 33
1445162517 33
1445162517 33
1445162517 33
1445162517 33
1445162517 33
1445162517 33
1445162517 33
1445162517 33
1445162517 33
1445162517 33
1445162517 33
1445162517 33
1445162517 33
1445162517 33
1445162517 33
1445162517 33
1445162517 33
1445162517 33
1445162517 33
1445162517 33
1445162517 33
1445162517 33
1445162517 33
1445162517 33
1445162517 33
1445162517 33
1445162517 33
1445162517 33
1445162518 33
1445162518 33
1445162518 33
1445162518 33
1445162518 33
1445162518 33
1445162518 33
1445162518 33
1445162518 33
1445162518 33
1445162518 33
1445162518 33
1445162519 33
1445162519 33
1445162519 33
1445162519 33
1445162519 33
1445162519 33
1445162519 33
1445162519 33
1445162519 33
1445162519 33
1445162519 33
1445162519 33
1445162519 33
1445162519 33
1445162519 33
1445162519 33
1445162519 33
1445162520 33
1445162520 33
1445162520 33
1445162520 33
1445162520 33
1445162520 33
1445162520 33
1445162520 33
1445162521 33
1445162521 33
1445162521 33
1445162521 33
1445162521 33
1445162521 33
1445162521 33
1445162521 33
1445162521 33
1445162521 33
1445162521 33
1445162521 33
1445162521 33
1445162521 33
1445162521 33
1445162521 33
1445162521 33
1445162521 33
1445162521 33
1445162521 33
1445162521 33
1445162522 33
1445162522 33
1445162522 33
1445162522 33
1445162523 33
1445162523 33
1445162524 33
1445162524 33
1445162524 33
1445162524 33
1445162525 33
1445162525 33
1445162525 33
1445162525 33
1445162525 33
1445162525 33
1445162525 33
1445162525 33
1445162525 33
1445162525 33
1445162525 33
1445162525 33
1445162525 33
1445162527 33
1445162527 33
1445162527 33
1445162527 33
1445162527 33
1445162527 33
1445162527 33
1445162530 33
1445162530 33
1445162530 33
1445162530 33
1445162531 33
1445162531 33
1445162531 33
1445162531 33
1445162531 33
1445162531 33
1445162533 33
1445162533 33
1445162533 33
1445162533 33
1445162534 33
1445162536 33
1445162536 33
1445162536 33
1445162536 33
1445162538 33
1445162539 33
1445162539 33
1445162539 33
1445162539 33
1445162539 33
1445162541 33
1445162542 33
1445162542 33
1445162542 33
1445162542 33
1445162542 33
1445162542 33
1445162543 33
1445162544 33
1445162545 33
1445162545 33
1445162545 33
1445162545 33
1445162545 33
1445162545 33
1445162545 33
1445162546 33
1445162547 33
1445162547 33
1445162548 33
1445162548 33
1445162548 33
1445162548 33
1445162549 33
1445162549 33
1445162549 33
1445162550 33
1445162550 33
1445162551 33
1445162551 33
1445162551 33
1445162551 33
1445162551 33
1445162552 33
1445162552 33
1445162553 33
1445162553 33
1445162554 33
1445162554 33
1445162554 33
1445162554 33
1445162554 33
1445162554 33
1445162556 33
1445162556 33
1445162556 33
1445162557 33
1445162557 33
1445162557 33
1445162557 33
1445162557 33
1445162558 33
1445162558 33
1445162559 33
1445162560 33
1445162560 33
1445162560 33
1445162560 33
1445162560 33
1445162561 33
1445162561 33
1445162561 33
1445162561 33
1445162563 33
1445162563 33
1445162563 33
1445162563 33
1445162563 33
1445162564 33
1445162564 33
1445162564 33
1445162564 33
1445162565 33
1445162566 33
1445162566 33
1445162567 33
1445162567 33
1445162567 33
1445162567 33
1445162567 33
1445162568 33
1445162568 33
1445162568 33
1445162570 33
1445162570 33
1445162570 33
1445162570 33
1445162570 33
1445162570 33
1445162570 33
1445162571 33
1445162571 33
1445162572 33
1445162573 33
1445162573 33
1445162573 33
1445162573 33
1445162573 33
1445162574 33
1445162574 33
1445162575 33
1445162575 33
1445162575 33
1445162576 33
1445162576 33
1445162576 33
1445162576 33
1445162577 33
1445162577 33
1445162577 33
1445162578 33
1445162578 33
1445162578 33
1445162579 33
1445162579 33
1445162579 33
1445162579 33
1445162580 33
1445162580 33
1445162580 33
1445162581 33
1445162582 33
1445162582 33
1445162582 33
1445162582 33
1445162582 33
1445162582 33
1445162584 33
1445162584 33
1445162584 33
1445162585 33
1445162585 33
1445162585 33
1445162585 33
1445162585 33
1445162585 33
1445162585 33
1445162587 33
1445162587 33
1445162588 33
1445162588 33
1445162588 33
1445162588 33
1445162588 33
1445162588 33
1445162589 33
1445162589 33
1445162591 33
1445162591 33
1445162591 33
1445162591 33
1445162591 33
1445162591 33
1445162591 33
1445162592 33
1445162592 33
1445162592 33
1445162594 33
1445162594 33
1445162594 33
1445162594 33
1445162594 33
1445162594 33
1445162595 33
1445162596 33
1445162596 33
1445162596 33
1445162597 33
1445162597 33
1445162597 33
1445162597 33
1445162598 33
1445162598 33
1445162598 33
1445162599 33
1445162600 33
1445162600 33
1445162600 33
1445162600 33
1445162600 33
1445162600 33
1445162601 33
1445162601 33
1445162601 33
1445162601 33
1445162602 33
1445162602 33
1445162603 33
1445162603 33
1445162603 33
1445162603 33
1445162603 33
1445162603 33
1445162603 33
1445162604 33
1445162605 33
1445162605 33
1445162606 33
1445162606 33
1445162606 33
1445162606 33
1445162606 33
1445162606 33
1445162607 33
1445162607 33
1445162609 33
1445162609 33
1445162609 33
1445162609 33
1445162609 33
1445162609 33
1445162609 33
1445162610 33
1445162610 33
1445162610 33
1445162612 33
1445162612 33
1445162612 33
1445162612 33
1445162612 33
1445162613 33
1445162613 33
1445162613 33
1445162614 33
1445162614 33
1445162615 33
1445162615 33
1445162615 33
1445162615 33
1445162616 33
1445162616 33
1445162616 33
1445162617 33
1445162617 33
1445162618 33
1445162618 33
1445162618 33
1445162618 33
1445162618 33
1445162619 33
1445162619 33
1445162619 33
1445162620 33
1445162621 33
1445162621 33
1445162621 33
1445162621 33
1445162621 33
1445162621 33
1445162623 33
1445162623 33
1445162623 33
1445162623 33
1445162624 33
1445162624 33
1445162624 33
1445162624 33
1445162624 33
1445162624 33
1445162626 33
1445162627 33
1445162627 33
1445162627 33
1445162627 33
1445162627 33
1445162627 33
1445162627 33
1445162627 33
1445162628 33
1445162630 33
1445162630 33
1445162630 33
1445162630 33
1445162630 33
1445162630 33
1445162630 33
1445162630 33
1445162631 33
1445162632 33
1445162632 33
1445162633 33
1445162633 33
1445162633 33
1445162633 33
1445162633 33
1445162634 33
1445162634 33
1445162634 33
1445162634 33
1445162634 33
1445162634 33
1445162634 33
1445162634 33
1445162634 33
1445162634 33
1445162634 33
1445162634 33
1445162634 33
1445162634 33
1445162634 33
1445162634 33
1445162634 33
1445162634 33
1445162634 33
1445162635 33
1445162635 33
1445162635 33
1445162635 33
1445162635 33
1445162635 33
1445162635 33
1445162635 33
1445162635 33
1445162635 33
1445162635 33
1445162635 33
1445162635 33
1445162635 33
1445162635 33
1445162635 33
1445162635 33
1445162635 33
1445162635 33
1445162636 33
1445162636 33
1445162636 33
1445162636 33
1445162636 33
1445162636 30
1445162636 24
1445162636 -1
1445162636 33
1445162636 33
1445162636 33
1445162637 33
1445162637 33
1445162637 30
1445162637 24
1445162637 -1
1445162637 33
1445162637 33
1445162637 33
1445162637 33
1445162638 33
1445162639 33
1445162639 33
1445162639 33
1445162640 33
1445162641 33
1445162641 33
1445162641 33
1445162641 33
1445162642 33
1445162642 33
1445162643 33
1445162643 33
1445162643 33
1445162643 33
1445162643 33
1445162643 33
1445162643 33
1445162643 33
1445162643 33
1445162643 33
1445162643 33
1445162643 33
1445162644 33
1445162644 33
1445162644 33
1445162645 33
1445162645 33
1445162645 33
1445162645 30
1445162645 24
1445162645 -1
1445162645 33
1445162645 33
1445162645 33
1445162646 33
1445162647 33
1445162648 33
1445162648 33
1445162648 33
1445162648 33
1445162648 33
1445162648 33
1445162648 33
1445162648 33
1445162648 33
1445162648 33
1445162648 33
1445162648 33
1445162648 33
1445162648 33
1445162649 33
1445162650 33
1445162650 33
1445162650 33
1445162650 30
1445162650 24
1445162650 -1
1445162650 33
1445162650 33
1445162651 33
1445162651 33
1445162652 33
1445162652 33
1445162653 33
1445162654 33
1445162654 33
1445162655 33
1445162655 33
1445162655 33
1445162657 33
1445162657 33
1445162657 33
1445162657 33
1445162657 33
1445162657 33
1445162657 33
1445162657 33
1445162657 33
1445162657 33
1445162657 33
1445162657 33
1445162657 33
1445162657 33
1445162657 33
1445162657 33
1445162657 33
1445162657 33
1445162657 33
1445162657 33
1445162657 33
1445162657 33
1445162657 33
1445162657 33
1445162657 33
1445162657 33
1445162657 33
1445162657 33
1445162657 33
1445162657 33
1445162657 33
1445162657 33
1445162658 33
1445162658 33
1445162658 33
1445162658 33
1445162659 33
1445162659 33
1445162660 33
1445162660 33
1445162660 33
1445162660 33
1445162660 33
1445162660 33
1445162660 33
1445162660 33
1445162660 33
1445162660 33
1445162660 33
1445162660 33
1445162660 33
1445162660 33
1445162660 33
1445162660 33
1445162660 33
1445162661 33
1445162661 33
1445162661 33
1445162661 33
1445162661 33
1445162662 33
1445162662 33
1445162662 33
1445162662 33
1445162663 33
1445162663 33
1445162663 33
1445162663 33
1445162663 33
1445162664 33
1445162664 33
1445162665 33
1445162665 33
1445162665 33
1445162666 33
1445162666 33
1445162666 33
1445162667 33
1445162667 33
1445162667 33
1445162668 33
1445162668 33
1445162668 33
1445162668 33
1445162669 33
1445162669 33
1445162669 33
1445162669 33
1445162670 33
1445162670 33
1445162671 33
1445162671 33
1445162671 33
1445162671 33
1445162671 33
1445162672 33
1445162672 33
1445162672 33
1445162672 33
1445162672 33
1445162672 33
1445162672 33
1445162672 33
1445162672 33
1445162673 33
1445162673 33
1445162673 33
1445162673 33
1445162673 33
1445162673 33
1445162674 33
1445162674 33
1445162674 33
1445162674 33
1445162674 33
1445162675 33
1445162675 33
1445162676 33
1445162676 33
1445162676 33
1445162676 33
1445162676 33
1445162677 33
1445162677 33
1445162677 33
1445162677 33
1445162678 33
1445162678 33
1445162679 33
1445162679 33
1445162679 33
1445162679 33
1445162680 33
1445162680 33
1445162680 33
1445162680 33
1445162680 33
1445162681 33
1445162681 33
1445162681 33
1445162682 33
1445162682 33
1445162682 33
1445162683 33
1445162683 33
1445162683 33
1445162683 33
1445162684 33
1445162684 33
1445162684 33
1445162685 33
1445162685 33
1445162685 33
1445162685 33
1445162686 33
1445162686 33
1445162686 33
1445162686 33
1445162686 33
1445162687 33
1445162687 33
1445162687 33
1445162688 33
1445162688 33
1445162688 33
1445162689 33
1445162689 33
1445162689 33
1445162690 33
1445162690 33
1445162690 33
1445162690 33
1445162690 33
1445162691 33
1445162691 33
1445162691 33
1445162692 33
1445162692 33
1445162692 33
1445162692 33
1445162692 33
1445162692 33
1445162692 33
1445162692 33
1445162692 33
1445162692 33
1445162692 33
1445162692 33
1445162692 33
1445162692 33
1445162692 33
1445162692 33
1445162692 33
1445162692 33
1445162692 33
1445162692 33
1445162692 33
1445162692 33
1445162693 33
1445162693 33
1445162693 33
1445162693 33
1445162693 33
1445162693 33
1445162694 33
1445162694 33
1445162694 33
1445162694 33
1445162694 33
1445162694 33
1445162694 33
1445162695 33
1445162695 33
1445162695 33
1445162695 33
1445162696 33
1445162697 33
1445162697 33
1445162697 33
1445162697 33
1445162697 33
1445162697 33
1445162698 33
1445162698 33
1445162698 33
1445162698 33
1445162698 33
1445162699 33
1445162700 33
1445162700 33
1445162700 33
1445162701 33
1445162701 33
1445162701 33
1445162701 33
1445162701 33
1445162701 33
1445162702 33
1445162702 33
1445162703 33
1445162703 33
1445162703 33
1445162704 33
1445162704 33
1445162704 33
1445162704 33
1445162704 33
1445162705 33
1445162705 33
1445162705 33
1445162706 33
1445162706 33
1445162707 33
1445162707 33
1445162707 33
1445162707 33
1445162707 33
1445162708 33
1445162708 33
1445162708 33
1445162709 33
1445162709 33
1445162709 33
1445162709 33
1445162709 33
1445162709 33
1445162709 33
1445162709 33
1445162709 33
1445162710 33
1445162710 33
1445162710 33
1445162710 33
1445162710 33
1445162710 33
1445162710 33
1445162710 33
1445162710 33
1445162711 33
1445162711 33
1445162712 33
1445162712 33
1445162712 33
1445162712 33
1445162713 33
1445162713 33
1445162713 33
1445162713 -1
1445162713 33
1445162713 33
1445162713 33
1445162713 33
1445162714 33
1445162714 33
1445162715 33
1445162715 33
1445162715 33
1445162715 33
1445162716 33
1445162716 33
1445162716 33
1445162716 33
1445162717 33
1445162717 33
1445162718 33
1445162718 33
1445162718 33
1445162718 33
1445162719 33
1445162719 33
1445162719 33
1445162719 33
1445162720 33
1445162720 33
1445162721 33
1445162721 33
1445162721 33
1445162721 33
1445162722 33
1445162722 33
1445162722 33
1445162722 33
1445162723 33
1445162724 33
1445162724 33
1445162724 33
1445162725 33
1445162725 33
1445162725 33
1445162725 33
1445162725 33
1445162725 33
1445162725 8
1445162725 28
1445162725 22
1445162725 29
1445162725 27
1445162725 23
1445162725 20
1445162725 19
1445162725 18
1445162725 17
1445162725 16
1445162725 13
1445162726 33
1445162726 33
1445162727 33
1445162727 1
1445162727 9
1445162727 10
1445162727 15
1445162727 2
1445162727 33
1445162727 33
1445162728 33
1445162728 8
1445162728 28
1445162728 22
1445162728 29
1445162728 27
1445162728 23
1445162728 20
1445162728 19
1445162728 18
1445162728 17
1445162728 16
1445162728 13
1445162728 33
1445162728 33
1445162728 33
1445162728 33
1445162729 33
1445162729 33
1445162729 33
1445162730 33
1445162730 33
1445162731 33
1445162731 33
1445162731 33
1445162731 33
1445162732 33
1445162732 33
1445162732 33
1445162732 33
1445162733 33
1445162733 33
1445162734 33
1445162734 33
1445162734 33
1445162734 33
1445162735 33
1445162735 33
1445162735 33
1445162735 33
1445162736 33
1445162736 33
1445162737 33
1445162737 33
1445162737 33
1445162737 33
1445162738 33
1445162738 33
1445162738 33
1445162739 33
1445162739 33
1445162739 33
1445162740 33
1445162740 33
1445162740 33
1445162741 33
1445162741 33
1445162741 33
1445162742 33
1445162742 33
1445162742 33
1445162742 33
1445162743 33
1445162743 33
1445162743 33
1445162744 33
1445162744 33
1445162744 33
1445162745 33
1445162745 33
1445162745 33
1445162745 33
1445162746 33
1445162746 33
1445162746 33
1445162747 33
1445162747 33
1445162748 33
1445162748 33
1445162748 33
1445162748 33
1445162748 33
1445162749 33
1445162749 33
1445162749 33
1445162749 33
1445162750 33
1445162750 33
1445162751 33
1445162751 33
1445162751 33
1445162751 33
1445162752 33
1445162752 33
1445162752 33
1445162752 33
1445162752 33
1445162753 33
1445162753 33
1445162754 33
1445162754 33
1445162754 33
1445162755 33
1445162755 33
1445162755 33
1445162755 33
1445162755 33
1445162756 33
1445162756 33
1445162757 33
1445162757 33
1445162757 33
1445162757 33
1445162757 33
1445162757 33
1445162757 33
1445162757 33
1445162757 33
1445162757 33
1445162757 33
1445162757 33
1445162757 33
1445162757 33
1445162757 33
1445162757 33
1445162758 33
1445162758 33
1445162758 33
1445162758 33
1445162758 33
1445162758 33
1445162758 33
1445162758 33
1445162758 33
1445162758 33
1445162758 33
1445162758 33
1445162759 33
1445162759 33
1445162759 33
1445162760 33
1445162760 33
1445162760 33
1445162760 33
1445162760 33
1445162760 33
1445162760 33
1445162760 33
1445162760 33
1445162760 33
1445162760 33
1445162760 33
1445162760 33
1445162760 33
1445162761 33
1445162761 33
1445162761 33
1445162761 33
1445162761 33
1445162761 33
1445162762 33
1445162762 33
1445162762 33
1445162762 33
1445162763 33
1445162764 33
1445162764 33
1445162764 33
1445162764 33
1445162765 33
1445162765 33
1445162765 33
1445162765 33
1445162766 33
1445162766 33
1445162767 33
1445162767 33
1445162767 33
1445162767 33
1445162768 33
1445162768 33
1445162769 33
1445162769 33
1445162769 33
1445162770 33
1445162770 33
1445162770 33
1445162770 33
1445162770 33
1445162770 33
1445162770 33
1445162770 33
1445162771 33
1445162771 33
1445162772 33
1445162772 33
1445162773 33
1445162773 33
1445162773 33
1445162773 33
1445162773 33
1445162773 33
1445162773 33
1445162773 33
1445162773 33
1445162773 33
1445162773 33
1445162773 33
1445162773 33
1445162773 33
1445162773 33
1445162773 33
1445162773 33
1445162773 33
1445162773 33
1445162773 33
1445162773 33
1445162773 33
1445162773 33
1445162773 33
1445162773 4
1445162773 33
1445162773 33
1445162774 33
1445162774 33
1445162774 33
1445162775 33
1445162775 8
1445162775 28
1445162775 22
1445162775 29
1445162775 27
1445162775 23
1445162775 20
1445162775 19
1445162775 18
1445162775 17
1445162775 16
1445162775 13
1445162775 33
1445162775 33
1445162775 33
1445162775 30
1445162775 24
1445162775 -1
1445162775 33
1445162775 33
1445162776 33
1445162776 33
1445162776 33
1445162776 33
1445162776 30
1445162776 24
1445162776 -1
1445162776 33
1445162776 33
1445162776 33
1445162777 33
1445162777 33
1445162778 33
1445162779 33
1445162779 33
1445162779 33
1445162779 33
1445162779 33
1445162780 33
1445162780 33
1445162781 33
1445162782 33
1445162782 33
1445162782 33
1445162782 33
1445162783 33
1445162783 33
1445162783 33
1445162784 33
1445162784 33
1445162785 33
1445162785 33
1445162785 33
1445162786 33
1445162786 33
1445162786 33
1445162786 33
1445162787 33
1445162787 33
1445162788 33
1445162788 33
1445162788 33
1445162788 33
1445162788 33
1445162788 33
1445162788 33
1445162788 33
1445162788 33
1445162788 33
1445162788 33
1445162788 33
1445162788 33
1445162788 33
1445162788 33
1445162788 33
1445162788 33
1445162788 33
1445162788 33
1445162788 33
1445162788 33
1445162789 33
1445162789 33
1445162789 33
1445162789 33
1445162790 33
1445162790 33
1445162790 33
1445162790 33
1445162790 4
1445162790 33
1445162790 33
1445162790 33
1445162790 33
1445162790 30
1445162790 24
1445162790 -1
1445162790 33
1445162791 33
1445162791 33
1445162791 33
1445162792 33
1445162792 33
1445162792 33
1445162792 8
1445162792 28
1445162792 22
1445162792 29
1445162792 27
1445162792 23
1445162792 20
1445162792 19
1445162792 18
1445162792 17
1445162792 16
1445162792 13
1445162792 33
1445162793 33
1445162793 33
1445162794 33
1445162794 33
1445162794 33
1445162794 33
1445162794 33
1445162794 30
1445162794 24
1445162794 -1
1445162794 33
1445162795 33
1445162795 33
1445162795 33
1445162796 33
1445162796 33
1445162797 33
1445162797 33
1445162797 33
1445162798 33
1445162798 33
1445162799 33
1445162799 33
1445162800 33
1445162800 33
1445162800 33
1445162801 33
1445162801 33
1445162801 33
1445162802 33
1445162802 33
1445162803 33
1445162803 33
1445162803 33
1445162804 33
1445162804 33
1445162804 33
1445162805 33
1445162806 33
1445162806 33
1445162806 33
1445162807 33
1445162807 33
1445162807 33
1445162807 33
1445162808 33
1445162809 33
1445162809 33
1445162809 33
1445162810 33
1445162810 33
1445162811 33
1445162811 33
1445162811 33
1445162812 33
1445162812 33
1445162812 33
1445162813 33
1445162813 33
1445162814 33
1445162814 33
1445162814 33
1445162815 33
1445162815 33
1445162815 33
1445162816 33
1445162817 33
1445162817 33
1445162817 33
1445162817 33
1445162818 33
1445162818 33
1445162819 33
1445162819 33
1445162820 33
1445162820 33
1445162820 33
1445162821 33
1445162821 33
1445162821 33
1445162822 33
1445162822 33
1445162823 33
1445162823 33
1445162823 33
1445162824 33
1445162824 33
1445162824 33
1445162825 33
1445162825 33
1445162826 33
1445162826 33
1445162827 33
1445162827 33
1445162827 33
1445162827 33
1445162828 33
1445162828 33
1445162828 33
1445162829 33
1445162829 33
1445162829 33
1445162829 33
1445162829 33
1445162829 33
1445162829 33
1445162829 33
1445162829 33
1445162829 33
1445162829 33
1445162829 33
1445162829 33
1445162829 33
1445162829 33
1445162829 33
1445162829 33
1445162830 33
1445162830 33
1445162830 33
1445162830 33
1445162830 33
1445162830 4
1445162830 33
1445162830 33
1445162830 8
1445162830 28
1445162830 22
1445162830 29
1445162830 27
1445162830 23
1445162830 20
1445162830 19
1445162830 18
1445162830 17
1445162830 16
1445162830 13
1445162830 33
1445162830 33
1445162830 33
1445162831 33
1445162831 33
1445162831 33
1445162831 33
1445162831 30
1445162831 24
1445162831 -1
1445162831 33
1445162831 33
1445162831 30
1445162831 24
1445162831 -1
1445162831 33
1445162832 33
1445162833 33
1445162833 33
1445162833 33
1445162834 33
1445162834 33
1445162835 33
1445162836 33
1445162836 33
1445162836 33
1445162837 33
1445162837 33
1445162838 33
1445162839 33
1445162839 33
1445162839 33
1445162840 33
1445162840 33
1445162841 33
1445162842 33
1445162842 33
1445162842 33
1445162843 33
1445162844 33
1445162844 33
1445162845 33
1445162845 33
1445162845 33
1445162846 33
1445162847 33
1445162847 33
1445162848 33
1445162848 33
1445162848 33
1445162849 33
1445162850 33
1445162850 33
1445162851 33
1445162851 33
1445162851 33
1445162852 33
1445162853 33
1445162853 33
1445162854 33
1445162854 33
1445162854 33
1445162855 33
1445162856 33
1445162856 33
1445162857 33
1445162857 33
1445162857 33
1445162858 33
1445162859 33
1445162859 33
1445162860 33
1445162860 33
1445162860 33
1445162861 33
1445162862 33
1445162862 33
1445162863 33
1445162863 33
1445162863 33
1445162864 33
1445162865 33
1445162865 33
1445162866 33
1445162866 33
1445162866 33
1445162867 33
1445162868 33
1445162868 33
1445162869 33
1445162869 33
1445162870 33
1445162870 33
1445162871 33
1445162871 33
1445162872 33
1445162872 33
1445162873 33
1445162873 33
1445162874 33
1445162874 33
1445162875 33
1445162875 33
1445162876 33
1445162876 33
1445162877 33
1445162877 33
1445162878 33
1445162878 33
1445162879 33
1445162879 33
1445162880 33
1445162880 33
1445162881 33
1445162881 33
1445162882 33
1445162882 33
1445162883 33
1445162883 33
1445162884 33
1445162884 33
1445162885 33
1445162885 33
1445162886 33
1445162886 33
1445162887 33
1445162887 33
1445162888 33
1445162888 33
1445162889 33
1445162889 33
1445162890 33
1445162890 33
1445162891 33
1445162891 33
1445162892 33
1445162892 33
1445162893 33
1445162893 33
1445162894 33
1445162894 33
1445162895 33
1445162895 33
1445162896 33
1445162896 33
1445162897 33
1445162897 33
1445162898 33
1445162898 33
1445162899 33
1445162899 33
1445162900 33
1445162900 33
1445162901 33
1445162901 33
1445162902 33
1445162902 33
1445162903 33
1445162903 33
1445162904 33
1445162905 33
1445162905 33
1445162905 33
1445162906 33
1445162906 33
1445162907 33
1445162908 33
1445162908 33
1445162908 33
1445162909 33
1445162909 33
1445162910 33
1445162911 33
1445162911 33
1445162911 33
1445162912 33
1445162912 33
1445162913 33
1445162914 33
1445162914 33
1445162914 33
1445162915 33
1445162915 33
1445162916 33
1445162917 33
1445162917 33
1445162917 33
1445162918 33
1445162918 33
1445162919 33
1445162920 33
1445162920 33
1445162920 33
1445162921 33
1445162921 33
1445162921 33
1445162922 33
1445162923 33
1445162923 33
1445162923 33
1445162923 33
1445162924 33
1445162924 33
1445162925 33
1445162926 33
1445162926 33
1445162926 33
1445162927 33
1445162927 33
1445162928 33
1445162929 33
1445162929 33
1445162929 33
1445162930 33
1445162930 33
1445162931 33
1445162932 33
1445162932 33
1445162932 33
1445162933 33
1445162934 33
1445162934 33
1445162935 33
1445162935 33
1445162935 33
1445162936 33
1445162937 33
1445162937 33
1445162938 33
1445162938 33
1445162938 33
1445162939 33
1445162940 33
1445162940 33
1445162941 33
1445162941 33
1445162941 33
1445162942 33
1445162943 33
1445162943 33
1445162944 33
1445162944 33
1445162944 33
1445162945 33
1445162946 33
1445162946 33
1445162947 33
1445162947 33
1445162947 33
1445162948 33
1445162949 33
1445162949 33
1445162950 33
1445162950 33
1445162950 33
1445162951 33
1445162952 33
1445162952 33
1445162953 33
1445162953 33
1445162953 33
1445162954 33
1445162955 33
1445162955 33
1445162956 33
1445162956 33
1445162956 33
1445162957 33
1445162958 33
1445162958 33
1445162959 33
1445162959 33
1445162959 33
1445162960 33
1445162961 33
1445162961 33
1445162962 33
1445162962 33
1445162962 33
1445162963 33
1445162964 33
1445162964 33
1445162965 33
1445162965 33
1445162965 33
1445162966 33
1445162967 33
1445162967 33
1445162968 33
1445162968 33
1445162968 33
1445162968 33
1445162968 33
1445162968 33
1445162968 33
1445162968 33
1445162968 33
1445162968 33
1445162968 33
1445162968 33
1445162968 33
1445162968 33
1445162968 33
1445162968 33
1445162968 33
1445162968 33
1445162969 33
1445162969 33
1445162969 33
1445162969 33
1445162969 33
1445162969 33
1445162969 33
1445162969 30
1445162969 24
1445162969 -1
1445162970 33
1445162971 33
1445162971 33
1445162971 33
1445162971 33
1445162971 33
1445162971 33
1445162971 33
1445162971 33
1445162971 33
1445162971 33
1445162971 33
1445162971 33
1445162971 33
1445162971 33
1445162971 33
1445162971 33
1445162971 33
1445162972 33
1445162972 33
1445162972 33
1445162972 33
1445162972 33
1445162972 30
1445162972 24
1445162972 -1
1445162973 33
1445162974 33
1445162975 33
1445162975 33
1445162976 33
1445162977 33
1445162978 33
1445162978 33
1445162979 33
1445162980 33
1445162981 33
1445162981 33
1445162982 33
1445162983 33
1445162984 33
1445162984 33
1445162984 33
1445162984 33
1445162985 33
1445162986 33
1445162987 33
1445162987 33
1445162988 33
1445162988 33
1445162989 33
1445162990 33
1445162990 33
1445162991 33
1445162991 33
1445162992 33
1445162992 33
1445162993 33
1445162996 33
1445162999 33
1445162999 33
1445162999 33
1445163002 33
1445163008 33
1445163011 33
1445163017 33
1445163020 33
1445163023 33
1445163026 33
1445163028 33
1445163029 33
1445163031 33
1445163032 33
1445163035 33
1445163038 33
1445163041 33
1445163044 33
1445163047 33
1445163048 33
1445163050 33
1445163051 33
1445163053 33
1445163053 33
1445163053 33
1445163053 33
1445163053 33
1445163053 33
1445163053 33
1445163053 33
1445163053 33
1445163053 33
1445163053 33
1445163053 33
1445163053 33
1445163053 33
1445163053 33
1445163053 33
1445163053 33
1445163053 33
1445163053 33
1445163053 33
1445163053 33
1445163053 33
1445163053 33
1445163053 33
1445163053 33
1445163053 33
1445163053 33
1445163053 33
1445163053 33
1445163053 12
1445163053 33
1445163053 12
1445163053 33
1445163053 21
1445163053 33
1445163053 21
1445163053 33
1445163053 7
1445163053 31
1445163053 33
1445163053 6
1445163053 26
1445163053 33
1445163053 5
1445163053 14
1445163053 33
1445163054 33
1445163054 33
1445163054 33
1445163054 30
1445163054 24
1445163054 -1
1445163068 33
1445163071 33
1445163088 33
1445163091 33
1445163108 33
1445163111 33
1445163128 33
1445163131 33
1445163148 33
1445163151 33
1445163168 33
1445163171 33
1445163188 33
1445163191 33
1445163208 33
1445163211 33
1445163228 33
1445163231 33
1445163248 33
1445163251 33
1445163268 33
1445163271 33
1445163288 33
1445163291 33
1445163308 33
1445163311 33
1445163328 33
1445163331 33
1445163348 33
1445163351 33
1445163368 33
1445163371 33
1445163388 33
1445163391 33
1445163408 33
1445163411 33
1445163424 33
1445163424 33
1445163424 33
1445163424 33
1445163424 33
1445163424 33
1445163424 33
1445163428 33
1445163431 33
1445163448 33
1445163451 33
1445163468 33
1445163471 33
1445163488 33
1445163491 33
1445163508 33
1445163511 33
1445163528 33
1445163531 33
1445163548 33
1445163551 33
1445163568 33
1445163571 33
1445163588 33
1445163591 33
1445163608 33
1445163611 33
1445163628 33
1445163631 33
1445163648 33
1445163651 33
1445163668 33
1445163671 33
1445163688 33
1445163691 33
1445163708 33
1445163711 33
1445163728 33
1445163731 33
1445163748 33
1445163751 33
1445163768 33
1445163771 33
1445163788 33
1445163791 33
1445163808 33
1445163811 33
1445163828 33
1445163831 33
1445163848 33
1445163851 33
1445163868 33
1445163871 33
1445163918 33
1445163921 33
1445163938 33
1445163941 33
1445163958 33
1445163961 33
1445163978 33
1445163981 33
1445163998 33
1445164001 33
1445164018 33
1445164021 33
1445164038 33
1445164041 33
1445164058 33
1445164061 33
1445164078 33
1445164081 33
1445164098 33
1445164101 33
1445164118 33
1445164121 33
1445164124 33
1445164124 33
1445164124 4
1445164124 33
1445164127 33
1445164127 33
1445164127 33
1445164127 4
1445164127 33
1445164127 33
1445164127 33
1445164128 33
1445164128 33
1445164128 33
1445164128 33
1445164128 33
1445164128 33
