1445162509 35
1445162509 35
1445162509 35
1445162510 35
1445162510 35
1445162510 35
1445162510 35
1445162510 35
1445162510 35
1445162510 35
1445162510 35
1445162510 35
1445162510 35
1445162510 35
1445162510 35
1445162510 35
1445162510 35
1445162510 35
1445162511 35
1445162511 35
1445162511 35
1445162511 35
1445162511 35
1445162511 35
1445162511 35
1445162511 35
1445162511 35
1445162511 35
1445162511 35
1445162511 35
1445162511 35
1445162511 35
1445162511 35
1445162511 35
1445162511 8
1445162511 35
1445162511 35
1445162511 35
1445162511 35
1445162511 35
1445162511 35
1445162511 35
1445162511 64
1445162511 5
1445162512 64
1445162512 35
1445162512 35
1445162512 35
1445162512 35
1445162512 35
1445162512 35
1445162512 35
1445162512 35
1445162512 35
1445162512 35
1445162512 35
1445162512 35
1445162512 35
1445162512 35
1445162512 35
1445162512 35
1445162512 35
1445162512 35
1445162512 35
1445162512 35
1445162512 35
1445162512 35
1445162512 35
1445162512 35
1445162512 35
1445162512 35
1445162512 35
1445162512 35
1445162512 35
1445162512 35
1445162512 35
1445162512 35
1445162512 35
1445162512 35
1445162512 35
1445162512 35
1445162512 35
1445162512 35
1445162512 35
1445162512 35
1445162512 35
1445162512 35
1445162512 35
1445162512 35
1445162512 35
1445162512 35
1445162512 35
1445162512 35
1445162512 35
1445162512 35
1445162512 35
1445162512 35
1445162512 35
1445162512 35
1445162512 35
1445162512 35
1445162512 35
1445162512 35
1445162512 35
1445162512 35
1445162512 35
1445162512 35
1445162512 35
1445162513 35
1445162513 35
1445162513 35
1445162513 35
1445162514 35
1445162514 35
1445162514 35
1445162514 35
1445162514 35
1445162514 35
1445162514 35
1445162514 35
1445162515 35
1445162515 35
1445162515 35
1445162515 35
1445162515 35
1445162515 35
1445162515 35
1445162515 35
1445162515 35
1445162515 35
1445162515 35
1445162515 35
1445162515 35
1445162515 35
1445162515 35
1445162515 35
1445162515 35
1445162515 35
1445162515 35
1445162515 35
1445162515 35
1445162515 35
1445162515 35
1445162515 35
1445162515 35
1445162515 35
1445162515 35
1445162515 35
1445162515 35
1445162515 35
1445162515 35
1445162515 35
1445162515 35
1445162515 35
1445162515 35
1445162515 35
1445162515 35
1445162515 35
1445162515 35
1445162515 35
1445162515 35
1445162515 35
1445162515 35
1445162515 35
1445162515 35
1445162515 35
1445162515 35
1445162515 35
1445162516 35
1445162516 35
1445162516 35
1445162516 35
1445162516 35
1445162516 35
1445162516 35
1445162516 35
1445162516 35
1445162516 35
1445162516 35
1445162517 35
1445162517 35
1445162517 35
1445162517 35
1445162517 35
1445162517 35
1445162517 35
1445162517 35
1445162517 35
1445162517 35
1445162517 35
1445162517 35
1445162517 35
1445162517 35
1445162517 35
1445162517 35
1445162517 35
1445162517 35
1445162517 35
1445162517 35
1445162517 35
1445162517 35
1445162517 35
1445162517 35
1445162517 35
1445162517 35
1445162517 35
1445162517 35
1445162517 35
1445162517 35
1445162517 35
1445162517 35
1445162517 35
1445162517 35
1445162518 35
1445162518 35
1445162518 35
1445162518 35
1445162518 35
1445162518 35
1445162518 35
1445162518 35
1445162518 35
1445162518 35
1445162518 35
1445162518 35
1445162519 35
1445162519 35
1445162519 35
1445162519 35
1445162519 35
1445162519 35
1445162519 35
1445162519 35
1445162519 35
1445162519 35
1445162519 35
1445162519 35
1445162519 35
1445162519 35
1445162519 35
1445162519 35
1445162519 35
1445162520 35
1445162520 35
1445162520 35
1445162520 35
1445162520 35
1445162520 35
1445162520 35
1445162520 35
1445162521 35
1445162521 35
1445162521 35
1445162521 35
1445162521 35
1445162521 35
1445162521 35
1445162521 35
1445162521 35
1445162521 35
1445162521 35
1445162521 35
1445162521 35
1445162521 35
1445162521 35
1445162521 35
1445162521 35
1445162521 35
1445162521 35
1445162521 35
1445162521 35
1445162522 35
1445162522 35
1445162522 35
1445162522 35
1445162523 35
1445162523 35
1445162524 35
1445162524 35
1445162524 35
1445162524 35
1445162525 35
1445162525 35
1445162525 35
1445162525 35
1445162525 35
1445162525 35
1445162525 35
1445162525 35
1445162525 35
1445162525 35
1445162525 35
1445162525 35
1445162525 35
1445162527 35
1445162527 35
1445162527 35
1445162527 35
1445162527 35
1445162527 35
1445162527 35
1445162530 35
1445162530 35
1445162530 35
1445162530 35
1445162531 35
1445162531 35
1445162531 35
1445162531 35
1445162531 35
1445162531 35
1445162533 35
1445162533 35
1445162533 35
1445162533 35
1445162534 35
1445162536 35
1445162536 35
1445162536 35
1445162536 35
1445162538 35
1445162539 35
1445162539 35
1445162539 35
1445162539 35
1445162539 35
1445162541 35
1445162542 35
1445162542 35
1445162542 35
1445162542 35
1445162542 35
1445162542 35
1445162543 35
1445162544 35
1445162545 35
1445162545 35
1445162545 35
1445162545 35
1445162545 35
1445162545 35
1445162545 35
1445162546 35
1445162547 35
1445162547 35
1445162548 35
1445162548 35
1445162548 35
1445162548 35
1445162549 35
1445162549 35
1445162549 35
1445162550 35
1445162550 35
1445162551 35
1445162551 35
1445162551 35
1445162551 35
1445162551 35
1445162552 35
1445162552 35
1445162553 35
1445162553 35
1445162554 35
1445162554 35
1445162554 35
1445162554 35
1445162554 35
1445162554 35
1445162556 35
1445162556 35
1445162556 35
1445162557 35
1445162557 35
1445162557 35
1445162557 35
1445162557 35
1445162558 35
1445162558 35
1445162559 35
1445162560 35
1445162560 35
1445162560 35
1445162560 35
1445162560 35
1445162561 35
1445162561 35
1445162561 35
1445162561 35
1445162563 35
1445162563 35
1445162563 35
1445162563 35
1445162563 35
1445162564 35
1445162564 35
1445162564 35
1445162564 35
1445162565 35
1445162566 35
1445162566 35
1445162567 35
1445162567 35
1445162567 35
1445162567 35
1445162567 35
1445162568 35
1445162568 35
1445162568 35
1445162570 35
1445162570 35
1445162570 35
1445162570 35
1445162570 35
1445162570 35
1445162570 35
1445162571 35
1445162571 35
1445162572 35
1445162573 35
1445162573 35
1445162573 35
1445162573 35
1445162573 35
1445162574 35
1445162574 35
1445162575 35
1445162575 35
1445162575 35
1445162576 35
1445162576 35
1445162576 35
1445162576 35
1445162577 35
1445162577 35
1445162577 35
1445162578 35
1445162578 35
1445162578 35
1445162579 35
1445162579 35
1445162579 35
1445162579 35
1445162580 35
1445162580 35
1445162580 35
1445162581 35
1445162582 35
1445162582 35
1445162582 35
1445162582 35
1445162582 35
1445162582 35
1445162584 35
1445162584 35
1445162584 35
1445162585 35
1445162585 35
1445162585 35
1445162585 35
1445162585 35
1445162585 35
1445162585 35
1445162587 35
1445162587 35
1445162588 35
1445162588 35
1445162588 35
1445162588 35
1445162588 35
1445162588 35
1445162589 35
1445162589 35
1445162591 35
1445162591 35
1445162591 35
1445162591 35
1445162591 35
1445162591 35
1445162591 35
1445162592 35
1445162592 35
1445162592 35
1445162594 35
1445162594 35
1445162594 35
1445162594 35
1445162594 35
1445162594 35
1445162595 35
1445162596 35
1445162596 35
1445162596 35
1445162597 35
1445162597 35
1445162597 35
1445162597 35
1445162598 35
1445162598 35
1445162598 35
1445162599 35
1445162600 35
1445162600 35
1445162600 35
1445162600 35
1445162600 35
1445162600 35
1445162601 35
1445162601 35
1445162601 35
1445162601 35
1445162602 35
1445162602 35
1445162603 35
1445162603 35
1445162603 35
1445162603 35
1445162603 35
1445162603 35
1445162603 35
1445162604 35
1445162605 35
1445162605 35
1445162606 35
1445162606 35
1445162606 35
1445162606 35
1445162606 35
1445162606 35
1445162607 35
1445162607 35
1445162609 35
1445162609 35
1445162609 35
1445162609 35
1445162609 35
1445162609 35
1445162609 35
1445162610 35
1445162610 35
1445162610 35
1445162612 35
1445162612 35
1445162612 35
1445162612 35
1445162612 35
1445162613 35
1445162613 35
1445162613 35
1445162614 35
1445162614 35
1445162615 35
1445162615 35
1445162615 35
1445162615 35
1445162616 35
1445162616 35
1445162616 35
1445162617 35
1445162617 35
1445162618 35
1445162618 35
1445162618 35
1445162618 35
1445162618 35
1445162619 35
1445162619 35
1445162619 35
1445162620 35
1445162621 35
1445162621 35
1445162621 35
1445162621 35
1445162621 35
1445162621 35
1445162623 35
1445162623 35
1445162623 35
1445162623 35
1445162624 35
1445162624 35
1445162624 35
1445162624 35
1445162624 35
1445162624 35
1445162626 35
1445162627 35
1445162627 35
1445162627 35
1445162627 35
1445162627 35
1445162627 35
1445162627 35
1445162627 35
1445162628 35
1445162630 35
1445162630 35
1445162630 35
1445162630 35
1445162630 35
1445162630 35
1445162630 35
1445162630 35
1445162631 35
1445162632 35
1445162632 35
1445162633 35
1445162633 35
1445162633 35
1445162633 35
1445162633 35
1445162634 35
1445162634 35
1445162634 35
1445162634 35
1445162634 35
1445162634 35
1445162634 35
1445162634 35
1445162634 35
1445162634 35
1445162634 35
1445162634 35
1445162634 35
1445162634 35
1445162634 35
1445162634 35
1445162634 35
1445162634 35
1445162634 35
1445162635 35
1445162635 35
1445162635 35
1445162635 35
1445162635 35
1445162635 35
1445162635 35
1445162635 35
1445162635 35
1445162635 35
1445162635 35
1445162635 35
1445162635 35
1445162635 35
1445162635 35
1445162635 35
1445162635 35
1445162635 35
1445162635 35
1445162636 35
1445162636 35
1445162636 35
1445162636 35
1445162636 35
1445162636 113
1445162636 119
1445162636 170
1445162636 35
1445162636 35
1445162636 35
1445162637 35
1445162637 35
1445162637 113
1445162637 119
1445162637 170
1445162637 35
1445162637 35
1445162637 35
1445162637 35
1445162638 35
1445162639 35
1445162639 35
1445162639 35
1445162640 35
1445162641 35
1445162641 35
1445162641 35
1445162641 35
1445162642 35
1445162642 35
1445162643 35
1445162643 35
1445162643 35
1445162643 35
1445162643 35
1445162643 35
1445162643 35
1445162643 35
1445162643 35
1445162643 35
1445162643 35
1445162643 35
1445162644 35
1445162644 35
1445162644 35
1445162645 35
1445162645 35
1445162645 35
1445162645 113
1445162645 119
1445162645 170
1445162645 35
1445162645 35
1445162645 35
1445162646 35
1445162647 35
1445162648 35
1445162648 35
1445162648 35
1445162648 35
1445162648 35
1445162648 35
1445162648 35
1445162648 35
1445162648 35
1445162648 35
1445162648 35
1445162648 35
1445162648 35
1445162648 35
1445162649 35
1445162650 35
1445162650 35
1445162650 35
1445162650 113
1445162650 119
1445162650 170
1445162650 35
1445162650 35
1445162651 35
1445162651 35
1445162652 35
1445162652 35
1445162653 35
1445162654 35
1445162654 35
1445162655 35
1445162655 35
1445162655 35
1445162657 35
1445162657 35
1445162657 35
1445162657 35
1445162657 35
1445162657 35
1445162657 35
1445162657 35
1445162657 35
1445162657 35
1445162657 35
1445162657 35
1445162657 35
1445162657 35
1445162657 35
1445162657 35
1445162657 35
1445162657 35
1445162657 35
1445162657 35
1445162657 35
1445162657 35
1445162657 35
1445162657 35
1445162657 35
1445162657 35
1445162657 35
1445162657 35
1445162657 35
1445162657 35
1445162657 35
1445162657 35
1445162658 35
1445162658 35
1445162658 35
1445162658 35
1445162659 35
1445162659 35
1445162660 35
1445162660 35
1445162660 35
1445162660 35
1445162660 35
1445162660 35
1445162660 35
1445162660 35
1445162660 35
1445162660 35
1445162660 35
1445162660 35
1445162660 35
1445162660 35
1445162660 35
1445162660 35
1445162660 35
1445162661 35
1445162661 35
1445162661 35
1445162661 35
1445162661 35
1445162662 35
1445162662 35
1445162662 35
1445162662 35
1445162663 35
1445162663 35
1445162663 35
1445162663 35
1445162663 35
1445162664 35
1445162664 35
1445162665 35
1445162665 35
1445162665 35
1445162666 35
1445162666 35
1445162666 35
1445162667 35
1445162667 35
1445162667 35
1445162668 35
1445162668 35
1445162668 35
1445162668 35
1445162669 35
1445162669 35
1445162669 35
1445162669 35
1445162670 35
1445162670 35
1445162671 35
1445162671 35
1445162671 35
1445162671 35
1445162671 35
1445162672 35
1445162672 35
1445162672 35
1445162672 35
1445162672 35
1445162672 35
1445162672 35
1445162672 35
1445162672 35
1445162673 35
1445162673 35
1445162673 35
1445162673 35
1445162673 35
1445162673 35
1445162674 35
1445162674 35
1445162674 35
1445162674 35
1445162674 35
1445162675 35
1445162675 35
1445162676 35
1445162676 35
1445162676 35
1445162676 35
1445162676 35
1445162677 35
1445162677 35
1445162677 35
1445162677 35
1445162678 35
1445162678 35
1445162679 35
1445162679 35
1445162679 35
1445162679 35
1445162680 35
1445162680 35
1445162680 35
1445162680 35
1445162680 35
1445162681 35
1445162681 35
1445162681 35
1445162682 35
1445162682 35
1445162682 35
1445162683 35
1445162683 35
1445162683 35
1445162683 35
1445162684 35
1445162684 35
1445162684 35
1445162685 35
1445162685 35
1445162685 35
1445162685 35
1445162686 35
1445162686 35
1445162686 35
1445162686 35
1445162686 35
1445162687 35
1445162687 35
1445162687 35
1445162688 35
1445162688 35
1445162688 35
1445162689 35
1445162689 35
1445162689 35
1445162690 35
1445162690 35
1445162690 35
1445162690 35
1445162690 35
1445162691 35
1445162691 35
1445162691 35
1445162692 35
1445162692 35
1445162692 35
1445162692 35
1445162692 35
1445162692 35
1445162692 35
1445162692 35
1445162692 35
1445162692 35
1445162692 35
1445162692 35
1445162692 35
1445162692 35
1445162692 35
1445162692 35
1445162692 35
1445162692 35
1445162692 35
1445162692 35
1445162692 35
1445162692 35
1445162693 35
1445162693 35
1445162693 35
1445162693 35
1445162693 35
1445162693 35
1445162694 35
1445162694 35
1445162694 35
1445162694 35
1445162694 35
1445162694 35
1445162694 35
1445162695 35
1445162695 35
1445162695 35
1445162695 35
1445162696 35
1445162697 35
1445162697 35
1445162697 35
1445162697 35
1445162697 35
1445162697 35
1445162698 35
1445162698 35
1445162698 35
1445162698 35
1445162698 35
1445162699 35
1445162700 35
1445162700 35
1445162700 35
1445162701 35
1445162701 35
1445162701 35
1445162701 35
1445162701 35
1445162701 35
1445162702 35
1445162702 35
1445162703 35
1445162703 35
1445162703 35
1445162704 35
1445162704 35
1445162704 35
1445162704 35
1445162704 35
1445162705 35
1445162705 35
1445162705 35
1445162706 35
1445162706 35
1445162707 35
1445162707 35
1445162707 35
1445162707 35
1445162707 35
1445162708 35
1445162708 35
1445162708 35
1445162709 35
1445162709 35
1445162709 35
1445162709 35
1445162709 35
1445162709 35
1445162709 35
1445162709 35
1445162709 35
1445162710 35
1445162710 35
1445162710 35
1445162710 35
1445162710 35
1445162710 35
1445162710 35
1445162710 35
1445162710 35
1445162711 35
1445162711 35
1445162712 35
1445162712 35
1445162712 35
1445162712 35
1445162713 35
1445162713 35
1445162713 35
1445162713 170
1445162713 35
1445162713 35
1445162713 35
1445162713 35
1445162714 35
1445162714 35
1445162715 35
1445162715 35
1445162715 35
1445162715 35
1445162716 35
1445162716 35
1445162716 35
1445162716 35
1445162717 35
1445162717 35
1445162718 35
1445162718 35
1445162718 35
1445162718 35
1445162719 35
1445162719 35
1445162719 35
1445162719 35
1445162720 35
1445162720 35
1445162721 35
1445162721 35
1445162721 35
1445162721 35
1445162722 35
1445162722 35
1445162722 35
1445162722 35
1445162723 35
1445162724 35
1445162724 35
1445162724 35
1445162725 35
1445162725 35
1445162725 35
1445162725 35
1445162725 35
1445162725 35
1445162725 36
1445162725 164
1445162725 106
1445162725 4
1445162725 106
1445162725 106
1445162725 61
1445162725 15
1445162725 61
1445162725 61
1445162725 61
1445162725 61
1445162726 35
1445162726 35
1445162727 35
1445162727 48
1445162727 14
1445162727 162
1445162727 142
1445162727 96
1445162727 35
1445162727 35
1445162728 35
1445162728 36
1445162728 164
1445162728 106
1445162728 4
1445162728 106
1445162728 106
1445162728 61
1445162728 15
1445162728 61
1445162728 61
1445162728 61
1445162728 61
1445162728 35
1445162728 35
1445162728 35
1445162728 35
1445162729 35
1445162729 35
1445162729 35
1445162730 35
1445162730 35
1445162731 35
1445162731 35
1445162731 35
1445162731 35
1445162732 35
1445162732 35
1445162732 35
1445162732 35
1445162733 35
1445162733 35
1445162734 35
1445162734 35
1445162734 35
1445162734 35
1445162735 35
1445162735 35
1445162735 35
1445162735 35
1445162736 35
1445162736 35
1445162737 35
1445162737 35
1445162737 35
1445162737 35
1445162738 35
1445162738 35
1445162738 35
1445162739 35
1445162739 35
1445162739 35
1445162740 35
1445162740 35
1445162740 35
1445162741 35
1445162741 35
1445162741 35
1445162742 35
1445162742 35
1445162742 35
1445162742 35
1445162743 35
1445162743 35
1445162743 35
1445162744 35
1445162744 35
1445162744 35
1445162745 35
1445162745 35
1445162745 35
1445162745 35
1445162746 35
1445162746 35
1445162746 35
1445162747 35
1445162747 35
1445162748 35
1445162748 35
1445162748 35
1445162748 35
1445162748 35
1445162749 35
1445162749 35
1445162749 35
1445162749 35
1445162750 35
1445162750 35
1445162751 35
1445162751 35
1445162751 35
1445162751 35
1445162752 35
1445162752 35
1445162752 35
1445162752 35
1445162752 35
1445162753 35
1445162753 35
1445162754 35
1445162754 35
1445162754 35
1445162755 35
1445162755 35
1445162755 35
1445162755 35
1445162755 35
1445162756 35
1445162756 35
1445162757 35
1445162757 35
1445162757 35
1445162757 35
1445162757 35
1445162757 35
1445162757 35
1445162757 35
1445162757 35
1445162757 35
1445162757 35
1445162757 35
1445162757 35
1445162757 35
1445162757 35
1445162757 35
1445162758 35
1445162758 35
1445162758 35
1445162758 35
1445162758 35
1445162758 35
1445162758 35
1445162758 35
1445162758 35
1445162758 35
1445162758 35
1445162758 35
1445162759 35
1445162759 35
1445162759 35
1445162760 35
1445162760 35
1445162760 35
1445162760 35
1445162760 35
1445162760 35
1445162760 35
1445162760 35
1445162760 35
1445162760 35
1445162760 35
1445162760 35
1445162760 35
1445162760 35
1445162761 35
1445162761 35
1445162761 35
1445162761 35
1445162761 35
1445162761 35
1445162762 35
1445162762 35
1445162762 35
1445162762 35
1445162763 35
1445162764 35
1445162764 35
1445162764 35
1445162764 35
1445162765 35
1445162765 35
1445162765 35
1445162765 35
1445162766 35
1445162766 35
1445162767 35
1445162767 35
1445162767 35
1445162767 35
1445162768 35
1445162768 35
1445162769 35
1445162769 35
1445162769 35
1445162770 35
1445162770 35
1445162770 35
1445162770 35
1445162770 35
1445162770 35
1445162770 35
1445162770 35
1445162771 35
1445162771 35
1445162772 35
1445162772 35
1445162773 35
1445162773 35
1445162773 35
1445162773 35
1445162773 35
1445162773 35
1445162773 35
1445162773 35
1445162773 35
1445162773 35
1445162773 35
1445162773 35
1445162773 35
1445162773 35
1445162773 35
1445162773 35
1445162773 35
1445162773 35
1445162773 35
1445162773 35
1445162773 35
1445162773 35
1445162773 35
1445162773 35
1445162773 89
1445162773 35
1445162773 35
1445162774 35
1445162774 35
1445162774 35
1445162775 35
1445162775 36
1445162775 164
1445162775 106
1445162775 4
1445162775 106
1445162775 106
1445162775 61
1445162775 15
1445162775 61
1445162775 61
1445162775 61
1445162775 61
1445162775 35
1445162775 35
1445162775 35
1445162775 113
1445162775 119
1445162775 170
1445162775 35
1445162775 35
1445162776 35
1445162776 35
1445162776 35
1445162776 35
1445162776 113
1445162776 119
1445162776 170
1445162776 35
1445162776 35
1445162776 35
1445162777 35
1445162777 35
1445162778 35
1445162779 35
1445162779 35
1445162779 35
1445162779 35
1445162779 35
1445162780 35
1445162780 35
1445162781 35
1445162782 35
1445162782 35
1445162782 35
1445162782 35
1445162783 35
1445162783 35
1445162783 35
1445162784 35
1445162784 35
1445162785 35
1445162785 35
1445162785 35
1445162786 35
1445162786 35
1445162786 35
1445162786 35
1445162787 35
1445162787 35
1445162788 35
1445162788 35
1445162788 35
1445162788 35
1445162788 35
1445162788 35
1445162788 35
1445162788 35
1445162788 35
1445162788 35
1445162788 35
1445162788 35
1445162788 35
1445162788 35
1445162788 35
1445162788 35
1445162788 35
1445162788 35
1445162788 35
1445162788 35
1445162788 35
1445162789 35
1445162789 35
1445162789 35
1445162789 35
1445162790 35
1445162790 35
1445162790 35
1445162790 35
1445162790 89
1445162790 35
1445162790 35
1445162790 35
1445162790 35
1445162790 113
1445162790 119
1445162790 170
1445162790 35
1445162791 35
1445162791 35
1445162791 35
1445162792 35
1445162792 35
1445162792 35
1445162792 36
1445162792 164
1445162792 106
1445162792 4
1445162792 106
1445162792 106
1445162792 61
1445162792 15
1445162792 61
1445162792 61
1445162792 61
1445162792 61
1445162792 35
1445162793 35
1445162793 35
1445162794 35
1445162794 35
1445162794 35
1445162794 35
1445162794 35
1445162794 113
1445162794 119
1445162794 170
1445162794 35
1445162795 35
1445162795 35
1445162795 35
1445162796 35
1445162796 35
1445162797 35
1445162797 35
1445162797 35
1445162798 35
1445162798 35
1445162799 35
1445162799 35
1445162800 35
1445162800 35
1445162800 35
1445162801 35
1445162801 35
1445162801 35
1445162802 35
1445162802 35
1445162803 35
1445162803 35
1445162803 35
1445162804 35
1445162804 35
1445162804 35
1445162805 35
1445162806 35
1445162806 35
1445162806 35
1445162807 35
1445162807 35
1445162807 35
1445162807 35
1445162808 35
1445162809 35
1445162809 35
1445162809 35
1445162810 35
1445162810 35
1445162811 35
1445162811 35
1445162811 35
1445162812 35
1445162812 35
1445162812 35
1445162813 35
1445162813 35
1445162814 35
1445162814 35
1445162814 35
1445162815 35
1445162815 35
1445162815 35
1445162816 35
1445162817 35
1445162817 35
1445162817 35
1445162817 35
1445162818 35
1445162818 35
1445162819 35
1445162819 35
1445162820 35
1445162820 35
1445162820 35
1445162821 35
1445162821 35
1445162821 35
1445162822 35
1445162822 35
1445162823 35
1445162823 35
1445162823 35
1445162824 35
1445162824 35
1445162824 35
1445162825 35
1445162825 35
1445162826 35
1445162826 35
1445162827 35
1445162827 35
1445162827 35
1445162827 35
1445162828 35
1445162828 35
1445162828 35
1445162829 35
1445162829 35
1445162829 35
1445162829 35
1445162829 35
1445162829 35
1445162829 35
1445162829 35
1445162829 35
1445162829 35
1445162829 35
1445162829 35
1445162829 35
1445162829 35
1445162829 35
1445162829 35
1445162829 35
1445162830 35
1445162830 35
1445162830 35
1445162830 35
1445162830 35
1445162830 89
1445162830 35
1445162830 35
1445162830 36
1445162830 164
1445162830 106
1445162830 4
1445162830 106
1445162830 106
1445162830 61
1445162830 15
1445162830 61
1445162830 61
1445162830 61
1445162830 61
1445162830 35
1445162830 35
1445162830 35
1445162831 35
1445162831 35
1445162831 35
1445162831 35
1445162831 113
1445162831 119
1445162831 170
1445162831 35
1445162831 35
1445162831 113
1445162831 119
1445162831 170
1445162831 35
1445162832 35
1445162833 35
1445162833 35
1445162833 35
1445162834 35
1445162834 35
1445162835 35
1445162836 35
1445162836 35
1445162836 35
1445162837 35
1445162837 35
1445162838 35
1445162839 35
1445162839 35
1445162839 35
1445162840 35
1445162840 35
1445162841 35
1445162842 35
1445162842 35
1445162842 35
1445162843 35
1445162844 35
1445162844 35
1445162845 35
1445162845 35
1445162845 35
1445162846 35
1445162847 35
1445162847 35
1445162848 35
1445162848 35
1445162848 35
1445162849 35
1445162850 35
1445162850 35
1445162851 35
1445162851 35
1445162851 35
1445162852 35
1445162853 35
1445162853 35
1445162854 35
1445162854 35
1445162854 35
1445162855 35
1445162856 35
1445162856 35
1445162857 35
1445162857 35
1445162857 35
1445162858 35
1445162859 35
1445162859 35
1445162860 35
1445162860 35
1445162860 35
1445162861 35
1445162862 35
1445162862 35
1445162863 35
1445162863 35
1445162863 35
1445162864 35
1445162865 35
1445162865 35
1445162866 35
1445162866 35
1445162866 35
1445162867 35
1445162868 35
1445162868 35
1445162869 35
1445162869 35
1445162870 35
1445162870 35
1445162871 35
1445162871 35
1445162872 35
1445162872 35
1445162873 35
1445162873 35
1445162874 35
1445162874 35
1445162875 35
1445162875 35
1445162876 35
1445162876 35
1445162877 35
1445162877 35
1445162878 35
1445162878 35
1445162879 35
1445162879 35
1445162880 35
1445162880 35
1445162881 35
1445162881 35
1445162882 35
1445162882 35
1445162883 35
1445162883 35
1445162884 35
1445162884 35
1445162885 35
1445162885 35
1445162886 35
1445162886 35
1445162887 35
1445162887 35
1445162888 35
1445162888 35
1445162889 35
1445162889 35
1445162890 35
1445162890 35
1445162891 35
1445162891 35
1445162892 35
1445162892 35
1445162893 35
1445162893 35
1445162894 35
1445162894 35
1445162895 35
1445162895 35
1445162896 35
1445162896 35
1445162897 35
1445162897 35
1445162898 35
1445162898 35
1445162899 35
1445162899 35
1445162900 35
1445162900 35
1445162901 35
1445162901 35
1445162902 35
1445162902 35
1445162903 35
1445162903 35
1445162904 35
1445162905 35
1445162905 35
1445162905 35
1445162906 35
1445162906 35
1445162907 35
1445162908 35
1445162908 35
1445162908 35
1445162909 35
1445162909 35
1445162910 35
1445162911 35
1445162911 35
1445162911 35
1445162912 35
1445162912 35
1445162913 35
1445162914 35
1445162914 35
1445162914 35
1445162915 35
1445162915 35
1445162916 35
1445162917 35
1445162917 35
1445162917 35
1445162918 35
1445162918 35
1445162919 35
1445162920 35
1445162920 35
1445162920 35
1445162921 35
1445162921 35
1445162921 35
1445162922 35
1445162923 35
1445162923 35
1445162923 35
1445162923 35
1445162924 35
1445162924 35
1445162925 35
1445162926 35
1445162926 35
1445162926 35
1445162927 35
1445162927 35
1445162928 35
1445162929 35
1445162929 35
1445162929 35
1445162930 35
1445162930 35
1445162931 35
1445162932 35
1445162932 35
1445162932 35
1445162933 35
1445162934 35
1445162934 35
1445162935 35
1445162935 35
1445162935 35
1445162936 35
1445162937 35
1445162937 35
1445162938 35
1445162938 35
1445162938 35
1445162939 35
1445162940 35
1445162940 35
1445162941 35
1445162941 35
1445162941 35
1445162942 35
1445162943 35
1445162943 35
1445162944 35
1445162944 35
1445162944 35
1445162945 35
1445162946 35
1445162946 35
1445162947 35
1445162947 35
1445162947 35
1445162948 35
1445162949 35
1445162949 35
1445162950 35
1445162950 35
1445162950 35
1445162951 35
1445162952 35
1445162952 35
1445162953 35
1445162953 35
1445162953 35
1445162954 35
1445162955 35
1445162955 35
1445162956 35
1445162956 35
1445162956 35
1445162957 35
1445162958 35
1445162958 35
1445162959 35
1445162959 35
1445162959 35
1445162960 35
1445162961 35
1445162961 35
1445162962 35
1445162962 35
1445162962 35
1445162963 35
1445162964 35
1445162964 35
1445162965 35
1445162965 35
1445162965 35
1445162966 35
1445162967 35
1445162967 35
1445162968 35
1445162968 35
1445162968 35
1445162968 35
1445162968 35
1445162968 35
1445162968 35
1445162968 35
1445162968 35
1445162968 35
1445162968 35
1445162968 35
1445162968 35
1445162968 35
1445162968 35
1445162968 35
1445162968 35
1445162968 35
1445162969 35
1445162969 35
1445162969 35
1445162969 35
1445162969 35
1445162969 35
1445162969 35
1445162969 113
1445162969 119
1445162969 170
1445162970 35
1445162971 35
1445162971 35
1445162971 35
1445162971 35
1445162971 35
1445162971 35
1445162971 35
1445162971 35
1445162971 35
1445162971 35
1445162971 35
1445162971 35
1445162971 35
1445162971 35
1445162971 35
1445162971 35
1445162971 35
1445162972 35
1445162972 35
1445162972 35
1445162972 35
1445162972 35
1445162972 113
1445162972 119
1445162972 170
1445162973 35
1445162974 35
1445162975 35
1445162975 35
1445162976 35
1445162977 35
1445162978 35
1445162978 35
1445162979 35
1445162980 35
1445162981 35
1445162981 35
1445162982 35
1445162983 35
1445162984 35
1445162984 35
1445162984 35
1445162984 35
1445162985 35
1445162986 35
1445162987 35
1445162987 35
1445162988 35
1445162988 35
1445162989 35
1445162990 35
1445162990 35
1445162991 35
1445162991 35
1445162992 35
1445162992 35
1445162993 35
1445162996 35
1445162999 35
1445162999 35
1445162999 35
1445163002 35
1445163008 35
1445163011 35
1445163017 35
1445163020 35
1445163023 35
1445163026 35
1445163028 35
1445163029 35
1445163031 35
1445163032 35
1445163035 35
1445163038 35
1445163041 35
1445163044 35
1445163047 35
1445163048 35
1445163050 35
1445163051 35
1445163053 35
1445163053 35
1445163053 35
1445163053 35
1445163053 35
1445163053 35
1445163053 35
1445163053 35
1445163053 35
1445163053 35
1445163053 35
1445163053 35
1445163053 35
1445163053 35
1445163053 35
1445163053 35
1445163053 35
1445163053 35
1445163053 35
1445163053 35
1445163053 35
1445163053 35
1445163053 35
1445163053 35
1445163053 35
1445163053 35
1445163053 35
1445163053 35
1445163053 35
1445163053 17
1445163053 35
1445163053 17
1445163053 35
1445163053 130
1445163053 35
1445163053 130
1445163053 35
1445163053 34
1445163053 70
1445163053 35
1445163053 34
1445163053 130
1445163053 35
1445163053 34
1445163053 17
1445163053 35
1445163054 35
1445163054 35
1445163054 35
1445163054 113
1445163054 119
1445163054 170
1445163068 35
1445163071 35
1445163088 35
1445163091 35
1445163108 35
1445163111 35
1445163128 35
1445163131 35
1445163148 35
1445163151 35
1445163168 35
1445163171 35
1445163188 35
1445163191 35
1445163208 35
1445163211 35
1445163228 35
1445163231 35
1445163248 35
1445163251 35
1445163268 35
1445163271 35
1445163288 35
1445163291 35
1445163308 35
1445163311 35
1445163328 35
1445163331 35
1445163348 35
1445163351 35
1445163368 35
1445163371 35
1445163388 35
1445163391 35
1445163408 35
1445163411 35
1445163424 35
1445163424 35
1445163424 35
1445163424 35
1445163424 35
1445163424 35
1445163424 35
1445163428 35
1445163431 35
1445163448 35
1445163451 35
1445163468 35
1445163471 35
1445163488 35
1445163491 35
1445163508 35
1445163511 35
1445163528 35
1445163531 35
1445163548 35
1445163551 35
1445163568 35
1445163571 35
1445163588 35
1445163591 35
1445163608 35
1445163611 35
1445163628 35
1445163631 35
1445163648 35
1445163651 35
1445163668 35
1445163671 35
1445163688 35
1445163691 35
1445163708 35
1445163711 35
1445163728 35
1445163731 35
1445163748 35
1445163751 35
1445163768 35
1445163771 35
1445163788 35
1445163791 35
1445163808 35
1445163811 35
1445163828 35
1445163831 35
1445163848 35
1445163851 35
1445163868 35
1445163871 35
1445163918 35
1445163921 35
1445163938 35
1445163941 35
1445163958 35
1445163961 35
1445163978 35
1445163981 35
1445163998 35
1445164001 35
1445164018 35
1445164021 35
1445164038 35
1445164041 35
1445164058 35
1445164061 35
1445164078 35
1445164081 35
1445164098 35
1445164101 35
1445164118 35
1445164121 35
1445164124 35
1445164124 35
1445164124 89
1445164124 35
1445164127 35
1445164127 35
1445164127 35
1445164127 89
1445164127 35
1445164127 35
1445164127 35
1445164128 35
1445164128 35
1445164128 35
1445164128 35
1445164128 35
1445164128 35
