1445247565 8
1445247565 147
1445247565 16
1445247565 102
1445247565 83
1445247565 8
1445247566 147
1445247566 160
1445247567 82
1445247567 67
1445247567 22
1445247568 102
1445247568 3
1445247568 75
1445247568 25
1445247568 25
1445247568 154
1445247572 102
1445247572 25
1445247572 25
1445247572 102
1445247583 75
1445247583 25
1445247586 102
1445247586 25
1445247586 25
1445247586 102
1445247596 75
1445247596 25
1445247598 102
1445247598 25
1445247598 25
1445247598 102
1445247609 75
1445247609 25
1445247611 102
1445247611 25
1445247611 25
1445247611 102
1445247622 75
1445247622 25
1445247624 102
1445247624 25
1445247624 25
1445247624 102
1445247634 75
1445247634 25
1445247636 102
1445247636 25
1445247636 25
1445247636 102
1445247646 75
1445247646 25
1445247649 102
1445247649 25
1445247649 25
1445247649 102
1445247659 75
1445247659 25
1445247660 67
1445247660 102
1445247660 25
1445247660 25
1445247669 75
1445247669 102
1445247669 160
1445247699 129
1445247699 3
