1445175447 29
1445175447 17
1445175447 21
1445175447 28
1445175447 7
1445175447 5
1445175448 3
1445175450 6
1445175452 9
1445175453 19
1445175457 10
1445175458 33
1445175458 16
1445175458 30
1445175458 25
1445175458 26
1445175458 15
1445175466 32
1445175466 24
1445175466 22
1445175466 33
1445175487 34
1445175487 23
1445175491 32
1445175491 24
1445175491 22
1445175491 33
1445175519 34
1445175519 23
1445175521 32
1445175521 24
1445175521 22
1445175521 33
1445175534 34
1445175534 23
1445175536 32
1445175536 24
1445175536 22
1445175536 33
1445175552 34
1445175552 23
1445175555 32
1445175555 24
1445175555 22
1445175555 33
1445175571 34
1445175571 23
1445175572 32
1445175572 24
1445175572 22
1445175572 33
1445175572 20
1445175572 31
1445175572 39
1445175572 45
1445175572 94
1445175572 94
1445175572 94
1445175572 94
1445175572 94
1445175572 94
1445175572 94
1445175572 94
1445175572 94
1445175572 87
1445175572 94
1445175572 94
1445175572 94
1445175572 94
1445175572 94
1445175572 94
1445175572 94
1445175572 94
1445175572 94
1445175572 94
1445175572 94
1445175572 44
1445175572 47
1445175572 94
1445175572 94
1445175572 94
1445175572 31
1445175572 39
1445175572 45
1445175572 94
1445175572 94
1445175572 94
1445175572 94
1445175572 94
1445175572 94
1445175572 94
1445175572 94
1445175572 94
1445175572 87
1445175572 94
1445175572 94
1445175572 94
1445175572 94
1445175572 94
1445175572 94
1445175572 94
1445175572 94
1445175572 94
1445175572 94
1445175572 94
1445175572 44
1445175572 47
1445175572 94
1445175572 94
1445175572 20
1445175572 31
1445175572 39
1445175572 45
1445175572 94
1445175572 94
1445175572 94
1445175572 94
1445175572 94
1445175572 94
1445175572 94
1445175572 94
1445175572 94
1445175572 87
1445175572 94
1445175572 94
1445175572 94
1445175572 94
1445175572 94
1445175572 94
1445175572 94
1445175572 94
1445175572 94
1445175572 94
1445175572 94
1445175572 44
1445175572 47
1445175572 94
1445175572 94
1445175572 94
1445175572 31
1445175572 39
1445175572 45
1445175572 94
1445175572 94
1445175572 94
1445175572 94
1445175572 94
1445175572 94
1445175572 94
1445175572 94
1445175572 94
1445175572 87
1445175572 94
1445175572 94
1445175572 94
1445175572 94
1445175572 94
1445175572 94
1445175572 94
1445175572 94
1445175572 94
1445175572 94
1445175572 94
1445175572 44
1445175572 47
1445175572 94
1445175572 94
1445175572 94
1445175572 4
1445175574 8
1445175574 20
1445175574 31
1445175574 39
1445175574 45
1445175574 94
1445175574 94
1445175574 94
1445175574 94
1445175574 94
1445175574 94
1445175574 94
1445175574 94
1445175574 94
1445175574 87
1445175574 94
1445175574 94
1445175574 94
1445175574 94
1445175574 94
1445175574 94
1445175574 94
1445175574 94
1445175574 94
1445175574 94
1445175574 94
1445175574 44
1445175574 47
1445175574 94
1445175574 94
1445175574 94
1445175574 31
1445175574 39
1445175574 45
1445175574 94
1445175574 94
1445175574 94
1445175574 94
1445175574 94
1445175574 94
1445175574 94
1445175574 94
1445175574 94
1445175574 87
1445175574 94
1445175574 94
1445175574 94
1445175574 94
1445175574 94
1445175574 94
1445175574 94
1445175574 94
1445175574 94
1445175574 94
1445175574 94
1445175574 44
1445175574 47
1445175574 94
1445175574 94
1445175574 20
1445175574 31
1445175574 39
1445175574 45
1445175574 94
1445175574 94
1445175574 94
1445175574 94
1445175574 94
1445175574 94
1445175574 94
1445175574 94
1445175574 94
1445175574 87
1445175574 94
1445175574 94
1445175574 94
1445175574 94
1445175574 94
1445175574 94
1445175574 94
1445175574 94
1445175574 94
1445175574 94
1445175574 94
1445175574 44
1445175574 47
1445175574 94
1445175574 94
1445175574 94
1445175574 31
1445175574 39
1445175574 45
1445175574 94
1445175574 94
1445175574 94
1445175574 94
1445175574 94
1445175574 94
1445175574 94
1445175574 94
1445175574 94
1445175574 87
1445175574 94
1445175574 94
1445175574 94
1445175574 94
1445175574 94
1445175574 94
1445175574 94
1445175574 94
1445175574 94
1445175574 94
1445175574 94
1445175574 44
1445175574 47
1445175574 94
1445175574 94
1445175574 94
1445175574 4
1445175576 8
1445175576 36
1445175576 94
1445175576 52
1445175576 76
1445175576 73
1445175576 57
1445175576 94
1445175576 94
1445175576 94
1445175576 94
1445175576 94
1445175576 37
1445175576 94
1445175576 71
1445175576 65
1445175576 68
1445175576 67
1445175576 94
1445175576 94
1445175576 37
1445175576 94
1445175576 94
1445175576 94
1445175576 94
1445175576 94
1445175576 94
1445175576 94
1445175576 94
1445175576 94
1445175576 87
1445175576 94
1445175576 94
1445175576 94
1445175576 94
1445175576 94
1445175576 94
1445175576 94
1445175576 94
1445175576 94
1445175576 94
1445175576 94
1445175576 44
1445175576 47
1445175576 94
1445175576 94
1445175576 18
1445175576 39
1445175576 45
1445175576 94
1445175576 94
1445175576 94
1445175576 94
1445175576 94
1445175576 94
1445175576 94
1445175576 94
1445175576 -1
1445175576 14
1445175581 94
1445175581 94
1445175581 94
1445175581 94
1445175581 94
1445175581 38
1445175581 94
1445175581 78
1445175581 11
1445175581 49
1445175581 43
1445175581 48
1445175581 40
1445175581 46
1445175581 94
1445175581 94
1445175581 94
1445175581 94
1445175581 81
1445175581 81
1445175581 94
1445175581 85
1445175581 91
1445175581 83
1445175581 94
1445175581 94
1445175581 -1
1445175582 34
1445175582 23
1445175582 32
1445175582 24
1445175582 22
1445175583 35
1445175583 27
1445175583 2
1445175585 1
1445175586 1
1445175587 1
1445175588 1
1445175589 1
1445175590 1
1445175591 1
1445175592 1
1445175593 1
1445175594 1
1445175594 94
1445175594 52
1445175594 76
1445175594 73
1445175594 57
1445175594 94
1445175594 94
1445175594 94
1445175594 94
1445175594 94
1445175594 38
1445175594 94
1445175594 78
1445175594 18
1445175594 39
1445175594 45
1445175594 94
1445175594 94
1445175594 94
1445175594 94
1445175594 94
1445175594 94
1445175594 94
1445175594 94
1445175594 -1
1445175594 -1
1445175599 1
1445175600 1
1445175601 1
1445175602 1
1445175603 1
1445175604 1
1445175605 1
1445175606 1
1445175607 1
1445175608 1
1445175608 94
1445175608 52
1445175608 76
1445175608 73
1445175608 57
1445175608 94
1445175608 94
1445175608 94
1445175608 94
1445175608 94
1445175608 38
1445175608 94
1445175608 78
1445175608 18
1445175608 39
1445175608 45
1445175608 94
1445175608 94
1445175608 94
1445175608 94
1445175608 94
1445175608 94
1445175608 94
1445175608 94
1445175608 -1
1445175608 -1
1445175608 12
1445175608 -1
1445175608 104
1445175608 -1
1445175608 -1
1445175608 -1
1445175608 42
1445175608 -1
1445175608 63
1445175608 56
1445175608 51
1445175608 86
1445175608 80
1445175608 92
1445175608 53
1445175608 95
1445175608 104
1445175608 -1
1445175608 -1
1445175608 -1
1445175608 42
1445175608 -1
1445175608 63
1445175608 56
1445175608 51
1445175608 86
1445175608 80
1445175608 92
1445175608 53
1445175608 95
1445175608 104
1445175608 -1
1445175608 -1
1445175608 -1
1445175608 42
1445175608 -1
1445175608 63
1445175608 56
1445175608 51
1445175608 86
1445175608 80
1445175608 92
1445175608 53
1445175608 95
1445175608 104
1445175608 -1
1445175608 -1
1445175608 -1
1445175608 42
1445175608 -1
1445175608 63
1445175608 56
1445175608 51
1445175608 86
1445175608 80
1445175608 92
1445175608 53
1445175608 95
1445175608 55
1445175608 102
1445175608 -1
1445175608 -1
1445175608 -1
1445175608 66
1445175608 94
1445175608 94
1445175608 94
1445175608 95
1445175608 100
1445175608 -1
1445175608 -1
1445175608 -1
1445175608 -1
1445175608 79
1445175608 84
1445175608 84
1445175608 94
1445175608 94
1445175608 94
1445175608 95
1445175608 98
1445175608 102
1445175608 -1
1445175608 -1
1445175608 -1
1445175608 63
1445175608 74
1445175608 41
1445175608 69
1445175608 69
1445175608 80
1445175608 92
1445175608 53
1445175608 95
1445175608 82
1445175608 102
1445175608 -1
1445175608 -1
1445175608 -1
1445175608 63
1445175608 74
1445175608 72
1445175608 64
1445175608 88
1445175608 80
1445175608 92
1445175608 53
1445175608 95
1445175608 62
1445175608 102
1445175608 -1
1445175608 -1
1445175608 -1
1445175608 54
1445175608 77
1445175608 90
1445175608 -1
1445175608 -1
1445175608 -1
1445175608 -1
1445175608 -1
1445175608 58
1445175608 50
1445175608 99
1445175608 -1
1445175608 -1
1445175608 -1
1445175608 -1
1445175608 101
1445175608 -1
1445175608 -1
1445175608 -1
1445175608 -1
1445175608 -1
1445175608 -1
1445175608 -1
1445175608 -1
1445175608 70
1445175608 -1
1445175608 54
1445175608 89
1445175608 89
1445175608 59
1445175608 103
1445175608 -1
1445175608 -1
1445175608 -1
1445175608 61
1445175608 -1
1445175608 54
1445175608 96
1445175608 60
1445175608 -1
1445175608 -1
1445175608 -1
1445175608 -1
1445175608 -1
1445175608 75
1445175608 97
1445175608 94
1445175608 94
1445175608 94
1445175608 94
1445175608 93
1445175608 94
1445175608 94
1445175608 94
1445175608 94
1445175608 94
1445175608 94
1445175608 94
1445175608 94
1445175608 94
1445175608 94
1445175608 94
1445175608 94
1445175608 94
1445175608 -1
1445175608 13
