1445175447 8
1445175447 147
1445175447 16
1445175447 102
1445175447 83
1445175447 8
1445175448 147
1445175450 160
1445175452 82
1445175453 67
1445175457 22
1445175458 102
1445175458 3
1445175458 75
1445175458 25
1445175458 25
1445175458 154
1445175466 102
1445175466 25
1445175466 25
1445175466 102
1445175487 75
1445175487 25
1445175491 102
1445175491 25
1445175491 25
1445175491 102
1445175519 75
1445175519 25
1445175521 102
1445175521 25
1445175521 25
1445175521 102
1445175534 75
1445175534 25
1445175536 102
1445175536 25
1445175536 25
1445175536 102
1445175552 75
1445175552 25
1445175555 102
1445175555 25
1445175555 25
1445175555 102
1445175571 75
1445175571 25
1445175572 102
1445175572 25
1445175572 25
1445175572 102
1445175572 14
1445175572 18
1445175572 11
1445175572 4
1445175572 85
1445175572 85
1445175572 85
1445175572 85
1445175572 85
1445175572 85
1445175572 85
1445175572 85
1445175572 85
1445175572 136
1445175572 85
1445175572 85
1445175572 85
1445175572 85
1445175572 85
1445175572 85
1445175572 85
1445175572 85
1445175572 85
1445175572 85
1445175572 85
1445175572 9
1445175572 137
1445175572 85
1445175572 85
1445175572 85
1445175572 18
1445175572 11
1445175572 4
1445175572 85
1445175572 85
1445175572 85
1445175572 85
1445175572 85
1445175572 85
1445175572 85
1445175572 85
1445175572 85
1445175572 136
1445175572 85
1445175572 85
1445175572 85
1445175572 85
1445175572 85
1445175572 85
1445175572 85
1445175572 85
1445175572 85
1445175572 85
1445175572 85
1445175572 9
1445175572 137
1445175572 85
1445175572 85
1445175572 14
1445175572 18
1445175572 11
1445175572 4
1445175572 85
1445175572 85
1445175572 85
1445175572 85
1445175572 85
1445175572 85
1445175572 85
1445175572 85
1445175572 85
1445175572 136
1445175572 85
1445175572 85
1445175572 85
1445175572 85
1445175572 85
1445175572 85
1445175572 85
1445175572 85
1445175572 85
1445175572 85
1445175572 85
1445175572 9
1445175572 137
1445175572 85
1445175572 85
1445175572 85
1445175572 18
1445175572 11
1445175572 4
1445175572 85
1445175572 85
1445175572 85
1445175572 85
1445175572 85
1445175572 85
1445175572 85
1445175572 85
1445175572 85
1445175572 136
1445175572 85
1445175572 85
1445175572 85
1445175572 85
1445175572 85
1445175572 85
1445175572 85
1445175572 85
1445175572 85
1445175572 85
1445175572 85
1445175572 9
1445175572 137
1445175572 85
1445175572 85
1445175572 85
1445175572 147
1445175574 80
1445175574 14
1445175574 18
1445175574 11
1445175574 4
1445175574 85
1445175574 85
1445175574 85
1445175574 85
1445175574 85
1445175574 85
1445175574 85
1445175574 85
1445175574 85
1445175574 136
1445175574 85
1445175574 85
1445175574 85
1445175574 85
1445175574 85
1445175574 85
1445175574 85
1445175574 85
1445175574 85
1445175574 85
1445175574 85
1445175574 9
1445175574 137
1445175574 85
1445175574 85
1445175574 85
1445175574 18
1445175574 11
1445175574 4
1445175574 85
1445175574 85
1445175574 85
1445175574 85
1445175574 85
1445175574 85
1445175574 85
1445175574 85
1445175574 85
1445175574 136
1445175574 85
1445175574 85
1445175574 85
1445175574 85
1445175574 85
1445175574 85
1445175574 85
1445175574 85
1445175574 85
1445175574 85
1445175574 85
1445175574 9
1445175574 137
1445175574 85
1445175574 85
1445175574 14
1445175574 18
1445175574 11
1445175574 4
1445175574 85
1445175574 85
1445175574 85
1445175574 85
1445175574 85
1445175574 85
1445175574 85
1445175574 85
1445175574 85
1445175574 136
1445175574 85
1445175574 85
1445175574 85
1445175574 85
1445175574 85
1445175574 85
1445175574 85
1445175574 85
1445175574 85
1445175574 85
1445175574 85
1445175574 9
1445175574 137
1445175574 85
1445175574 85
1445175574 85
1445175574 18
1445175574 11
1445175574 4
1445175574 85
1445175574 85
1445175574 85
1445175574 85
1445175574 85
1445175574 85
1445175574 85
1445175574 85
1445175574 85
1445175574 136
1445175574 85
1445175574 85
1445175574 85
1445175574 85
1445175574 85
1445175574 85
1445175574 85
1445175574 85
1445175574 85
1445175574 85
1445175574 85
1445175574 9
1445175574 137
1445175574 85
1445175574 85
1445175574 85
1445175574 147
1445175576 80
1445175576 97
1445175576 85
1445175576 71
1445175576 148
1445175576 62
1445175576 62
1445175576 85
1445175576 85
1445175576 85
1445175576 85
1445175576 85
1445175576 12
1445175576 85
1445175576 71
1445175576 148
1445175576 62
1445175576 127
1445175576 85
1445175576 85
1445175576 12
1445175576 85
1445175576 85
1445175576 85
1445175576 85
1445175576 85
1445175576 85
1445175576 85
1445175576 85
1445175576 85
1445175576 136
1445175576 85
1445175576 85
1445175576 85
1445175576 85
1445175576 85
1445175576 85
1445175576 85
1445175576 85
1445175576 85
1445175576 85
1445175576 85
1445175576 9
1445175576 137
1445175576 85
1445175576 85
1445175576 18
1445175576 11
1445175576 4
1445175576 85
1445175576 85
1445175576 85
1445175576 85
1445175576 85
1445175576 85
1445175576 85
1445175576 85
1445175576 170
1445175576 67
1445175581 85
1445175581 85
1445175581 85
1445175581 85
1445175581 85
1445175581 12
1445175581 85
1445175581 31
1445175581 36
1445175581 164
1445175581 106
1445175581 4
1445175581 106
1445175581 106
1445175581 85
1445175581 85
1445175581 85
1445175581 85
1445175581 51
1445175581 51
1445175581 85
1445175581 51
1445175581 136
1445175581 51
1445175581 85
1445175581 85
1445175581 170
1445175582 75
1445175582 25
1445175582 102
1445175582 25
1445175582 25
1445175583 75
1445175583 102
1445175583 160
1445175585 82
1445175586 82
1445175587 82
1445175588 82
1445175589 82
1445175590 82
1445175591 82
1445175592 82
1445175593 82
1445175594 82
1445175594 85
1445175594 71
1445175594 148
1445175594 62
1445175594 62
1445175594 85
1445175594 85
1445175594 85
1445175594 85
1445175594 85
1445175594 12
1445175594 85
1445175594 31
1445175594 18
1445175594 11
1445175594 4
1445175594 85
1445175594 85
1445175594 85
1445175594 85
1445175594 85
1445175594 85
1445175594 85
1445175594 85
1445175594 170
1445175594 170
1445175599 82
1445175600 82
1445175601 82
1445175602 82
1445175603 82
1445175604 82
1445175605 82
1445175606 82
1445175607 82
1445175608 82
1445175608 85
1445175608 71
1445175608 148
1445175608 62
1445175608 62
1445175608 85
1445175608 85
1445175608 85
1445175608 85
1445175608 85
1445175608 12
1445175608 85
1445175608 31
1445175608 18
1445175608 11
1445175608 4
1445175608 85
1445175608 85
1445175608 85
1445175608 85
1445175608 85
1445175608 85
1445175608 85
1445175608 85
1445175608 170
1445175608 170
1445175608 134
1445175608 170
1445175608 46
1445175608 170
1445175608 170
1445175608 170
1445175608 161
1445175608 170
1445175608 87
1445175608 10
1445175608 163
1445175608 92
1445175608 74
1445175608 74
1445175608 47
1445175608 31
1445175608 46
1445175608 170
1445175608 170
1445175608 170
1445175608 161
1445175608 170
1445175608 87
1445175608 10
1445175608 163
1445175608 92
1445175608 74
1445175608 74
1445175608 47
1445175608 31
1445175608 46
1445175608 170
1445175608 170
1445175608 170
1445175608 161
1445175608 170
1445175608 87
1445175608 10
1445175608 163
1445175608 92
1445175608 74
1445175608 74
1445175608 47
1445175608 31
1445175608 46
1445175608 170
1445175608 170
1445175608 170
1445175608 161
1445175608 170
1445175608 87
1445175608 10
1445175608 163
1445175608 92
1445175608 74
1445175608 74
1445175608 47
1445175608 31
1445175608 126
1445175608 40
1445175608 170
1445175608 170
1445175608 170
1445175608 68
1445175608 85
1445175608 85
1445175608 85
1445175608 31
1445175608 46
1445175608 170
1445175608 170
1445175608 170
1445175608 170
1445175608 146
1445175608 0
1445175608 0
1445175608 85
1445175608 85
1445175608 85
1445175608 31
1445175608 54
1445175608 40
1445175608 170
1445175608 170
1445175608 170
1445175608 87
1445175608 10
1445175608 163
1445175608 163
1445175608 163
1445175608 74
1445175608 74
1445175608 47
1445175608 31
1445175608 63
1445175608 40
1445175608 170
1445175608 170
1445175608 170
1445175608 87
1445175608 10
1445175608 92
1445175608 92
1445175608 74
1445175608 74
1445175608 74
1445175608 47
1445175608 31
1445175608 140
1445175608 40
1445175608 170
1445175608 170
1445175608 170
1445175608 107
1445175608 135
1445175608 112
1445175608 170
1445175608 170
1445175608 170
1445175608 170
1445175608 170
1445175608 159
1445175608 157
1445175608 24
1445175608 170
1445175608 170
1445175608 170
1445175608 170
1445175608 108
1445175608 170
1445175608 170
1445175608 170
1445175608 170
1445175608 170
1445175608 170
1445175608 170
1445175608 170
1445175608 28
1445175608 170
1445175608 107
1445175608 57
1445175608 57
1445175608 57
1445175608 56
1445175608 170
1445175608 170
1445175608 170
1445175608 28
1445175608 170
1445175608 107
1445175608 69
1445175608 57
1445175608 170
1445175608 170
1445175608 170
1445175608 170
1445175608 170
1445175608 26
1445175608 143
1445175608 85
1445175608 85
1445175608 85
1445175608 85
1445175608 150
1445175608 85
1445175608 85
1445175608 85
1445175608 85
1445175608 85
1445175608 85
1445175608 85
1445175608 85
1445175608 85
1445175608 85
1445175608 85
1445175608 85
1445175608 85
1445175608 170
1445175608 3
