1445175191 23
1445175191 13
1445175191 19
1445175191 25
1445175191 6
1445175192 5
1445175192 2
1445175193 4
1445175194 7
1445175194 11
1445175194 8
1445175194 29
1445175194 12
1445175194 21
1445175194 27
1445175194 24
1445175194 9
1445175197 22
1445175197 18
1445175197 20
1445175197 29
1445175206 31
1445175206 15
1445175207 22
1445175207 18
1445175207 20
1445175207 29
1445175215 31
1445175215 15
1445175215 22
1445175215 18
1445175215 20
1445175215 29
1445175223 31
1445175224 15
1445175225 22
1445175225 18
1445175225 20
1445175225 29
1445175232 31
1445175233 15
1445175233 22
1445175233 18
1445175233 20
1445175233 29
1445175241 31
1445175241 15
1445175242 22
1445175242 18
1445175242 20
1445175242 29
1445175243 14
1445175250 31
1445175250 15
1445175250 22
1445175250 18
1445175250 20
1445175250 30
1445175250 26
1445175250 1
1445175277 3
1445175277 28
1445175277 17
1445175277 16
1445175277 10
