1445163655 19
1445163655 10
1445163655 11
1445163655 15
1445163655 4
1445163656 3
1445163657 1
1445163660 2
1445163662 5
1445163663 7
1445163672 6
1445163672 22
1445163672 9
1445163672 17
1445163672 20
1445163672 18
1445163672 8
1445163695 16
1445163695 14
1445163695 13
1445163695 22
1445163736 21
1445163736 12
1445163742 16
1445163742 14
1445163742 13
1445163742 22
1445163787 21
1445163787 12
1445163794 16
1445163794 14
1445163794 13
1445163794 22
1445163827 21
1445163827 12
1445163832 16
1445163832 14
1445163832 13
1445163832 22
