1445163655 8
1445163655 147
1445163655 16
1445163655 102
1445163655 83
1445163656 8
1445163657 147
1445163660 160
1445163662 82
1445163663 67
1445163672 22
1445163672 102
1445163672 3
1445163672 75
1445163672 25
1445163672 25
1445163672 154
1445163695 102
1445163695 25
1445163695 25
1445163695 102
1445163736 75
1445163736 25
1445163742 102
1445163742 25
1445163742 25
1445163742 102
1445163787 75
1445163787 25
1445163794 102
1445163794 25
1445163794 25
1445163794 102
1445163827 75
1445163827 25
1445163832 102
1445163832 25
1445163832 25
1445163832 102
