1445071666 20
1445071666 12
1445071666 15
1445071666 22
1445071666 6
1445071667 4
1445071667 2
1445071668 3
1445071669 7
1445071669 13
1445071669 8
1445071669 26
1445071669 11
1445071669 21
1445071669 24
1445071669 25
1445071669 9
1445071673 23
1445071673 17
1445071673 14
1445071673 26
1445071684 28
1445071684 16
1445071687 23
1445071687 17
1445071687 14
1445071687 26
1445071697 28
1445071697 16
1445071699 23
1445071699 17
1445071699 14
1445071699 26
1445071709 28
1445071709 16
1445071711 23
1445071711 17
1445071711 14
1445071711 26
1445071723 28
1445071723 16
1445071726 23
1445071726 17
1445071726 14
1445071726 26
1445071735 28
1445071735 16
1445071737 23
1445071737 17
1445071737 14
1445071737 26
1445071747 28
1445071747 16
1445071750 23
1445071750 17
1445071750 14
1445071750 26
1445071759 28
1445071759 16
1445071761 10
1445071761 23
1445071761 17
1445071761 14
1445071768 27
1445071768 18
1445071768 1
1445071801 5
1445071801 19
