1445071666 8
1445071666 147
1445071666 16
1445071666 102
1445071666 83
1445071667 8
1445071667 147
1445071668 160
1445071669 82
1445071669 67
1445071669 22
1445071669 102
1445071669 3
1445071669 75
1445071669 25
1445071669 25
1445071669 154
1445071673 102
1445071673 25
1445071673 25
1445071673 102
1445071684 75
1445071684 25
1445071687 102
1445071687 25
1445071687 25
1445071687 102
1445071697 75
1445071697 25
1445071699 102
1445071699 25
1445071699 25
1445071699 102
1445071709 75
1445071709 25
1445071711 102
1445071711 25
1445071711 25
1445071711 102
1445071723 75
1445071723 25
1445071726 102
1445071726 25
1445071726 25
1445071726 102
1445071735 75
1445071735 25
1445071737 102
1445071737 25
1445071737 25
1445071737 102
1445071747 75
1445071747 25
1445071750 102
1445071750 25
1445071750 25
1445071750 102
1445071759 75
1445071759 25
1445071761 67
1445071761 102
1445071761 25
1445071761 25
1445071768 75
1445071768 102
1445071768 160
1445071801 129
1445071801 3
