1445071666 8
1445071666 147
1445071666 16
1445071666 102
1445071666 83
1445071666 8
1445071666 147
1445071667 160
1445071667 82
1445071667 67
1445071667 22
1445071667 102
1445071667 3
1445071667 75
1445071667 25
1445071667 25
1445071667 154
1445071671 102
1445071671 25
1445071671 25
1445071671 102
1445071680 75
1445071680 25
1445071683 102
1445071683 25
1445071683 25
1445071683 102
1445071692 75
1445071692 25
1445071694 102
1445071694 25
1445071694 25
1445071694 102
1445071705 75
1445071705 25
1445071707 102
1445071707 25
1445071707 25
1445071707 102
1445071717 75
1445071717 25
1445071720 102
1445071720 25
1445071720 25
1445071720 102
1445071730 75
1445071730 25
1445071732 102
1445071732 25
1445071732 25
1445071732 102
1445071740 75
1445071740 25
1445071742 102
1445071742 25
1445071742 25
1445071742 102
1445071750 75
1445071750 25
1445071751 67
1445071751 102
1445071751 25
1445071751 25
1445071758 75
1445071758 102
1445071758 160
1445071789 129
1445071789 3
1445071789 16
1445071789 16
1445071789 111
