1445093097 19
1445093097 13
1445093097 16
1445093097 24
1445093097 6
1445093097 3
1445093098 2
1445093099 5
1445093099 7
1445093099 9
1445093100 8
1445093100 28
1445093100 12
1445093100 20
1445093100 18
1445093100 23
1445093100 11
1445093103 22
1445093103 17
1445093103 15
1445093103 28
1445093116 26
1445093117 14
1445093118 22
1445093118 17
1445093118 15
1445093118 28
1445093128 26
1445093128 14
1445093129 22
1445093129 17
1445093129 15
1445093129 28
1445093140 26
1445093140 14
1445093141 22
1445093141 17
1445093141 15
1445093141 28
1445093152 26
1445093152 14
1445093152 22
1445093152 17
1445093152 15
1445093152 28
1445093161 26
1445093161 14
1445093162 22
1445093162 17
1445093162 15
1445093162 28
1445093162 10
1445093169 26
1445093169 14
1445093169 22
1445093169 17
1445093169 15
1445093170 27
1445093170 21
1445093170 1
1445093213 4
1445093214 25
