1445093097 8
1445093097 147
1445093097 16
1445093097 102
1445093097 83
1445093097 8
1445093098 147
1445093099 160
1445093099 82
1445093099 67
1445093100 22
1445093100 102
1445093100 3
1445093100 75
1445093100 25
1445093100 25
1445093100 154
1445093103 102
1445093103 25
1445093103 25
1445093103 102
1445093116 75
1445093117 25
1445093118 102
1445093118 25
1445093118 25
1445093118 102
1445093128 75
1445093128 25
1445093129 102
1445093129 25
1445093129 25
1445093129 102
1445093140 75
1445093140 25
1445093141 102
1445093141 25
1445093141 25
1445093141 102
1445093152 75
1445093152 25
1445093152 102
1445093152 25
1445093152 25
1445093152 102
1445093161 75
1445093161 25
1445093162 102
1445093162 25
1445093162 25
1445093162 102
1445093162 67
1445093169 75
1445093169 25
1445093169 102
1445093169 25
1445093169 25
1445093170 75
1445093170 102
1445093170 160
1445093213 129
1445093214 3
