1445163641 8
1445163642 147
1445163642 16
1445163642 102
1445163642 83
1445163642 8
1445163642 147
1445163643 160
1445163644 82
1445163644 67
1445163644 22
1445163644 102
1445163644 3
1445163644 75
1445163644 25
1445163644 25
1445163644 154
1445163648 102
1445163648 25
1445163648 25
1445163648 102
1445163660 75
1445163660 25
1445163663 102
1445163663 25
1445163663 25
1445163663 102
1445163673 75
1445163673 25
1445163675 102
1445163675 25
1445163675 25
1445163675 102
1445163685 75
1445163685 25
1445163686 102
1445163686 25
1445163686 25
1445163686 102
1445163696 75
1445163696 25
1445163697 102
1445163697 25
1445163697 25
1445163697 102
1445163707 75
1445163707 25
1445163710 102
1445163710 25
1445163710 25
1445163710 102
1445163719 75
1445163719 25
1445163721 102
1445163721 25
1445163721 25
1445163721 102
1445163731 75
1445163731 25
1445163732 67
1445163732 102
1445163732 25
1445163732 25
1445163740 75
1445163741 102
1445163741 160
1445163770 129
1445163770 3
