1445073327 21
1445073327 9
1445073327 15
1445073327 20
1445073327 6
1445073327 5
1445073328 2
1445073328 4
1445073329 7
1445073329 10
1445073330 8
1445073330 27
1445073330 12
1445073330 24
1445073330 22
1445073330 18
1445073330 11
1445073334 19
1445073334 16
1445073334 17
1445073334 27
1445073344 26
1445073344 14
1445073347 19
1445073347 16
1445073347 17
1445073347 27
1445073358 26
1445073358 14
1445073360 19
1445073360 16
1445073360 17
1445073360 27
1445073370 26
1445073370 14
1445073372 19
1445073372 16
1445073372 17
1445073372 27
1445073382 26
1445073382 14
1445073384 19
1445073384 16
1445073384 17
1445073384 27
1445073393 26
1445073393 14
1445073395 19
1445073395 16
1445073395 17
1445073395 27
1445073405 26
1445073405 14
1445073407 19
1445073407 16
1445073407 17
1445073407 27
1445073417 26
1445073417 14
1445073418 13
1445073418 19
1445073418 16
1445073418 17
1445073428 28
1445073428 23
1445073428 1
1445073453 3
1445073453 25
