1445067476 32
1445067476 32
1445067476 32
1445067477 32
1445067477 32
1445067477 32
1445067477 32
1445067477 32
1445067477 32
1445067477 32
1445067477 32
1445067477 32
1445067477 32
1445067477 32
1445067477 32
1445067477 32
1445067478 32
1445067478 32
1445067478 32
1445067478 32
1445067478 32
1445067478 32
1445067478 32
1445067478 32
1445067478 32
1445067478 32
1445067478 32
1445067478 32
1445067478 32
1445067478 32
1445067478 32
1445067478 32
1445067478 32
1445067478 32
1445067478 10
1445067478 32
1445067478 32
1445067478 32
1445067478 32
1445067478 32
1445067478 32
1445067478 32
1445067478 31
1445067478 2
1445067478 22
1445067478 32
1445067479 32
1445067479 32
1445067479 32
1445067479 32
1445067479 32
1445067479 32
1445067479 32
1445067479 32
1445067479 32
1445067479 32
1445067479 32
1445067479 32
1445067479 32
1445067479 32
1445067479 32
1445067479 32
1445067479 32
1445067479 32
1445067479 32
1445067479 32
1445067479 32
1445067479 32
1445067479 32
1445067479 32
1445067479 32
1445067479 32
1445067479 32
1445067479 32
1445067479 32
1445067479 32
1445067479 32
1445067479 32
1445067479 32
1445067479 32
1445067479 32
1445067479 32
1445067479 32
1445067479 32
1445067479 32
1445067479 32
1445067479 32
1445067479 32
1445067479 32
1445067479 32
1445067479 32
1445067479 32
1445067479 32
1445067479 32
1445067479 32
1445067479 32
1445067479 32
1445067479 32
1445067479 32
1445067479 32
1445067479 32
1445067479 32
1445067479 32
1445067479 32
1445067479 32
1445067479 32
1445067479 32
1445067479 32
1445067480 32
1445067480 32
1445067480 32
1445067480 32
1445067481 32
1445067481 32
1445067481 32
1445067481 32
1445067481 32
1445067481 32
1445067481 32
1445067481 32
1445067481 32
1445067481 32
1445067481 32
1445067481 32
1445067481 32
1445067481 32
1445067481 32
1445067481 32
1445067481 32
1445067481 32
1445067481 32
1445067481 32
1445067481 32
1445067481 32
1445067481 32
1445067481 32
1445067481 32
1445067481 32
1445067481 32
1445067481 32
1445067481 32
1445067481 32
1445067481 32
1445067481 32
1445067481 32
1445067481 32
1445067481 32
1445067481 32
1445067481 32
1445067481 32
1445067481 32
1445067481 32
1445067481 32
1445067481 32
1445067481 32
1445067481 32
1445067481 32
1445067481 32
1445067481 32
1445067481 32
1445067481 32
1445067481 32
1445067481 32
1445067481 32
1445067481 32
1445067481 32
1445067481 32
1445067481 32
1445067481 32
1445067481 32
1445067481 32
1445067481 32
1445067481 32
1445067481 32
1445067481 32
1445067481 32
1445067481 32
1445067481 32
1445067481 32
1445067481 32
1445067481 32
1445067482 32
1445067482 32
1445067482 32
1445067482 32
1445067482 32
1445067482 32
1445067482 32
1445067482 32
1445067482 32
1445067482 32
1445067482 32
1445067482 32
1445067482 32
1445067482 32
1445067482 32
1445067482 32
1445067482 32
1445067482 32
1445067482 32
1445067482 32
1445067482 32
1445067482 32
1445067482 32
1445067482 32
1445067482 32
1445067482 32
1445067482 32
1445067482 32
1445067482 32
1445067482 32
1445067482 32
1445067482 32
1445067482 32
1445067482 32
1445067482 32
1445067482 32
1445067482 32
1445067482 32
1445067482 32
1445067482 32
1445067482 32
1445067482 32
1445067482 32
1445067482 32
1445067482 32
1445067482 32
1445067482 32
1445067482 32
1445067482 32
1445067482 32
1445067482 32
1445067484 32
1445067484 32
1445067484 32
1445067484 32
1445067484 32
1445067484 32
1445067484 32
1445067484 32
1445067484 32
1445067485 32
1445067485 32
1445067485 32
1445067485 32
1445067485 32
1445067485 32
1445067485 32
1445067485 32
1445067485 32
1445067485 32
1445067485 32
1445067486 32
1445067486 32
1445067486 32
1445067486 32
1445067486 32
1445067486 32
1445067486 32
1445067486 32
1445067486 32
1445067486 32
1445067486 32
1445067486 32
1445067486 32
1445067486 32
1445067487 32
1445067487 32
1445067488 32
1445067488 32
1445067489 32
1445067489 32
1445067490 32
1445067490 32
1445067491 32
1445067491 32
1445067491 32
1445067492 32
1445067492 32
1445067493 32
1445067493 32
1445067493 32
1445067493 32
1445067493 32
1445067493 32
1445067494 32
1445067494 32
1445067494 32
1445067494 32
1445067494 32
1445067494 32
1445067494 32
1445067494 32
1445067495 32
1445067495 32
1445067496 32
1445067496 32
1445067496 32
1445067496 32
1445067497 32
1445067497 32
1445067497 32
1445067497 32
1445067497 32
1445067497 32
1445067497 32
1445067497 32
1445067499 32
1445067499 32
1445067499 32
1445067499 32
1445067500 32
1445067500 32
1445067500 32
1445067500 32
1445067500 32
1445067500 32
1445067502 32
1445067502 32
1445067502 32
1445067502 32
1445067502 32
1445067502 32
1445067503 32
1445067503 32
1445067503 32
1445067503 32
1445067503 32
1445067503 32
1445067505 32
1445067505 32
1445067505 32
1445067505 32
1445067506 32
1445067506 32
1445067506 32
1445067506 32
1445067506 32
1445067506 32
1445067508 32
1445067508 32
1445067508 32
1445067508 32
1445067509 32
1445067509 32
1445067509 32
1445067509 32
1445067509 32
1445067509 32
1445067511 32
1445067511 32
1445067511 32
1445067511 32
1445067512 32
1445067512 32
1445067512 32
1445067512 32
1445067512 32
1445067512 32
1445067514 32
1445067514 32
1445067514 32
1445067514 32
1445067515 32
1445067515 32
1445067515 32
1445067515 32
1445067515 32
1445067515 32
1445067517 32
1445067517 32
1445067517 32
1445067517 32
1445067518 32
1445067518 32
1445067518 32
1445067518 32
1445067518 32
1445067518 32
1445067520 32
1445067520 32
1445067520 32
1445067520 32
1445067521 32
1445067521 32
1445067521 32
1445067521 32
1445067521 32
1445067521 32
1445067523 32
1445067523 32
1445067523 32
1445067523 32
1445067524 32
1445067524 32
1445067524 32
1445067524 32
1445067524 32
1445067524 32
1445067526 32
1445067526 32
1445067526 32
1445067526 32
1445067527 32
1445067527 32
1445067527 32
1445067527 32
1445067527 32
1445067527 32
1445067529 32
1445067529 32
1445067529 32
1445067529 32
1445067530 32
1445067530 32
1445067530 32
1445067530 32
1445067530 32
1445067530 32
1445067532 32
1445067532 32
1445067532 32
1445067532 32
1445067533 32
1445067533 32
1445067533 32
1445067534 32
1445067534 32
1445067534 32
1445067535 32
1445067535 32
1445067535 32
1445067536 32
1445067536 32
1445067536 32
1445067536 32
1445067537 32
1445067537 32
1445067537 32
1445067538 32
1445067538 32
1445067539 32
1445067539 32
1445067539 32
1445067539 32
1445067539 32
1445067540 32
1445067540 32
1445067540 32
1445067541 32
1445067541 32
1445067542 32
1445067542 32
1445067542 32
1445067542 32
1445067542 32
1445067543 32
1445067543 32
1445067543 32
1445067544 32
1445067544 32
1445067544 32
1445067545 32
1445067545 32
1445067545 32
1445067545 32
1445067545 32
1445067546 32
1445067546 32
1445067546 32
1445067547 32
1445067547 32
1445067548 32
1445067548 32
1445067548 32
1445067548 32
1445067548 32
1445067549 32
1445067549 32
1445067549 32
1445067550 32
1445067550 32
1445067551 32
1445067551 32
1445067551 32
1445067551 32
1445067551 32
1445067552 32
1445067552 32
1445067552 32
1445067553 32
1445067553 32
1445067554 32
1445067554 32
1445067554 32
1445067554 32
1445067554 32
1445067555 32
1445067555 32
1445067555 32
1445067556 32
1445067556 32
1445067557 32
1445067557 32
1445067557 32
1445067557 32
1445067558 32
1445067558 32
1445067558 32
1445067558 32
1445067559 32
1445067559 32
1445067560 32
1445067560 32
1445067561 32
1445067561 32
1445067561 32
1445067561 32
1445067561 32
1445067561 32
1445067562 32
1445067562 32
1445067563 32
1445067563 32
1445067564 32
1445067564 32
1445067564 32
1445067564 32
1445067564 32
1445067564 32
1445067564 32
1445067564 32
1445067564 32
1445067564 32
1445067564 32
1445067564 32
1445067564 32
1445067564 32
1445067564 32
1445067564 32
1445067564 32
1445067564 32
1445067564 32
1445067564 32
1445067564 32
1445067564 32
1445067564 32
1445067564 32
1445067564 32
1445067564 32
1445067564 32
1445067564 32
1445067564 32
1445067565 32
1445067565 32
1445067565 32
1445067565 32
1445067565 26
1445067565 23
1445067565 -1
1445067565 32
1445067565 32
1445067565 32
1445067565 32
1445067565 32
1445067565 32
1445067565 32
1445067565 32
1445067565 32
1445067565 32
1445067565 32
1445067565 32
1445067566 32
1445067566 32
1445067566 32
1445067567 32
1445067567 32
1445067567 32
1445067567 32
1445067567 32
1445067567 32
1445067568 32
1445067568 32
1445067568 32
1445067568 32
1445067569 32
1445067569 32
1445067570 32
1445067570 32
1445067570 32
1445067570 32
1445067570 32
1445067570 32
1445067572 32
1445067572 32
1445067572 32
1445067573 32
1445067573 32
1445067573 32
1445067573 32
1445067573 32
1445067573 32
1445067575 32
1445067575 32
1445067575 32
1445067576 32
1445067576 32
1445067576 32
1445067576 32
1445067576 32
1445067576 32
1445067576 32
1445067578 32
1445067578 32
1445067578 32
1445067579 32
1445067579 32
1445067579 32
1445067579 32
1445067579 32
1445067579 32
1445067579 32
1445067579 32
1445067579 32
1445067579 32
1445067579 32
1445067579 32
1445067579 32
1445067579 32
1445067579 32
1445067581 32
1445067581 32
1445067581 32
1445067582 32
1445067582 32
1445067582 32
1445067582 32
1445067582 32
1445067582 32
1445067582 32
1445067584 32
1445067584 32
1445067584 32
1445067585 32
1445067585 32
1445067585 32
1445067585 32
1445067585 32
1445067585 32
1445067585 32
1445067587 32
1445067587 32
1445067587 32
1445067588 32
1445067588 32
1445067588 32
1445067588 32
1445067588 32
1445067588 32
1445067588 32
1445067590 32
1445067590 32
1445067590 32
1445067591 32
1445067591 32
1445067591 32
1445067591 32
1445067591 32
1445067591 32
1445067591 32
1445067591 32
1445067593 32
1445067593 32
1445067593 32
1445067594 32
1445067594 32
1445067594 32
1445067594 32
1445067594 32
1445067594 32
1445067594 32
1445067596 32
1445067596 32
1445067596 32
1445067596 32
1445067597 32
1445067597 32
1445067597 32
1445067597 32
1445067597 32
1445067597 32
1445067597 32
1445067598 32
1445067599 32
1445067599 32
1445067599 32
1445067600 32
1445067600 32
1445067600 32
1445067600 32
1445067600 32
1445067600 32
1445067600 32
1445067602 32
1445067602 32
1445067602 32
1445067603 32
1445067603 32
1445067603 32
1445067603 32
1445067603 32
1445067603 32
1445067603 32
1445067605 32
1445067605 32
1445067605 32
1445067605 32
1445067606 32
1445067606 32
1445067606 32
1445067606 32
1445067606 32
1445067606 32
1445067606 32
1445067606 32
1445067606 32
1445067608 32
1445067608 32
1445067608 32
1445067609 32
1445067609 32
1445067609 32
1445067609 32
1445067609 32
1445067609 32
1445067609 32
1445067611 32
1445067611 32
1445067611 32
1445067612 32
1445067612 32
1445067612 32
1445067612 32
1445067612 32
1445067612 32
1445067612 32
1445067613 32
1445067614 32
1445067614 32
1445067614 32
1445067615 32
1445067615 32
1445067615 32
1445067615 32
1445067615 32
1445067615 32
1445067615 32
1445067617 32
1445067617 32
1445067617 32
1445067618 32
1445067618 32
1445067618 32
1445067618 32
1445067618 32
1445067618 32
1445067618 32
1445067620 32
1445067620 32
1445067620 32
1445067621 32
1445067621 32
1445067621 32
1445067621 32
1445067621 32
1445067621 32
1445067621 32
1445067623 32
1445067623 32
1445067623 32
1445067624 32
1445067624 32
1445067624 32
1445067624 32
1445067624 32
1445067624 32
1445067624 32
1445067626 32
1445067626 32
1445067626 32
1445067627 32
1445067627 32
1445067627 32
1445067627 32
1445067627 32
1445067627 32
1445067627 32
1445067628 32
1445067628 32
1445067628 32
1445067628 32
1445067628 32
1445067628 32
1445067628 32
1445067628 32
1445067628 32
1445067628 32
1445067628 32
1445067629 32
1445067629 32
1445067629 32
1445067629 32
1445067629 32
1445067629 32
1445067629 26
1445067629 23
1445067629 -1
1445067629 32
1445067629 32
1445067629 32
1445067629 32
1445067629 32
1445067629 32
1445067629 32
1445067629 32
1445067629 32
1445067629 32
1445067629 32
1445067629 32
1445067629 32
1445067630 32
1445067630 32
1445067630 32
1445067630 32
1445067630 32
1445067630 32
1445067630 32
1445067631 32
1445067631 32
1445067631 32
1445067632 32
1445067632 32
1445067632 32
1445067632 32
1445067632 32
1445067632 32
1445067632 32
1445067632 32
1445067632 32
1445067632 32
1445067632 32
1445067632 32
1445067632 32
1445067632 32
1445067632 32
1445067633 32
1445067633 32
1445067633 32
1445067633 32
1445067633 32
1445067633 32
1445067633 32
1445067633 32
1445067633 32
1445067633 26
1445067633 23
1445067633 -1
1445067633 32
1445067633 32
1445067633 32
1445067633 32
1445067633 32
1445067633 32
1445067633 32
1445067633 32
1445067633 32
1445067633 32
1445067633 32
1445067634 32
1445067634 32
1445067634 32
1445067634 32
1445067634 32
1445067634 32
1445067634 32
1445067634 32
1445067634 32
1445067634 32
1445067634 32
1445067634 32
1445067634 32
1445067635 32
1445067635 32
1445067635 32
1445067635 32
1445067635 32
1445067635 32
1445067635 32
1445067635 26
1445067635 23
1445067635 -1
1445067636 32
1445067636 32
1445067636 32
1445067636 32
1445067636 32
1445067637 32
1445067638 32
1445067638 32
1445067638 32
1445067638 32
1445067638 32
1445067638 32
1445067638 32
1445067638 32
1445067639 32
1445067639 32
1445067639 32
1445067639 32
1445067639 32
1445067640 32
1445067641 32
1445067641 32
1445067641 32
1445067641 32
1445067642 32
1445067642 32
1445067642 32
1445067642 32
1445067642 32
1445067642 32
1445067643 32
1445067644 32
1445067644 32
1445067644 32
1445067644 32
1445067645 32
1445067645 32
1445067645 32
1445067645 32
1445067645 32
1445067645 32
1445067645 7
1445067645 9
1445067645 17
1445067645 1
1445067646 32
1445067646 32
1445067647 32
1445067647 32
1445067647 32
1445067647 32
1445067648 32
1445067648 32
1445067648 32
1445067648 32
1445067648 32
1445067648 32
1445067649 32
1445067649 32
1445067650 32
1445067650 32
1445067650 32
1445067650 32
1445067650 32
1445067650 32
1445067650 32
1445067650 32
1445067650 32
1445067650 32
1445067650 32
1445067650 32
1445067650 32
1445067650 32
1445067650 32
1445067650 32
1445067650 32
1445067650 32
1445067650 32
1445067650 32
1445067650 32
1445067650 32
1445067650 32
1445067650 32
1445067650 32
1445067650 32
1445067650 32
1445067650 32
1445067650 32
1445067650 32
1445067650 32
1445067650 32
1445067650 32
1445067650 32
1445067650 32
1445067650 32
1445067650 32
1445067650 32
1445067650 32
1445067650 26
1445067650 23
1445067650 -1
1445067650 32
1445067650 32
1445067650 26
1445067650 23
1445067650 -1
1445067651 32
1445067651 32
1445067651 32
1445067651 32
1445067651 32
1445067651 32
1445067651 26
1445067651 23
1445067651 -1
1445067652 32
1445067652 32
1445067652 32
1445067652 32
1445067652 32
1445067652 32
1445067652 32
1445067652 32
1445067652 32
1445067652 32
1445067652 32
1445067652 32
1445067652 32
1445067653 32
1445067653 32
1445067653 32
1445067653 32
1445067653 32
1445067653 32
1445067653 26
1445067653 23
1445067653 -1
1445067654 32
1445067654 32
1445067654 32
1445067655 32
1445067655 32
1445067656 32
1445067656 32
1445067656 32
1445067657 32
1445067657 32
1445067657 32
1445067658 32
1445067658 32
1445067659 32
1445067659 32
1445067659 32
1445067660 32
1445067660 32
1445067660 32
1445067661 32
1445067661 32
1445067662 32
1445067662 32
1445067662 32
1445067663 32
1445067663 32
1445067663 32
1445067664 32
1445067664 32
1445067665 32
1445067665 32
1445067665 32
1445067666 32
1445067666 32
1445067666 32
1445067667 32
1445067667 32
1445067668 32
1445067668 32
1445067668 32
1445067669 32
1445067669 32
1445067669 32
1445067670 32
1445067670 32
1445067671 32
1445067671 32
1445067671 32
1445067672 32
1445067672 32
1445067672 32
1445067672 32
1445067672 32
1445067672 32
1445067672 32
1445067672 32
1445067672 32
1445067672 32
1445067672 32
1445067672 32
1445067672 32
1445067672 32
1445067672 32
1445067672 32
1445067672 32
1445067672 32
1445067672 3
1445067672 32
1445067672 32
1445067672 32
1445067672 8
1445067672 25
1445067672 29
1445067672 21
1445067672 24
1445067672 27
1445067672 19
1445067672 18
1445067672 15
1445067672 14
1445067672 16
1445067672 12
1445067672 32
1445067672 32
1445067673 32
1445067673 32
1445067673 32
1445067673 32
1445067673 26
1445067673 23
1445067673 -1
1445067673 32
1445067673 32
1445067673 26
1445067673 23
1445067673 -1
1445067674 32
1445067674 32
1445067675 32
1445067675 32
1445067675 32
1445067676 32
1445067677 32
1445067677 32
1445067678 32
1445067678 32
1445067678 32
1445067679 32
1445067680 32
1445067680 32
1445067681 32
1445067681 32
1445067681 32
1445067682 32
1445067683 32
1445067683 32
1445067684 32
1445067684 32
1445067684 32
1445067685 32
1445067685 32
1445067685 32
1445067685 32
1445067685 32
1445067685 32
1445067685 32
1445067685 32
1445067685 32
1445067685 32
1445067685 32
1445067685 32
1445067685 32
1445067685 32
1445067685 32
1445067685 32
1445067685 32
1445067685 32
1445067685 3
1445067685 32
1445067685 32
1445067685 8
1445067685 25
1445067685 29
1445067685 21
1445067685 24
1445067685 27
1445067685 19
1445067685 18
1445067685 15
1445067685 14
1445067685 16
1445067685 12
1445067685 32
1445067686 32
1445067686 32
1445067686 32
1445067686 32
1445067686 26
1445067686 23
1445067686 -1
1445067686 32
1445067686 32
1445067686 26
1445067686 23
1445067686 -1
1445067687 32
1445067687 32
1445067687 32
1445067687 32
1445067690 32
1445067693 32
1445067696 32
1445067699 32
1445067714 32
1445067717 32
1445067720 32
1445067723 32
1445067726 32
1445067729 32
1445067732 32
1445067735 32
1445067738 32
1445067741 32
1445067744 32
1445067747 32
1445067750 32
1445067753 32
1445067757 32
1445067760 32
1445067763 32
1445067766 32
1445067766 32
1445067766 32
1445067766 32
1445067766 32
1445067766 32
1445067766 32
1445067766 32
1445067766 32
1445067766 32
1445067766 32
1445067766 32
1445067766 32
1445067766 32
1445067766 32
1445067766 32
1445067766 32
1445067766 32
1445067766 32
1445067766 32
1445067766 32
1445067766 32
1445067766 32
1445067766 32
1445067766 32
1445067766 32
1445067766 32
1445067766 32
1445067766 11
1445067766 32
1445067766 11
1445067766 32
1445067766 20
1445067766 32
1445067766 20
1445067766 32
1445067766 6
1445067766 30
1445067766 32
1445067766 5
1445067766 28
1445067766 32
1445067766 4
1445067766 13
1445067766 32
1445067766 32
1445067766 32
1445067766 32
1445067767 32
1445067767 32
1445067767 32
1445067767 32
1445067767 32
1445067767 32
