1445067476 35
1445067476 35
1445067476 35
1445067477 35
1445067477 35
1445067477 35
1445067477 35
1445067477 35
1445067477 35
1445067477 35
1445067477 35
1445067477 35
1445067477 35
1445067477 35
1445067477 35
1445067477 35
1445067478 35
1445067478 35
1445067478 35
1445067478 35
1445067478 35
1445067478 35
1445067478 35
1445067478 35
1445067478 35
1445067478 35
1445067478 35
1445067478 35
1445067478 35
1445067478 35
1445067478 35
1445067478 35
1445067478 35
1445067478 35
1445067478 8
1445067478 35
1445067478 35
1445067478 35
1445067478 35
1445067478 35
1445067478 35
1445067478 35
1445067478 64
1445067478 5
1445067478 64
1445067478 35
1445067479 35
1445067479 35
1445067479 35
1445067479 35
1445067479 35
1445067479 35
1445067479 35
1445067479 35
1445067479 35
1445067479 35
1445067479 35
1445067479 35
1445067479 35
1445067479 35
1445067479 35
1445067479 35
1445067479 35
1445067479 35
1445067479 35
1445067479 35
1445067479 35
1445067479 35
1445067479 35
1445067479 35
1445067479 35
1445067479 35
1445067479 35
1445067479 35
1445067479 35
1445067479 35
1445067479 35
1445067479 35
1445067479 35
1445067479 35
1445067479 35
1445067479 35
1445067479 35
1445067479 35
1445067479 35
1445067479 35
1445067479 35
1445067479 35
1445067479 35
1445067479 35
1445067479 35
1445067479 35
1445067479 35
1445067479 35
1445067479 35
1445067479 35
1445067479 35
1445067479 35
1445067479 35
1445067479 35
1445067479 35
1445067479 35
1445067479 35
1445067479 35
1445067479 35
1445067479 35
1445067479 35
1445067479 35
1445067480 35
1445067480 35
1445067480 35
1445067480 35
1445067481 35
1445067481 35
1445067481 35
1445067481 35
1445067481 35
1445067481 35
1445067481 35
1445067481 35
1445067481 35
1445067481 35
1445067481 35
1445067481 35
1445067481 35
1445067481 35
1445067481 35
1445067481 35
1445067481 35
1445067481 35
1445067481 35
1445067481 35
1445067481 35
1445067481 35
1445067481 35
1445067481 35
1445067481 35
1445067481 35
1445067481 35
1445067481 35
1445067481 35
1445067481 35
1445067481 35
1445067481 35
1445067481 35
1445067481 35
1445067481 35
1445067481 35
1445067481 35
1445067481 35
1445067481 35
1445067481 35
1445067481 35
1445067481 35
1445067481 35
1445067481 35
1445067481 35
1445067481 35
1445067481 35
1445067481 35
1445067481 35
1445067481 35
1445067481 35
1445067481 35
1445067481 35
1445067481 35
1445067481 35
1445067481 35
1445067481 35
1445067481 35
1445067481 35
1445067481 35
1445067481 35
1445067481 35
1445067481 35
1445067481 35
1445067481 35
1445067481 35
1445067481 35
1445067481 35
1445067481 35
1445067482 35
1445067482 35
1445067482 35
1445067482 35
1445067482 35
1445067482 35
1445067482 35
1445067482 35
1445067482 35
1445067482 35
1445067482 35
1445067482 35
1445067482 35
1445067482 35
1445067482 35
1445067482 35
1445067482 35
1445067482 35
1445067482 35
1445067482 35
1445067482 35
1445067482 35
1445067482 35
1445067482 35
1445067482 35
1445067482 35
1445067482 35
1445067482 35
1445067482 35
1445067482 35
1445067482 35
1445067482 35
1445067482 35
1445067482 35
1445067482 35
1445067482 35
1445067482 35
1445067482 35
1445067482 35
1445067482 35
1445067482 35
1445067482 35
1445067482 35
1445067482 35
1445067482 35
1445067482 35
1445067482 35
1445067482 35
1445067482 35
1445067482 35
1445067482 35
1445067484 35
1445067484 35
1445067484 35
1445067484 35
1445067484 35
1445067484 35
1445067484 35
1445067484 35
1445067484 35
1445067485 35
1445067485 35
1445067485 35
1445067485 35
1445067485 35
1445067485 35
1445067485 35
1445067485 35
1445067485 35
1445067485 35
1445067485 35
1445067486 35
1445067486 35
1445067486 35
1445067486 35
1445067486 35
1445067486 35
1445067486 35
1445067486 35
1445067486 35
1445067486 35
1445067486 35
1445067486 35
1445067486 35
1445067486 35
1445067487 35
1445067487 35
1445067488 35
1445067488 35
1445067489 35
1445067489 35
1445067490 35
1445067490 35
1445067491 35
1445067491 35
1445067491 35
1445067492 35
1445067492 35
1445067493 35
1445067493 35
1445067493 35
1445067493 35
1445067493 35
1445067493 35
1445067494 35
1445067494 35
1445067494 35
1445067494 35
1445067494 35
1445067494 35
1445067494 35
1445067494 35
1445067495 35
1445067495 35
1445067496 35
1445067496 35
1445067496 35
1445067496 35
1445067497 35
1445067497 35
1445067497 35
1445067497 35
1445067497 35
1445067497 35
1445067497 35
1445067497 35
1445067499 35
1445067499 35
1445067499 35
1445067499 35
1445067500 35
1445067500 35
1445067500 35
1445067500 35
1445067500 35
1445067500 35
1445067502 35
1445067502 35
1445067502 35
1445067502 35
1445067502 35
1445067502 35
1445067503 35
1445067503 35
1445067503 35
1445067503 35
1445067503 35
1445067503 35
1445067505 35
1445067505 35
1445067505 35
1445067505 35
1445067506 35
1445067506 35
1445067506 35
1445067506 35
1445067506 35
1445067506 35
1445067508 35
1445067508 35
1445067508 35
1445067508 35
1445067509 35
1445067509 35
1445067509 35
1445067509 35
1445067509 35
1445067509 35
1445067511 35
1445067511 35
1445067511 35
1445067511 35
1445067512 35
1445067512 35
1445067512 35
1445067512 35
1445067512 35
1445067512 35
1445067514 35
1445067514 35
1445067514 35
1445067514 35
1445067515 35
1445067515 35
1445067515 35
1445067515 35
1445067515 35
1445067515 35
1445067517 35
1445067517 35
1445067517 35
1445067517 35
1445067518 35
1445067518 35
1445067518 35
1445067518 35
1445067518 35
1445067518 35
1445067520 35
1445067520 35
1445067520 35
1445067520 35
1445067521 35
1445067521 35
1445067521 35
1445067521 35
1445067521 35
1445067521 35
1445067523 35
1445067523 35
1445067523 35
1445067523 35
1445067524 35
1445067524 35
1445067524 35
1445067524 35
1445067524 35
1445067524 35
1445067526 35
1445067526 35
1445067526 35
1445067526 35
1445067527 35
1445067527 35
1445067527 35
1445067527 35
1445067527 35
1445067527 35
1445067529 35
1445067529 35
1445067529 35
1445067529 35
1445067530 35
1445067530 35
1445067530 35
1445067530 35
1445067530 35
1445067530 35
1445067532 35
1445067532 35
1445067532 35
1445067532 35
1445067533 35
1445067533 35
1445067533 35
1445067534 35
1445067534 35
1445067534 35
1445067535 35
1445067535 35
1445067535 35
1445067536 35
1445067536 35
1445067536 35
1445067536 35
1445067537 35
1445067537 35
1445067537 35
1445067538 35
1445067538 35
1445067539 35
1445067539 35
1445067539 35
1445067539 35
1445067539 35
1445067540 35
1445067540 35
1445067540 35
1445067541 35
1445067541 35
1445067542 35
1445067542 35
1445067542 35
1445067542 35
1445067542 35
1445067543 35
1445067543 35
1445067543 35
1445067544 35
1445067544 35
1445067544 35
1445067545 35
1445067545 35
1445067545 35
1445067545 35
1445067545 35
1445067546 35
1445067546 35
1445067546 35
1445067547 35
1445067547 35
1445067548 35
1445067548 35
1445067548 35
1445067548 35
1445067548 35
1445067549 35
1445067549 35
1445067549 35
1445067550 35
1445067550 35
1445067551 35
1445067551 35
1445067551 35
1445067551 35
1445067551 35
1445067552 35
1445067552 35
1445067552 35
1445067553 35
1445067553 35
1445067554 35
1445067554 35
1445067554 35
1445067554 35
1445067554 35
1445067555 35
1445067555 35
1445067555 35
1445067556 35
1445067556 35
1445067557 35
1445067557 35
1445067557 35
1445067557 35
1445067558 35
1445067558 35
1445067558 35
1445067558 35
1445067559 35
1445067559 35
1445067560 35
1445067560 35
1445067561 35
1445067561 35
1445067561 35
1445067561 35
1445067561 35
1445067561 35
1445067562 35
1445067562 35
1445067563 35
1445067563 35
1445067564 35
1445067564 35
1445067564 35
1445067564 35
1445067564 35
1445067564 35
1445067564 35
1445067564 35
1445067564 35
1445067564 35
1445067564 35
1445067564 35
1445067564 35
1445067564 35
1445067564 35
1445067564 35
1445067564 35
1445067564 35
1445067564 35
1445067564 35
1445067564 35
1445067564 35
1445067564 35
1445067564 35
1445067564 35
1445067564 35
1445067564 35
1445067564 35
1445067564 35
1445067565 35
1445067565 35
1445067565 35
1445067565 35
1445067565 113
1445067565 119
1445067565 170
1445067565 35
1445067565 35
1445067565 35
1445067565 35
1445067565 35
1445067565 35
1445067565 35
1445067565 35
1445067565 35
1445067565 35
1445067565 35
1445067565 35
1445067566 35
1445067566 35
1445067566 35
1445067567 35
1445067567 35
1445067567 35
1445067567 35
1445067567 35
1445067567 35
1445067568 35
1445067568 35
1445067568 35
1445067568 35
1445067569 35
1445067569 35
1445067570 35
1445067570 35
1445067570 35
1445067570 35
1445067570 35
1445067570 35
1445067572 35
1445067572 35
1445067572 35
1445067573 35
1445067573 35
1445067573 35
1445067573 35
1445067573 35
1445067573 35
1445067575 35
1445067575 35
1445067575 35
1445067576 35
1445067576 35
1445067576 35
1445067576 35
1445067576 35
1445067576 35
1445067576 35
1445067578 35
1445067578 35
1445067578 35
1445067579 35
1445067579 35
1445067579 35
1445067579 35
1445067579 35
1445067579 35
1445067579 35
1445067579 35
1445067579 35
1445067579 35
1445067579 35
1445067579 35
1445067579 35
1445067579 35
1445067579 35
1445067581 35
1445067581 35
1445067581 35
1445067582 35
1445067582 35
1445067582 35
1445067582 35
1445067582 35
1445067582 35
1445067582 35
1445067584 35
1445067584 35
1445067584 35
1445067585 35
1445067585 35
1445067585 35
1445067585 35
1445067585 35
1445067585 35
1445067585 35
1445067587 35
1445067587 35
1445067587 35
1445067588 35
1445067588 35
1445067588 35
1445067588 35
1445067588 35
1445067588 35
1445067588 35
1445067590 35
1445067590 35
1445067590 35
1445067591 35
1445067591 35
1445067591 35
1445067591 35
1445067591 35
1445067591 35
1445067591 35
1445067591 35
1445067593 35
1445067593 35
1445067593 35
1445067594 35
1445067594 35
1445067594 35
1445067594 35
1445067594 35
1445067594 35
1445067594 35
1445067596 35
1445067596 35
1445067596 35
1445067596 35
1445067597 35
1445067597 35
1445067597 35
1445067597 35
1445067597 35
1445067597 35
1445067597 35
1445067598 35
1445067599 35
1445067599 35
1445067599 35
1445067600 35
1445067600 35
1445067600 35
1445067600 35
1445067600 35
1445067600 35
1445067600 35
1445067602 35
1445067602 35
1445067602 35
1445067603 35
1445067603 35
1445067603 35
1445067603 35
1445067603 35
1445067603 35
1445067603 35
1445067605 35
1445067605 35
1445067605 35
1445067605 35
1445067606 35
1445067606 35
1445067606 35
1445067606 35
1445067606 35
1445067606 35
1445067606 35
1445067606 35
1445067606 35
1445067608 35
1445067608 35
1445067608 35
1445067609 35
1445067609 35
1445067609 35
1445067609 35
1445067609 35
1445067609 35
1445067609 35
1445067611 35
1445067611 35
1445067611 35
1445067612 35
1445067612 35
1445067612 35
1445067612 35
1445067612 35
1445067612 35
1445067612 35
1445067613 35
1445067614 35
1445067614 35
1445067614 35
1445067615 35
1445067615 35
1445067615 35
1445067615 35
1445067615 35
1445067615 35
1445067615 35
1445067617 35
1445067617 35
1445067617 35
1445067618 35
1445067618 35
1445067618 35
1445067618 35
1445067618 35
1445067618 35
1445067618 35
1445067620 35
1445067620 35
1445067620 35
1445067621 35
1445067621 35
1445067621 35
1445067621 35
1445067621 35
1445067621 35
1445067621 35
1445067623 35
1445067623 35
1445067623 35
1445067624 35
1445067624 35
1445067624 35
1445067624 35
1445067624 35
1445067624 35
1445067624 35
1445067626 35
1445067626 35
1445067626 35
1445067627 35
1445067627 35
1445067627 35
1445067627 35
1445067627 35
1445067627 35
1445067627 35
1445067628 35
1445067628 35
1445067628 35
1445067628 35
1445067628 35
1445067628 35
1445067628 35
1445067628 35
1445067628 35
1445067628 35
1445067628 35
1445067629 35
1445067629 35
1445067629 35
1445067629 35
1445067629 35
1445067629 35
1445067629 113
1445067629 119
1445067629 170
1445067629 35
1445067629 35
1445067629 35
1445067629 35
1445067629 35
1445067629 35
1445067629 35
1445067629 35
1445067629 35
1445067629 35
1445067629 35
1445067629 35
1445067629 35
1445067630 35
1445067630 35
1445067630 35
1445067630 35
1445067630 35
1445067630 35
1445067630 35
1445067631 35
1445067631 35
1445067631 35
1445067632 35
1445067632 35
1445067632 35
1445067632 35
1445067632 35
1445067632 35
1445067632 35
1445067632 35
1445067632 35
1445067632 35
1445067632 35
1445067632 35
1445067632 35
1445067632 35
1445067632 35
1445067633 35
1445067633 35
1445067633 35
1445067633 35
1445067633 35
1445067633 35
1445067633 35
1445067633 35
1445067633 35
1445067633 113
1445067633 119
1445067633 170
1445067633 35
1445067633 35
1445067633 35
1445067633 35
1445067633 35
1445067633 35
1445067633 35
1445067633 35
1445067633 35
1445067633 35
1445067633 35
1445067634 35
1445067634 35
1445067634 35
1445067634 35
1445067634 35
1445067634 35
1445067634 35
1445067634 35
1445067634 35
1445067634 35
1445067634 35
1445067634 35
1445067634 35
1445067635 35
1445067635 35
1445067635 35
1445067635 35
1445067635 35
1445067635 35
1445067635 35
1445067635 113
1445067635 119
1445067635 170
1445067636 35
1445067636 35
1445067636 35
1445067636 35
1445067636 35
1445067637 35
1445067638 35
1445067638 35
1445067638 35
1445067638 35
1445067638 35
1445067638 35
1445067638 35
1445067638 35
1445067639 35
1445067639 35
1445067639 35
1445067639 35
1445067639 35
1445067640 35
1445067641 35
1445067641 35
1445067641 35
1445067641 35
1445067642 35
1445067642 35
1445067642 35
1445067642 35
1445067642 35
1445067642 35
1445067643 35
1445067644 35
1445067644 35
1445067644 35
1445067644 35
1445067645 35
1445067645 35
1445067645 35
1445067645 35
1445067645 35
1445067645 35
1445067645 14
1445067645 162
1445067645 142
1445067645 96
1445067646 35
1445067646 35
1445067647 35
1445067647 35
1445067647 35
1445067647 35
1445067648 35
1445067648 35
1445067648 35
1445067648 35
1445067648 35
1445067648 35
1445067649 35
1445067649 35
1445067650 35
1445067650 35
1445067650 35
1445067650 35
1445067650 35
1445067650 35
1445067650 35
1445067650 35
1445067650 35
1445067650 35
1445067650 35
1445067650 35
1445067650 35
1445067650 35
1445067650 35
1445067650 35
1445067650 35
1445067650 35
1445067650 35
1445067650 35
1445067650 35
1445067650 35
1445067650 35
1445067650 35
1445067650 35
1445067650 35
1445067650 35
1445067650 35
1445067650 35
1445067650 35
1445067650 35
1445067650 35
1445067650 35
1445067650 35
1445067650 35
1445067650 35
1445067650 35
1445067650 35
1445067650 35
1445067650 113
1445067650 119
1445067650 170
1445067650 35
1445067650 35
1445067650 113
1445067650 119
1445067650 170
1445067651 35
1445067651 35
1445067651 35
1445067651 35
1445067651 35
1445067651 35
1445067651 113
1445067651 119
1445067651 170
1445067652 35
1445067652 35
1445067652 35
1445067652 35
1445067652 35
1445067652 35
1445067652 35
1445067652 35
1445067652 35
1445067652 35
1445067652 35
1445067652 35
1445067652 35
1445067653 35
1445067653 35
1445067653 35
1445067653 35
1445067653 35
1445067653 35
1445067653 113
1445067653 119
1445067653 170
1445067654 35
1445067654 35
1445067654 35
1445067655 35
1445067655 35
1445067656 35
1445067656 35
1445067656 35
1445067657 35
1445067657 35
1445067657 35
1445067658 35
1445067658 35
1445067659 35
1445067659 35
1445067659 35
1445067660 35
1445067660 35
1445067660 35
1445067661 35
1445067661 35
1445067662 35
1445067662 35
1445067662 35
1445067663 35
1445067663 35
1445067663 35
1445067664 35
1445067664 35
1445067665 35
1445067665 35
1445067665 35
1445067666 35
1445067666 35
1445067666 35
1445067667 35
1445067667 35
1445067668 35
1445067668 35
1445067668 35
1445067669 35
1445067669 35
1445067669 35
1445067670 35
1445067670 35
1445067671 35
1445067671 35
1445067671 35
1445067672 35
1445067672 35
1445067672 35
1445067672 35
1445067672 35
1445067672 35
1445067672 35
1445067672 35
1445067672 35
1445067672 35
1445067672 35
1445067672 35
1445067672 35
1445067672 35
1445067672 35
1445067672 35
1445067672 35
1445067672 35
1445067672 89
1445067672 35
1445067672 35
1445067672 35
1445067672 36
1445067672 164
1445067672 106
1445067672 4
1445067672 106
1445067672 106
1445067672 61
1445067672 15
1445067672 61
1445067672 61
1445067672 61
1445067672 61
1445067672 35
1445067672 35
1445067673 35
1445067673 35
1445067673 35
1445067673 35
1445067673 113
1445067673 119
1445067673 170
1445067673 35
1445067673 35
1445067673 113
1445067673 119
1445067673 170
1445067674 35
1445067674 35
1445067675 35
1445067675 35
1445067675 35
1445067676 35
1445067677 35
1445067677 35
1445067678 35
1445067678 35
1445067678 35
1445067679 35
1445067680 35
1445067680 35
1445067681 35
1445067681 35
1445067681 35
1445067682 35
1445067683 35
1445067683 35
1445067684 35
1445067684 35
1445067684 35
1445067685 35
1445067685 35
1445067685 35
1445067685 35
1445067685 35
1445067685 35
1445067685 35
1445067685 35
1445067685 35
1445067685 35
1445067685 35
1445067685 35
1445067685 35
1445067685 35
1445067685 35
1445067685 35
1445067685 35
1445067685 35
1445067685 89
1445067685 35
1445067685 35
1445067685 36
1445067685 164
1445067685 106
1445067685 4
1445067685 106
1445067685 106
1445067685 61
1445067685 15
1445067685 61
1445067685 61
1445067685 61
1445067685 61
1445067685 35
1445067686 35
1445067686 35
1445067686 35
1445067686 35
1445067686 113
1445067686 119
1445067686 170
1445067686 35
1445067686 35
1445067686 113
1445067686 119
1445067686 170
1445067687 35
1445067687 35
1445067687 35
1445067687 35
1445067690 35
1445067693 35
1445067696 35
1445067699 35
1445067714 35
1445067717 35
1445067720 35
1445067723 35
1445067726 35
1445067729 35
1445067732 35
1445067735 35
1445067738 35
1445067741 35
1445067744 35
1445067747 35
1445067750 35
1445067753 35
1445067757 35
1445067760 35
1445067763 35
1445067766 35
1445067766 35
1445067766 35
1445067766 35
1445067766 35
1445067766 35
1445067766 35
1445067766 35
1445067766 35
1445067766 35
1445067766 35
1445067766 35
1445067766 35
1445067766 35
1445067766 35
1445067766 35
1445067766 35
1445067766 35
1445067766 35
1445067766 35
1445067766 35
1445067766 35
1445067766 35
1445067766 35
1445067766 35
1445067766 35
1445067766 35
1445067766 35
1445067766 17
1445067766 35
1445067766 17
1445067766 35
1445067766 130
1445067766 35
1445067766 130
1445067766 35
1445067766 34
1445067766 70
1445067766 35
1445067766 34
1445067766 130
1445067766 35
1445067766 34
1445067766 17
1445067766 35
1445067766 35
1445067766 35
1445067766 35
1445067767 35
1445067767 35
1445067767 35
1445067767 35
1445067767 35
1445067767 35
