1445067501 24
1445067502 12
1445067502 17
1445067502 23
1445067502 6
1445067502 4
1445067504 2
1445067506 5
1445067508 8
1445067508 13
1445067510 7
1445067510 31
1445067510 10
1445067510 26
1445067510 27
1445067510 21
1445067510 14
1445067574 22
1445067574 20
1445067574 19
1445067574 31
1445067600 29
1445067600 15
1445067628 22
1445067628 20
1445067628 19
1445067628 31
1445067647 29
1445067648 15
1445067672 22
1445067672 20
1445067672 19
1445067672 31
1445067707 29
1445067707 15
1445067716 22
1445067716 20
1445067716 19
1445067716 31
1445067754 29
1445067754 15
1445067761 22
1445067761 20
1445067761 19
1445067761 31
1445067796 29
1445067796 15
1445067803 22
1445067803 20
1445067803 19
1445067803 31
1445067835 29
1445067835 15
1445067843 22
1445067843 20
1445067843 19
1445067843 31
1445067876 29
1445067876 15
1445067883 11
1445067883 22
1445067883 20
1445067883 19
1445067904 30
1445067904 25
1445067904 1
1445067987 3
1445067988 28
1445067988 16
1445067988 18
1445067988 9
