1445067501 8
1445067502 147
1445067502 16
1445067502 102
1445067502 83
1445067502 8
1445067504 147
1445067506 160
1445067508 82
1445067508 67
1445067510 22
1445067510 102
1445067510 3
1445067510 75
1445067510 25
1445067510 25
1445067510 154
1445067574 102
1445067574 25
1445067574 25
1445067574 102
1445067600 75
1445067600 25
1445067628 102
1445067628 25
1445067628 25
1445067628 102
1445067647 75
1445067648 25
1445067672 102
1445067672 25
1445067672 25
1445067672 102
1445067707 75
1445067707 25
1445067716 102
1445067716 25
1445067716 25
1445067716 102
1445067754 75
1445067754 25
1445067761 102
1445067761 25
1445067761 25
1445067761 102
1445067796 75
1445067796 25
1445067803 102
1445067803 25
1445067803 25
1445067803 102
1445067835 75
1445067835 25
1445067843 102
1445067843 25
1445067843 25
1445067843 102
1445067876 75
1445067876 25
1445067883 67
1445067883 102
1445067883 25
1445067883 25
1445067904 75
1445067904 102
1445067904 160
1445067987 129
1445067988 3
1445067988 16
1445067988 16
1445067988 111
