1445071719 16
1445071719 9
1445071719 13
1445071719 20
1445071719 4
1445071719 3
1445071720 1
1445071721 2
1445071721 5
1445071721 7
1445071722 6
1445071722 22
1445071722 8
1445071722 19
1445071722 17
1445071722 15
1445071722 10
1445071725 18
1445071725 12
1445071725 14
1445071725 22
1445071734 21
1445071734 11
1445071736 18
1445071736 12
1445071736 14
1445071736 22
1445071744 21
1445071744 11
1445071747 18
1445071747 12
1445071747 14
1445071747 22
1445071755 21
1445071755 11
1445071756 18
1445071756 12
1445071756 14
1445071756 22
1445071764 21
1445071764 11
1445071766 18
1445071766 12
1445071766 14
1445071766 22
1445071776 21
1445071776 11
1445071779 18
1445071779 12
1445071779 14
1445071779 22
1445071791 21
1445071791 11
1445071794 18
1445071794 12
1445071794 14
1445071794 22
