1445071719 8
1445071719 147
1445071719 16
1445071719 102
1445071719 83
1445071719 8
1445071720 147
1445071721 160
1445071721 82
1445071721 67
1445071722 22
1445071722 102
1445071722 3
1445071722 75
1445071722 25
1445071722 25
1445071722 154
1445071725 102
1445071725 25
1445071725 25
1445071725 102
1445071734 75
1445071734 25
1445071736 102
1445071736 25
1445071736 25
1445071736 102
1445071744 75
1445071744 25
1445071747 102
1445071747 25
1445071747 25
1445071747 102
1445071755 75
1445071755 25
1445071756 102
1445071756 25
1445071756 25
1445071756 102
1445071764 75
1445071764 25
1445071766 102
1445071766 25
1445071766 25
1445071766 102
1445071776 75
1445071776 25
1445071779 102
1445071779 25
1445071779 25
1445071779 102
1445071791 75
1445071791 25
1445071794 102
1445071794 25
1445071794 25
1445071794 102
