1445067489 23
1445067489 14
1445067489 18
1445067489 27
1445067489 8
1445067489 5
1445067490 4
1445067490 6
1445067491 10
1445067491 15
1445067491 11
1445067491 32
1445067491 12
1445067491 22
1445067491 24
1445067491 26
1445067491 13
1445067499 21
1445067499 17
1445067499 19
1445067499 32
1445067512 29
1445067512 20
1445067530 21
1445067530 17
1445067530 19
1445067530 32
1445067541 29
1445067541 20
1445067554 21
1445067554 17
1445067554 19
1445067554 32
1445067565 29
1445067565 20
1445067581 21
1445067581 17
1445067581 19
1445067581 32
1445067591 29
1445067591 20
1445067594 21
1445067594 17
1445067594 19
1445067594 32
1445067604 29
1445067604 20
1445067611 21
1445067611 17
1445067611 19
1445067611 32
1445067621 29
1445067621 20
1445067624 21
1445067624 17
1445067624 19
1445067624 32
1445067634 29
1445067635 20
1445067638 16
1445067638 21
1445067638 17
1445067638 19
1445067647 30
1445067647 25
1445067647 3
1445067648 1
1445067648 39
1445067648 40
1445067648 40
1445067648 36
1445067648 38
1445067648 34
1445067648 49
1445067648 9
1445067648 42
1445067648 46
1445067648 45
1445067648 44
1445067648 43
1445067648 28
1445067648 37
1445067648 41
1445067648 41
1445067648 48
1445067648 48
1445067648 31
1445067648 50
1445067648 51
1445067648 47
1445067648 33
1445067648 35
1445067648 -1
1445067671 2
1445067675 7
1445067691 2
1445067711 2
1445067731 2
1445067751 2
1445067771 2
1445067791 2
1445067811 2
1445067831 2
1445067851 2
1445067871 2
1445067891 2
1445067911 2
1445067931 2
1445067951 2
1445067971 2
1445067991 2
1445068011 2
1445068031 2
1445068051 2
1445068071 2
1445068091 2
1445068111 2
1445068131 2
1445068151 2
1445068171 2
1445068191 2
1445068211 2
1445068231 2
1445068251 2
1445068271 2
1445068291 2
1445068311 2
1445068331 2
1445068351 2
1445068371 2
