1445067489 8
1445067489 147
1445067489 16
1445067489 102
1445067489 83
1445067489 8
1445067490 147
1445067490 160
1445067491 82
1445067491 67
1445067491 22
1445067491 102
1445067491 3
1445067491 75
1445067491 25
1445067491 25
1445067491 154
1445067499 102
1445067499 25
1445067499 25
1445067499 102
1445067512 75
1445067512 25
1445067530 102
1445067530 25
1445067530 25
1445067530 102
1445067541 75
1445067541 25
1445067554 102
1445067554 25
1445067554 25
1445067554 102
1445067565 75
1445067565 25
1445067581 102
1445067581 25
1445067581 25
1445067581 102
1445067591 75
1445067591 25
1445067594 102
1445067594 25
1445067594 25
1445067594 102
1445067604 75
1445067604 25
1445067611 102
1445067611 25
1445067611 25
1445067611 102
1445067621 75
1445067621 25
1445067624 102
1445067624 25
1445067624 25
1445067624 102
1445067634 75
1445067635 25
1445067638 67
1445067638 102
1445067638 25
1445067638 25
1445067647 75
1445067647 102
1445067647 160
1445067648 20
1445067648 53
1445067648 15
1445067648 15
1445067648 44
1445067648 12
1445067648 91
1445067648 31
1445067648 36
1445067648 164
1445067648 106
1445067648 4
1445067648 106
1445067648 106
1445067648 144
1445067648 53
1445067648 53
1445067648 53
1445067648 51
1445067648 51
1445067648 152
1445067648 51
1445067648 136
1445067648 51
1445067648 152
1445067648 15
1445067648 170
1445067671 33
1445067675 129
1445067691 33
1445067711 33
1445067731 33
1445067751 33
1445067771 33
1445067791 33
1445067811 33
1445067831 33
1445067851 33
1445067871 33
1445067891 33
1445067911 33
1445067931 33
1445067951 33
1445067971 33
1445067991 33
1445068011 33
1445068031 33
1445068051 33
1445068071 33
1445068091 33
1445068111 33
1445068131 33
1445068151 33
1445068171 33
1445068191 33
1445068211 33
1445068231 33
1445068251 33
1445068271 33
1445068291 33
1445068311 33
1445068331 33
1445068351 33
1445068371 33
