1445241286 24
1445241286 13
1445241286 19
1445241286 26
1445241286 6
1445241286 5
1445241287 2
1445241287 3
1445241288 7
1445241288 11
1445241288 8
1445241288 31
1445241288 10
1445241288 23
1445241288 25
1445241288 27
1445241288 14
1445241291 21
1445241291 15
1445241291 20
1445241291 31
1445241302 30
1445241302 16
1445241304 21
1445241304 15
1445241304 20
1445241304 31
1445241315 30
1445241317 16
1445241319 21
1445241319 15
1445241319 20
1445241319 31
1445241330 30
1445241330 16
1445241332 21
1445241332 15
1445241332 20
1445241332 31
1445241342 30
1445241342 16
1445241345 21
1445241345 15
1445241345 20
1445241345 31
1445241354 30
1445241354 16
1445241356 21
1445241356 15
1445241356 20
1445241356 31
1445241366 30
1445241366 16
1445241369 21
1445241369 15
1445241369 20
1445241369 31
1445241381 30
1445241381 16
1445241383 9
1445241383 21
1445241383 15
1445241383 20
1445241391 29
1445241391 28
1445241391 1
1445241416 4
1445241416 22
1445241416 18
1445241416 17
1445241416 12
