1445088260 28
1445088260 13
1445088260 18
1445088260 23
1445088260 6
1445088260 5
1445088261 2
1445088261 4
1445088262 8
1445088262 12
1445088263 7
1445088263 30
1445088263 9
1445088263 26
1445088263 22
1445088263 25
1445088263 11
1445088267 24
1445088267 17
1445088267 16
1445088267 30
1445088278 29
1445088278 15
1445088283 24
1445088283 17
1445088283 16
1445088283 30
1445088293 29
1445088293 15
1445088296 24
1445088296 17
1445088296 16
1445088296 30
1445088305 29
1445088305 15
1445088310 24
1445088310 17
1445088310 16
1445088310 30
1445088320 29
1445088320 15
1445088324 24
1445088324 17
1445088324 16
1445088324 30
1445088334 29
1445088334 15
1445088337 24
1445088337 17
1445088337 16
1445088337 30
1445088338 10
1445088346 29
1445088346 15
1445088346 24
1445088346 17
1445088346 16
1445088347 31
1445088347 21
1445088347 1
1445088384 3
1445088384 27
1445088384 20
1445088384 19
1445088384 14
