1445235799 23
1445235799 12
1445235799 17
1445235799 24
1445235799 6
1445235799 4
1445235800 2
1445235800 3
1445235800 7
1445235800 10
1445235801 8
1445235801 29
1445235801 14
1445235801 28
1445235801 22
1445235801 27
1445235801 13
1445235802 21
1445235802 15
1445235802 20
1445235802 29
1445235810 31
1445235810 19
1445235811 21
1445235811 15
1445235811 20
1445235811 29
1445235819 31
1445235819 19
1445235820 21
1445235820 15
1445235820 20
1445235820 29
1445235828 31
1445235828 19
1445235829 21
1445235829 15
1445235829 20
1445235829 29
1445235839 31
1445235839 19
1445235840 21
1445235840 15
1445235840 20
1445235840 29
1445235849 31
1445235849 19
1445235850 21
1445235850 15
1445235850 20
1445235850 29
1445235850 11
1445235857 31
1445235857 19
1445235857 21
1445235857 15
1445235857 20
1445235858 30
1445235858 26
1445235859 1
1445235891 5
1445235893 25
1445235893 16
1445235893 18
1445235893 9
