1445235799 8
1445235799 147
1445235799 16
1445235799 102
1445235799 83
1445235799 8
1445235800 147
1445235800 160
1445235800 82
1445235800 67
1445235801 22
1445235801 102
1445235801 3
1445235801 75
1445235801 25
1445235801 25
1445235801 154
1445235802 102
1445235802 25
1445235802 25
1445235802 102
1445235810 75
1445235810 25
1445235811 102
1445235811 25
1445235811 25
1445235811 102
1445235819 75
1445235819 25
1445235820 102
1445235820 25
1445235820 25
1445235820 102
1445235828 75
1445235828 25
1445235829 102
1445235829 25
1445235829 25
1445235829 102
1445235839 75
1445235839 25
1445235840 102
1445235840 25
1445235840 25
1445235840 102
1445235849 75
1445235849 25
1445235850 102
1445235850 25
1445235850 25
1445235850 102
1445235850 67
1445235857 75
1445235857 25
1445235857 102
1445235857 25
1445235857 25
1445235858 75
1445235858 102
1445235859 160
1445235891 129
1445235893 3
1445235893 16
1445235893 16
1445235893 111
