1445076583 23
1445076584 11
1445076584 15
1445076584 19
1445076584 6
1445076584 5
1445076586 3
1445076588 4
1445076589 7
1445076589 10
1445076590 9
1445076591 25
1445076591 13
1445076591 18
1445076591 21
1445076591 20
1445076591 12
1445076630 22
1445076630 14
1445076630 16
1445076630 25
1445076664 31
1445076664 17
1445076693 22
1445076693 14
1445076693 16
1445076693 25
1445076722 31
1445076722 17
1445076737 22
1445076737 14
1445076737 16
1445076737 25
1445076768 31
1445076768 17
1445076831 22
1445076831 14
1445076831 16
1445076831 25
1445076854 1
1445076854 34
1445076854 33
1445076854 33
1445076854 30
1445076854 35
1445076854 27
1445076854 43
1445076854 8
1445076854 37
1445076854 40
1445076854 38
1445076854 41
1445076854 39
1445076854 26
1445076854 32
1445076854 36
1445076854 36
1445076854 42
1445076854 42
1445076854 29
1445076854 45
1445076854 46
1445076854 44
1445076854 28
1445076854 24
1445076854 -1
1445076867 31
1445076867 17
1445076877 22
1445076877 14
1445076877 16
1445076877 25
1445076877 2
1445076897 2
1445076904 31
1445076904 17
1445076908 22
1445076908 14
1445076908 16
1445076908 25
1445076917 2
1445076937 2
1445076937 31
1445076937 17
1445076941 22
1445076941 14
1445076941 16
1445076941 25
1445076957 2
1445076965 31
1445076965 17
1445076977 2
1445076997 2
1445077017 2
1445077037 2
1445077057 2
1445077077 2
1445077097 2
1445077117 2
1445077137 2
1445077157 2
1445077177 2
1445077197 2
1445077217 2
1445077237 2
1445077257 2
1445077277 2
1445077297 2
1445077317 2
1445077337 2
1445077357 2
1445077377 2
1445077397 2
1445077417 2
1445077437 2
1445077457 2
1445077477 2
1445077497 2
1445077517 2
1445077537 2
1445077557 2
1445077577 2
1445077597 2
1445077617 2
1445077637 2
