1445076583 8
1445076584 147
1445076584 16
1445076584 102
1445076584 83
1445076584 8
1445076586 147
1445076588 160
1445076589 82
1445076589 67
1445076590 22
1445076591 102
1445076591 3
1445076591 75
1445076591 25
1445076591 25
1445076591 154
1445076630 102
1445076630 25
1445076630 25
1445076630 102
1445076664 75
1445076664 25
1445076693 102
1445076693 25
1445076693 25
1445076693 102
1445076722 75
1445076722 25
1445076737 102
1445076737 25
1445076737 25
1445076737 102
1445076768 75
1445076768 25
1445076831 102
1445076831 25
1445076831 25
1445076831 102
1445076854 20
1445076854 53
1445076854 15
1445076854 15
1445076854 44
1445076854 12
1445076854 91
1445076854 31
1445076854 36
1445076854 164
1445076854 106
1445076854 4
1445076854 106
1445076854 106
1445076854 144
1445076854 53
1445076854 53
1445076854 53
1445076854 51
1445076854 51
1445076854 152
1445076854 51
1445076854 136
1445076854 51
1445076854 152
1445076854 15
1445076854 170
1445076867 75
1445076867 25
1445076877 102
1445076877 25
1445076877 25
1445076877 102
1445076877 33
1445076897 33
1445076904 75
1445076904 25
1445076908 102
1445076908 25
1445076908 25
1445076908 102
1445076917 33
1445076937 33
1445076937 75
1445076937 25
1445076941 102
1445076941 25
1445076941 25
1445076941 102
1445076957 33
1445076965 75
1445076965 25
1445076977 33
1445076997 33
1445077017 33
1445077037 33
1445077057 33
1445077077 33
1445077097 33
1445077117 33
1445077137 33
1445077157 33
1445077177 33
1445077197 33
1445077217 33
1445077237 33
1445077257 33
1445077277 33
1445077297 33
1445077317 33
1445077337 33
1445077357 33
1445077377 33
1445077397 33
1445077417 33
1445077437 33
1445077457 33
1445077477 33
1445077497 33
1445077517 33
1445077537 33
1445077557 33
1445077577 33
1445077597 33
1445077617 33
1445077637 33
