1445235697 65
1445235697 65
1445235697 65
1445235698 65
1445235699 65
1445235699 65
1445235699 65
1445235699 65
1445235699 65
1445235699 65
1445235699 65
1445235699 65
1445235699 65
1445235699 65
1445235699 65
1445235699 65
1445235699 65
1445235699 65
1445235699 65
1445235700 65
1445235700 65
1445235700 65
1445235700 65
1445235700 65
1445235700 65
1445235700 65
1445235700 65
1445235700 65
1445235700 65
1445235700 65
1445235701 65
1445235701 65
1445235701 65
1445235701 65
1445235701 13
1445235701 65
1445235701 65
1445235701 65
1445235701 65
1445235701 65
1445235701 65
1445235701 65
1445235701 58
1445235701 3
1445235701 47
1445235701 65
1445235702 65
1445235702 65
1445235702 65
1445235702 65
1445235702 65
1445235702 65
1445235702 65
1445235702 65
1445235702 65
1445235702 65
1445235702 65
1445235702 65
1445235702 65
1445235702 65
1445235702 65
1445235702 65
1445235703 65
1445235703 65
1445235703 65
1445235703 65
1445235703 65
1445235703 65
1445235703 65
1445235703 65
1445235703 65
1445235703 65
1445235703 65
1445235703 65
1445235703 65
1445235703 65
1445235703 65
1445235703 65
1445235703 65
1445235703 65
1445235703 65
1445235703 65
1445235703 65
1445235703 65
1445235703 65
1445235703 65
1445235703 65
1445235703 65
1445235703 65
1445235703 65
1445235703 65
1445235703 65
1445235703 65
1445235703 65
1445235703 65
1445235703 65
1445235703 65
1445235703 65
1445235703 65
1445235703 65
1445235703 65
1445235703 65
1445235703 65
1445235703 65
1445235703 65
1445235703 65
1445235703 65
1445235703 65
1445235703 65
1445235703 65
1445235703 65
1445235703 65
1445235704 65
1445235704 65
1445235705 65
1445235705 65
1445235706 65
1445235706 65
1445235706 65
1445235706 65
1445235706 65
1445235706 65
1445235707 65
1445235707 65
1445235707 65
1445235707 65
1445235707 65
1445235707 65
1445235707 65
1445235707 65
1445235707 65
1445235707 65
1445235707 65
1445235707 65
1445235707 65
1445235708 65
1445235708 65
1445235708 65
1445235708 65
1445235708 65
1445235708 65
1445235708 65
1445235709 65
1445235709 65
1445235710 65
1445235710 65
1445235711 65
1445235711 65
1445235712 65
1445235712 65
1445235713 65
1445235713 65
1445235714 65
1445235714 65
1445235715 65
1445235715 65
1445235716 65
1445235716 65
1445235717 65
1445235717 65
1445235718 65
1445235718 65
1445235719 65
1445235719 65
1445235720 65
1445235720 65
1445235721 65
1445235721 65
1445235722 65
1445235722 65
1445235723 65
1445235723 65
1445235724 65
1445235724 65
1445235725 65
1445235725 65
1445235726 65
1445235726 65
1445235726 65
1445235726 65
1445235726 65
1445235727 65
1445235727 65
1445235728 65
1445235728 65
1445235729 65
1445235729 65
1445235730 65
1445235730 65
1445235732 65
1445235732 65
1445235733 65
1445235733 65
1445235734 65
1445235734 65
1445235735 65
1445235735 65
1445235735 65
1445235736 65
1445235736 65
1445235737 65
1445235737 65
1445235738 65
1445235738 65
1445235739 65
1445235739 65
1445235739 65
1445235740 65
1445235740 65
1445235741 65
1445235741 65
1445235742 65
1445235742 65
1445235742 65
1445235743 65
1445235743 65
1445235744 65
1445235744 65
1445235745 65
1445235745 65
1445235745 65
1445235746 65
1445235746 65
1445235747 65
1445235747 65
1445235748 65
1445235748 65
1445235748 65
1445235749 65
1445235749 65
1445235750 65
1445235750 65
1445235751 65
1445235751 65
1445235752 65
1445235752 65
1445235752 65
1445235753 65
1445235753 65
1445235754 65
1445235754 65
1445235755 65
1445235755 65
1445235755 65
1445235756 65
1445235756 65
1445235757 65
1445235757 65
1445235758 65
1445235758 65
1445235759 65
1445235759 65
1445235759 65
1445235760 65
1445235760 65
1445235761 65
1445235761 65
1445235762 65
1445235762 65
1445235762 65
1445235763 65
1445235763 65
1445235764 65
1445235764 65
1445235765 65
1445235765 65
1445235766 65
1445235766 65
1445235766 65
1445235767 65
1445235767 65
1445235768 65
1445235768 65
1445235769 65
1445235769 65
1445235769 65
1445235770 65
1445235770 65
1445235771 65
1445235771 65
1445235772 65
1445235772 65
1445235773 65
1445235773 65
1445235773 65
1445235774 65
1445235774 65
1445235775 65
1445235775 65
1445235776 65
1445235776 65
1445235776 65
1445235777 65
1445235777 65
1445235778 65
1445235778 65
1445235779 65
1445235779 65
1445235779 65
1445235780 65
1445235780 65
1445235781 65
1445235781 65
1445235782 65
1445235782 65
1445235783 65
1445235783 65
1445235783 65
1445235784 65
1445235784 65
1445235785 65
1445235785 65
1445235786 65
1445235786 65
1445235786 65
1445235787 65
1445235787 65
1445235788 65
1445235788 65
1445235789 65
1445235789 65
1445235790 65
1445235790 65
1445235790 65
1445235791 65
1445235791 65
1445235792 65
1445235792 65
1445235793 65
1445235793 65
1445235793 65
1445235794 65
1445235794 65
1445235795 65
1445235795 65
1445235796 65
1445235796 65
1445235796 65
1445235797 65
1445235797 65
1445235798 65
1445235798 65
1445235799 65
1445235799 65
1445235800 65
1445235800 65
1445235800 65
1445235801 65
1445235801 65
1445235802 65
1445235802 65
1445235803 65
1445235803 65
1445235803 65
1445235804 65
1445235804 65
1445235805 65
1445235805 65
1445235806 65
1445235806 65
1445235807 65
1445235807 65
1445235807 65
1445235808 65
1445235808 65
1445235809 65
1445235809 65
1445235810 65
1445235810 65
1445235811 65
1445235811 65
1445235811 65
1445235812 65
1445235812 65
1445235813 65
1445235813 65
1445235814 65
1445235814 65
1445235814 65
1445235815 65
1445235815 65
1445235816 65
1445235816 65
1445235817 65
1445235817 65
1445235818 65
1445235818 65
1445235818 65
1445235819 65
1445235819 65
1445235820 65
1445235820 65
1445235821 65
1445235821 65
1445235821 65
1445235822 65
1445235822 65
1445235823 65
1445235823 65
1445235824 65
1445235824 65
1445235825 65
1445235825 65
1445235825 65
1445235826 65
1445235826 65
1445235827 65
1445235827 65
1445235828 65
1445235828 65
1445235829 65
1445235829 65
1445235829 65
1445235830 65
1445235830 65
1445235831 65
1445235831 65
1445235832 65
1445235832 65
1445235833 65
1445235833 65
1445235833 65
1445235834 65
1445235834 65
1445235835 65
1445235835 65
1445235836 65
1445235836 65
1445235836 65
1445235837 65
1445235837 65
1445235838 65
1445235838 65
1445235839 65
1445235839 65
1445235839 65
1445235840 65
1445235840 65
1445235841 65
1445235841 65
1445235842 65
1445235842 65
1445235842 65
1445235843 65
1445235843 65
1445235844 65
1445235844 65
1445235845 65
1445235845 65
1445235846 65
1445235846 65
1445235846 65
1445235847 65
1445235847 65
1445235848 65
1445235848 65
1445235849 65
1445235849 65
1445235849 65
1445235850 65
1445235850 65
1445235851 65
1445235851 65
1445235852 65
1445235852 65
1445235853 65
1445235853 65
1445235853 65
1445235854 65
1445235854 65
1445235855 65
1445235855 65
1445235856 65
1445235856 65
1445235857 65
1445235857 65
1445235857 65
1445235858 65
1445235858 65
1445235859 65
1445235859 65
1445235860 65
1445235860 65
1445235861 65
1445235861 65
1445235861 65
1445235862 65
1445235862 65
1445235863 65
1445235863 65
1445235864 65
1445235864 65
1445235864 65
1445235865 65
1445235865 65
1445235866 65
1445235866 65
1445235867 65
1445235867 65
1445235868 65
1445235868 65
1445235868 65
1445235869 65
1445235869 65
1445235870 65
1445235870 65
1445235871 65
1445235871 65
1445235871 65
1445235872 65
1445235872 65
1445235873 65
1445235873 65
1445235874 65
1445235874 65
1445235874 65
1445235875 65
1445235875 65
1445235876 65
1445235876 65
1445235877 65
1445235877 65
1445235878 65
1445235878 65
1445235878 65
1445235879 65
1445235879 65
1445235880 65
1445235880 65
1445235881 65
1445235881 65
1445235881 65
1445235882 65
1445235882 65
1445235883 65
1445235883 65
1445235884 65
1445235884 65
1445235884 65
1445235885 65
1445235885 65
1445235886 65
1445235886 65
1445235887 65
1445235887 65
1445235888 65
1445235888 65
1445235888 65
1445235889 65
1445235889 65
1445235890 65
1445235890 65
1445235891 65
1445235891 65
1445235892 65
1445235892 65
1445235893 65
1445235893 65
1445235893 65
1445235894 65
1445235894 65
1445235895 65
1445235895 65
1445235896 65
1445235896 65
1445235896 65
1445235897 65
1445235897 65
1445235898 65
1445235898 65
1445235899 65
1445235899 65
1445235900 65
1445235900 65
1445235900 65
1445235901 65
1445235901 65
1445235902 65
1445235902 65
1445235903 65
1445235903 65
1445235903 65
1445235904 65
1445235904 65
1445235905 65
1445235905 65
1445235906 65
1445235906 65
1445235907 65
1445235907 65
1445235907 65
1445235908 65
1445235908 65
1445235909 65
1445235909 65
1445235910 65
1445235910 65
1445235910 65
1445235911 65
1445235911 65
1445235912 65
1445235912 65
1445235913 65
1445235913 65
1445235914 65
1445235914 65
1445235914 65
1445235915 65
1445235915 65
1445235916 65
1445235916 65
1445235917 65
1445235917 65
1445235917 65
1445235918 65
1445235918 65
1445235919 65
1445235919 65
1445235920 65
1445235920 65
1445235920 65
1445235921 65
1445235921 65
1445235922 65
1445235922 65
1445235923 65
1445235923 65
1445235924 65
1445235924 65
1445235924 65
1445235925 65
1445235925 65
1445235926 65
1445235926 65
1445235927 65
1445235927 65
1445235927 65
1445235928 65
1445235928 65
1445235929 65
1445235929 65
1445235930 65
1445235930 65
1445235931 65
1445235931 65
1445235931 65
1445235932 65
1445235932 65
1445235933 65
1445235933 65
1445235934 65
1445235934 65
1445235934 65
1445235935 65
1445235935 65
1445235936 65
1445235936 65
1445235937 65
1445235937 65
1445235937 65
1445235938 65
1445235938 65
1445235938 65
1445235939 65
1445235939 65
1445235940 65
1445235940 65
1445235941 65
1445235941 65
1445235941 65
1445235942 65
1445235942 65
1445235943 65
1445235943 65
1445235944 65
1445235944 65
1445235944 65
1445235944 65
1445235944 65
1445235944 65
1445235944 65
1445235944 65
1445235944 65
1445235944 65
1445235944 65
1445235944 65
1445235944 65
1445235944 65
1445235944 65
1445235944 65
1445235945 65
1445235945 65
1445235945 65
1445235946 65
1445235946 65
1445235947 65
1445235947 65
1445235947 65
1445235948 65
1445235948 65
1445235948 65
1445235948 65
1445235948 65
1445235948 65
1445235948 65
1445235948 65
1445235948 65
1445235948 65
1445235948 65
1445235948 65
1445235948 65
1445235948 65
1445235948 65
1445235949 65
1445235949 65
1445235949 65
1445235949 65
1445235949 65
1445235949 65
1445235949 65
1445235949 65
1445235949 65
1445235949 65
1445235949 65
1445235949 65
1445235949 65
1445235949 65
1445235949 65
1445235949 65
1445235950 65
1445235950 65
1445235950 65
1445235950 65
1445235950 65
1445235950 65
1445235951 65
1445235951 65
1445235951 65
1445235951 65
1445235951 65
1445235951 65
1445235952 65
1445235952 65
1445235952 65
1445235952 65
1445235952 65
1445235953 65
1445235953 65
1445235954 65
1445235954 65
1445235954 65
1445235954 65
1445235954 65
1445235954 65
1445235954 65
1445235954 65
1445235954 65
1445235954 65
1445235954 65
1445235954 65
1445235954 65
1445235954 65
1445235954 65
1445235954 65
1445235954 65
1445235955 65
1445235955 65
1445235955 65
1445235956 65
1445235956 65
1445235957 65
1445235957 65
1445235957 65
1445235958 65
1445235958 65
1445235958 65
1445235959 65
1445235959 65
1445235959 65
1445235959 65
1445235960 65
1445235960 65
1445235960 65
1445235961 65
1445235961 65
1445235961 65
1445235962 65
1445235962 65
1445235962 65
1445235962 65
1445235963 65
1445235963 65
1445235963 65
1445235964 65
1445235964 65
1445235964 65
1445235965 65
1445235965 65
1445235965 65
1445235965 65
1445235965 65
1445235965 65
1445235965 65
1445235966 65
1445235966 65
1445235966 65
1445235967 65
1445235967 65
1445235967 65
1445235967 65
1445235967 65
1445235967 65
1445235967 65
1445235967 65
1445235967 65
1445235967 65
1445235967 65
1445235967 65
1445235967 65
1445235967 65
1445235967 65
1445235968 65
1445235968 65
1445235968 65
1445235968 65
1445235968 65
1445235968 65
1445235969 65
1445235969 65
1445235969 65
1445235970 65
1445235970 65
1445235971 65
1445235971 65
1445235971 65
1445235971 65
1445235971 65
1445235971 65
1445235971 65
1445235971 65
1445235972 65
1445235972 65
1445235972 65
1445235973 65
1445235973 65
1445235974 65
1445235974 65
1445235974 65
1445235974 65
1445235975 65
1445235975 65
1445235975 65
1445235975 65
1445235976 65
1445235976 65
1445235977 65
1445235977 65
1445235977 65
1445235977 65
1445235978 65
1445235978 65
1445235978 65
1445235978 65
1445235979 65
1445235979 65
1445235979 65
1445235979 65
1445235979 65
1445235979 65
1445235979 65
1445235979 65
1445235979 65
1445235979 65
1445235979 65
1445235979 65
1445235979 65
1445235979 65
1445235979 65
1445235979 65
1445235979 65
1445235979 65
1445235980 65
1445235980 65
1445235980 65
1445235980 65
1445235980 65
1445235981 65
1445235981 65
1445235981 65
1445235981 65
1445235981 65
1445235981 65
1445235981 65
1445235981 65
1445235981 65
1445235981 65
1445235981 65
1445235981 65
1445235981 65
1445235981 65
1445235981 65
1445235982 65
1445235982 65
1445235982 65
1445235982 65
1445235982 65
1445235982 65
1445235982 65
1445235982 65
1445235983 65
1445235983 65
1445235983 65
1445235983 65
1445235983 65
1445235983 65
1445235984 65
1445235984 65
1445235984 65
1445235984 65
1445235984 65
1445235984 65
1445235984 65
1445235984 65
1445235984 65
1445235984 65
1445235984 65
1445235984 65
1445235984 65
1445235984 65
1445235984 65
1445235985 65
1445235985 65
1445235985 65
1445235985 65
1445235985 65
1445235985 65
1445235985 65
1445235985 65
1445235985 65
1445235985 65
1445235985 65
1445235985 65
1445235985 65
1445235985 65
1445235985 65
1445235985 65
1445235985 65
1445235985 65
1445235985 65
1445235985 65
1445235985 65
1445235986 65
1445235986 65
1445235986 65
1445235986 65
1445235986 65
1445235986 65
1445235986 65
1445235986 65
1445235986 65
1445235986 65
1445235986 65
1445235987 65
1445235987 65
1445235987 7
1445235987 65
1445235987 65
1445235988 65
1445235988 65
1445235988 65
1445235988 65
1445235989 65
1445235989 65
1445235990 65
1445235990 65
1445235990 65
1445235991 65
1445235991 65
1445235991 65
1445235992 65
1445235992 65
1445235992 65
1445235993 65
1445235994 65
1445235994 65
1445235994 65
1445235995 65
1445235995 65
1445235995 65
1445235995 65
1445235996 65
1445235997 65
1445235997 65
1445235997 65
1445235998 65
1445235998 65
1445235998 65
1445235998 65
1445235999 65
1445236000 65
1445236000 65
1445236000 65
1445236000 65
1445236001 65
1445236001 65
1445236001 65
1445236001 65
1445236001 65
1445236001 65
1445236001 65
1445236001 65
1445236001 65
1445236002 65
1445236003 65
1445236003 65
1445236003 65
1445236003 2
1445236003 52
1445236003 60
1445236003 28
1445236003 61
1445236003 63
1445236003 64
1445236003 26
1445236003 41
1445236003 18
1445236003 24
1445236003 32
1445236003 -1
1445236003 65
1445236003 52
1445236003 60
1445236003 28
1445236003 61
1445236003 63
1445236003 64
1445236003 26
1445236003 41
1445236003 18
1445236003 24
1445236003 32
1445236003 -1
1445236003 65
1445236003 52
1445236003 60
1445236003 28
1445236003 61
1445236003 63
1445236003 64
1445236003 26
1445236003 41
1445236003 18
1445236003 24
1445236003 32
1445236003 -1
1445236003 65
1445236003 65
1445236003 65
1445236003 65
1445236003 1
1445236003 65
1445236003 65
1445236003 65
1445236003 65
1445236003 65
1445236003 65
1445236003 2
1445236003 52
1445236003 60
1445236003 28
1445236003 61
1445236003 63
1445236003 64
1445236003 26
1445236003 41
1445236003 18
1445236003 24
1445236003 32
1445236003 -1
1445236003 65
1445236003 52
1445236003 60
1445236003 28
1445236003 61
1445236003 63
1445236003 64
1445236003 26
1445236003 41
1445236003 18
1445236003 24
1445236003 32
1445236003 -1
1445236003 65
1445236003 52
1445236003 60
1445236003 28
1445236003 61
1445236003 63
1445236003 64
1445236003 26
1445236003 41
1445236003 18
1445236003 24
1445236003 32
1445236003 -1
1445236003 65
1445236003 6
1445236003 17
1445236003 24
1445236003 29
1445236003 29
1445236003 62
1445236003 43
1445236003 38
1445236003 36
1445236003 16
1445236003 16
1445236003 33
1445236003 30
1445236003 22
1445236003 14
1445236003 21
1445236003 21
1445236003 35
1445236003 39
1445236003 34
1445236003 20
1445236003 55
1445236003 48
1445236003 45
1445236003 40
1445236003 5
1445236003 28
1445236003 61
1445236003 63
1445236003 64
1445236003 26
1445236003 41
1445236003 18
1445236003 24
1445236003 32
1445236003 12
1445236003 52
1445236003 60
1445236003 28
1445236003 -1
1445236003 -1
1445236003 65
1445236003 17
1445236003 24
1445236003 29
1445236003 29
1445236003 62
1445236003 43
1445236003 38
1445236003 36
1445236003 16
1445236003 16
1445236003 33
1445236003 30
1445236003 22
1445236003 14
1445236003 21
1445236003 21
1445236003 35
1445236003 39
1445236003 34
1445236003 20
1445236003 55
1445236003 48
1445236003 45
1445236003 40
1445236003 5
1445236003 28
1445236003 61
1445236003 63
1445236003 64
1445236003 26
1445236003 41
1445236003 18
1445236003 24
1445236003 32
1445236003 12
1445236003 52
1445236003 60
1445236003 28
1445236003 -1
1445236003 -1
1445236003 65
1445236003 17
1445236003 24
1445236003 29
1445236003 29
1445236003 62
1445236003 43
1445236003 38
1445236003 36
1445236003 16
1445236003 16
1445236003 33
1445236003 30
1445236003 22
1445236003 14
1445236003 21
1445236003 21
1445236003 35
1445236003 39
1445236003 34
1445236003 20
1445236003 55
1445236003 48
1445236003 45
1445236003 40
1445236003 5
1445236003 28
1445236003 61
1445236003 63
1445236003 64
1445236003 26
1445236003 41
1445236003 18
1445236003 24
1445236003 32
1445236003 12
1445236003 52
1445236003 60
1445236003 28
1445236003 -1
1445236003 -1
1445236003 65
1445236003 65
1445236003 65
1445236003 65
1445236003 4
1445236003 4
1445236003 65
1445236003 65
1445236003 65
1445236003 65
1445236003 65
1445236003 65
1445236003 65
1445236003 65
1445236003 65
1445236003 65
1445236003 65
1445236003 65
1445236004 65
1445236004 65
1445236004 65
1445236004 65
1445236004 65
1445236004 65
1445236004 65
1445236005 65
1445236005 65
1445236005 65
1445236005 -1
1445236005 65
1445236005 65
1445236005 51
1445236005 50
1445236005 -1
1445236005 65
1445236005 65
1445236005 65
1445236005 65
1445236005 65
1445236005 65
1445236005 65
1445236005 65
1445236005 65
1445236005 65
1445236005 65
1445236005 65
1445236005 65
1445236005 65
1445236005 65
1445236005 65
1445236006 65
1445236006 65
1445236006 65
1445236006 65
1445236006 65
1445236006 65
1445236006 65
1445236006 65
1445236006 65
1445236006 65
1445236006 65
1445236006 65
1445236006 65
1445236006 65
1445236006 65
1445236006 65
1445236006 65
1445236006 65
1445236006 65
1445236006 65
1445236007 65
1445236007 65
1445236007 65
1445236007 65
1445236007 65
1445236007 65
1445236007 65
1445236007 65
1445236007 65
1445236008 65
1445236008 65
1445236008 7
1445236008 65
1445236008 65
1445236008 65
1445236009 65
1445236009 65
1445236009 65
1445236010 65
1445236010 65
1445236010 65
1445236010 65
1445236010 65
1445236010 65
1445236010 65
1445236010 65
1445236010 65
1445236010 65
1445236010 65
1445236011 65
1445236011 65
1445236011 65
1445236012 65
1445236012 65
1445236012 65
1445236013 65
1445236013 65
1445236014 65
1445236015 65
1445236015 65
1445236015 65
1445236016 65
1445236016 11
1445236016 57
1445236016 53
1445236016 46
1445236016 56
1445236016 49
1445236016 37
1445236016 42
1445236016 31
1445236016 19
1445236016 23
1445236016 27
1445236016 65
1445236016 65
1445236016 65
1445236016 65
1445236016 65
1445236016 65
1445236016 65
1445236016 65
1445236016 65
1445236016 65
1445236016 65
1445236016 65
1445236016 65
1445236016 4
1445236016 65
1445236016 65
1445236016 65
1445236016 65
1445236016 65
1445236016 65
1445236017 65
1445236017 65
1445236017 65
1445236017 65
1445236017 65
1445236017 65
1445236018 65
1445236018 65
1445236018 65
1445236018 65
1445236018 65
1445236018 65
1445236018 65
1445236018 65
1445236018 65
1445236018 65
1445236018 65
1445236018 65
1445236018 65
1445236018 65
1445236018 65
1445236018 65
1445236018 65
1445236018 65
1445236018 65
1445236019 65
1445236019 65
1445236019 65
1445236020 65
1445236021 65
1445236021 65
1445236021 65
1445236021 65
1445236021 65
1445236021 65
1445236021 65
1445236021 65
1445236022 65
1445236022 65
1445236023 65
1445236024 65
1445236024 65
1445236024 65
1445236024 65
1445236024 65
1445236025 65
1445236025 65
1445236026 65
1445236027 65
1445236027 65
1445236027 65
1445236027 65
1445236028 65
1445236028 65
1445236028 65
1445236029 65
1445236029 65
1445236029 65
1445236030 65
1445236030 65
1445236030 65
1445236031 65
1445236031 65
1445236032 65
1445236032 65
1445236032 65
1445236033 65
1445236033 65
1445236033 65
1445236033 65
1445236033 65
1445236034 65
1445236034 65
1445236035 65
1445236035 65
1445236036 65
1445236036 65
1445236036 65
1445236036 65
1445236036 65
1445236037 65
1445236037 65
1445236037 65
1445236038 65
1445236038 65
1445236039 65
1445236039 65
1445236039 65
1445236039 65
1445236039 65
1445236040 65
1445236040 65
1445236040 65
1445236041 65
1445236041 65
1445236041 65
1445236042 65
1445236042 65
1445236042 65
1445236042 65
1445236043 65
1445236043 65
1445236043 65
1445236044 65
1445236044 65
1445236044 65
1445236044 65
1445236045 65
1445236045 65
1445236045 65
1445236045 65
1445236046 65
1445236046 65
1445236047 65
1445236047 65
1445236048 65
1445236048 65
1445236048 65
1445236048 65
1445236048 65
1445236048 65
1445236049 65
1445236049 65
1445236049 65
1445236049 65
1445236049 65
1445236049 65
1445236049 65
1445236049 65
1445236049 65
1445236049 65
1445236049 65
1445236049 65
1445236050 65
1445236050 65
1445236050 65
1445236050 65
1445236050 65
1445236050 65
1445236050 65
1445236050 65
1445236050 65
1445236050 65
1445236050 65
1445236050 65
1445236050 65
1445236050 65
1445236050 65
1445236051 65
1445236051 65
1445236051 65
1445236051 65
1445236051 65
1445236051 65
1445236051 51
1445236051 50
1445236051 -1
1445236051 65
1445236051 65
1445236051 65
1445236051 65
1445236051 65
1445236051 65
1445236051 65
1445236051 65
1445236051 65
1445236051 65
1445236052 65
1445236052 65
1445236052 65
1445236052 65
1445236052 65
1445236052 65
1445236052 65
1445236052 65
1445236052 65
1445236052 65
1445236052 65
1445236052 65
1445236052 65
1445236052 65
1445236052 65
1445236052 65
1445236052 65
1445236052 65
1445236052 65
1445236052 65
1445236052 65
1445236052 65
1445236053 65
1445236053 65
1445236053 65
1445236054 65
1445236054 65
1445236054 65
1445236054 65
1445236055 65
1445236056 65
1445236056 65
1445236056 65
1445236056 65
1445236056 65
1445236056 65
1445236057 65
1445236057 65
1445236057 65
1445236057 65
1445236057 65
1445236058 65
1445236059 65
1445236059 65
1445236059 65
1445236059 65
1445236060 65
1445236060 65
1445236060 65
1445236060 65
1445236060 65
1445236061 65
1445236061 65
1445236062 65
1445236062 65
1445236062 65
1445236062 65
1445236062 65
1445236062 65
1445236062 65
1445236062 65
1445236062 65
1445236062 65
1445236062 65
1445236062 65
1445236062 65
1445236062 65
1445236063 65
1445236063 65
1445236063 65
1445236063 65
1445236063 65
1445236063 51
1445236063 50
1445236063 -1
1445236063 65
1445236064 65
1445236064 65
1445236064 65
1445236065 65
1445236065 65
1445236065 65
1445236065 65
1445236065 65
1445236065 65
1445236065 65
1445236065 65
1445236065 65
1445236065 65
1445236065 65
1445236065 65
1445236066 65
1445236066 65
1445236066 65
1445236066 65
1445236066 65
1445236066 65
1445236066 65
1445236066 65
1445236066 65
1445236066 65
1445236066 65
1445236066 65
1445236067 65
1445236067 65
1445236067 65
1445236067 65
1445236067 65
1445236067 65
1445236067 65
1445236068 65
1445236068 65
1445236068 65
1445236068 65
1445236068 65
1445236068 65
1445236069 65
1445236069 65
1445236069 65
1445236069 65
1445236069 65
1445236070 65
1445236070 65
1445236071 65
1445236071 65
1445236071 65
1445236071 65
1445236072 65
1445236072 65
1445236072 65
1445236072 65
1445236072 65
1445236073 65
1445236073 65
1445236074 65
1445236074 65
1445236074 65
1445236075 65
1445236075 65
1445236075 65
1445236075 65
1445236076 65
1445236076 65
1445236076 65
1445236077 65
1445236077 65
1445236077 65
1445236077 65
1445236078 65
1445236078 65
1445236078 65
1445236078 65
1445236078 65
1445236079 65
1445236079 65
1445236079 65
1445236079 65
1445236079 65
1445236080 65
1445236080 65
1445236080 65
1445236081 65
1445236081 65
1445236081 65
1445236081 65
1445236082 65
1445236082 65
1445236082 65
1445236083 65
1445236083 65
1445236083 65
1445236083 65
1445236083 65
1445236083 65
1445236083 65
1445236083 65
1445236083 65
1445236083 65
1445236083 65
1445236083 65
1445236084 65
1445236084 65
1445236084 65
1445236084 65
1445236085 65
1445236085 65
1445236085 65
1445236085 65
1445236085 65
1445236085 65
1445236085 51
1445236085 50
1445236085 -1
1445236086 65
1445236086 65
1445236086 65
1445236087 65
1445236087 65
1445236087 65
1445236087 65
1445236087 65
1445236087 65
1445236087 65
1445236087 65
1445236087 65
1445236087 65
1445236087 65
1445236087 65
1445236087 65
1445236088 65
1445236088 65
1445236088 65
1445236088 65
1445236088 65
1445236088 51
1445236088 50
1445236088 -1
1445236088 65
1445236089 65
1445236089 65
1445236089 65
1445236090 65
1445236090 65
1445236091 65
1445236091 65
1445236092 65
1445236092 65
1445236092 65
1445236093 65
1445236093 65
1445236093 65
1445236094 65
1445236094 65
1445236095 65
1445236095 65
1445236096 65
1445236096 65
1445236096 65
1445236097 65
1445236097 65
1445236097 65
1445236098 65
1445236098 65
1445236099 65
1445236099 65
1445236100 65
1445236100 65
1445236100 65
1445236101 65
1445236101 65
1445236101 65
1445236102 65
1445236102 65
1445236103 65
1445236103 65
1445236104 65
1445236104 65
1445236104 65
1445236104 65
1445236105 65
1445236105 65
1445236105 65
1445236106 65
1445236106 65
1445236107 65
1445236107 65
1445236108 65
1445236108 65
1445236108 65
1445236108 65
1445236109 65
1445236109 65
1445236109 65
1445236110 65
1445236110 65
1445236111 65
1445236111 65
1445236112 65
1445236112 65
1445236112 65
1445236112 65
1445236113 65
1445236113 65
1445236113 65
1445236113 65
1445236114 65
1445236114 65
1445236115 65
1445236115 65
1445236115 65
1445236115 65
1445236115 65
1445236115 65
1445236115 65
1445236115 65
1445236115 65
1445236115 65
1445236115 65
1445236115 65
1445236115 65
1445236116 65
1445236116 65
1445236116 65
1445236116 65
1445236116 65
1445236116 65
1445236116 65
1445236117 65
1445236117 65
1445236117 65
1445236117 65
1445236117 51
1445236117 50
1445236117 -1
1445236117 65
1445236118 65
1445236118 65
1445236119 65
1445236119 65
1445236119 65
1445236120 65
1445236120 65
1445236120 65
1445236120 65
1445236121 65
1445236121 65
1445236121 65
1445236122 65
1445236122 65
1445236122 65
1445236122 65
1445236122 65
1445236122 65
1445236122 65
1445236122 65
1445236122 65
1445236122 65
1445236122 65
1445236122 65
1445236122 65
1445236123 65
1445236123 65
1445236123 65
1445236123 65
1445236123 65
1445236123 51
1445236123 50
1445236123 -1
1445236124 65
1445236124 65
1445236124 65
1445236124 65
1445236124 65
1445236124 65
1445236124 65
1445236124 65
1445236124 65
1445236124 65
1445236124 65
1445236124 65
1445236124 65
1445236124 65
1445236124 65
1445236125 65
1445236125 65
1445236125 65
1445236125 65
1445236125 65
1445236125 51
1445236125 50
1445236125 -1
1445236125 65
1445236126 65
1445236127 65
1445236127 65
1445236128 65
1445236128 65
1445236128 65
1445236128 65
1445236129 65
1445236129 65
1445236129 65
1445236130 65
1445236130 65
1445236131 65
1445236132 65
1445236132 65
1445236132 65
1445236132 65
1445236133 65
1445236133 65
1445236133 65
1445236133 65
1445236133 65
1445236133 65
1445236133 65
1445236133 65
1445236133 65
1445236133 65
1445236133 65
1445236133 65
1445236133 65
1445236134 65
1445236134 65
1445236134 65
1445236135 65
1445236135 65
1445236135 65
1445236135 51
1445236135 50
1445236135 -1
1445236135 65
1445236136 65
1445236136 65
1445236136 65
1445236137 65
1445236137 65
1445236137 65
1445236138 65
1445236138 65
1445236139 65
1445236139 65
1445236140 65
1445236141 65
1445236141 65
1445236142 65
1445236142 65
1445236142 65
1445236142 65
1445236143 65
1445236143 65
1445236144 65
1445236145 65
1445236145 65
1445236146 65
1445236146 65
1445236146 65
1445236146 65
1445236147 65
1445236147 65
1445236148 65
1445236148 65
1445236149 65
1445236150 65
1445236150 65
1445236151 65
1445236151 65
1445236151 65
1445236151 65
1445236152 65
1445236152 65
1445236153 65
1445236154 65
1445236154 65
1445236154 65
1445236155 65
1445236155 65
1445236155 65
1445236156 65
1445236157 65
1445236157 65
1445236157 65
1445236158 65
1445236159 65
1445236159 65
1445236160 65
1445236160 65
1445236160 65
1445236160 65
1445236161 65
1445236161 65
1445236162 65
1445236163 65
1445236163 65
1445236163 65
1445236164 65
1445236165 65
1445236165 65
1445236165 65
1445236166 65
1445236166 65
1445236166 65
1445236167 65
1445236168 65
1445236168 65
1445236169 65
1445236169 65
1445236169 65
1445236169 65
1445236170 65
1445236170 65
1445236171 65
1445236172 65
1445236172 65
1445236172 65
1445236173 65
1445236173 65
1445236173 65
1445236173 65
1445236174 65
1445236175 65
1445236175 65
1445236175 65
1445236176 65
1445236177 65
1445236177 65
1445236177 65
1445236177 65
1445236178 65
1445236178 65
1445236179 65
1445236179 65
1445236180 65
1445236181 65
1445236181 65
1445236181 65
1445236181 65
1445236181 65
1445236182 65
1445236183 65
1445236183 65
1445236184 65
1445236184 65
1445236185 65
1445236185 65
1445236186 65
1445236186 65
1445236186 65
1445236187 65
1445236187 65
1445236187 65
1445236188 65
1445236189 65
1445236189 65
1445236190 65
1445236190 65
1445236190 65
1445236190 65
1445236191 65
1445236192 65
1445236192 65
1445236193 65
1445236193 65
1445236193 65
1445236194 65
1445236194 65
1445236194 65
1445236195 65
1445236196 65
1445236196 65
1445236196 65
1445236197 65
1445236197 65
1445236198 65
1445236198 65
1445236198 65
1445236199 65
1445236199 65
1445236200 65
1445236200 65
1445236201 65
1445236201 65
1445236201 65
1445236202 65
1445236202 65
1445236203 65
1445236203 65
1445236203 65
1445236204 65
1445236205 65
1445236205 65
1445236205 65
1445236206 65
1445236206 65
1445236207 65
1445236207 65
1445236207 65
1445236208 65
1445236208 65
1445236209 65
1445236209 65
1445236210 65
1445236210 65
1445236211 65
1445236211 65
1445236212 65
1445236212 65
1445236212 65
1445236213 65
1445236214 65
1445236214 65
1445236214 65
1445236215 65
1445236215 65
1445236216 65
1445236216 65
1445236216 65
1445236217 65
1445236217 65
1445236218 65
1445236218 65
1445236219 65
1445236219 65
1445236220 65
1445236220 65
1445236220 65
1445236220 65
1445236221 65
1445236222 65
1445236222 65
1445236223 65
1445236223 65
1445236223 65
1445236224 65
1445236224 65
1445236224 65
1445236225 65
1445236226 65
1445236226 65
1445236226 65
1445236227 65
1445236227 65
1445236228 65
1445236228 65
1445236228 65
1445236229 65
1445236229 65
1445236230 65
1445236230 65
1445236231 65
1445236231 65
1445236232 65
1445236232 65
1445236232 65
1445236233 65
1445236233 65
1445236234 65
1445236234 65
1445236235 65
1445236235 65
1445236235 65
1445236236 65
1445236237 65
1445236237 65
1445236237 65
1445236238 65
1445236238 65
1445236238 65
1445236239 65
1445236240 65
1445236240 65
1445236241 65
1445236241 65
1445236241 65
1445236241 65
1445236242 65
1445236243 65
1445236243 65
1445236244 65
1445236244 65
1445236244 65
1445236245 65
1445236246 65
1445236246 65
1445236246 65
1445236247 65
1445236247 65
1445236248 65
1445236248 65
1445236249 65
1445236249 65
1445236250 65
1445236250 65
1445236250 65
1445236251 65
1445236251 65
1445236251 65
1445236252 65
1445236253 65
1445236253 65
1445236254 65
1445236254 65
1445236254 65
1445236255 65
1445236255 65
1445236255 65
1445236256 65
1445236257 65
1445236257 65
1445236257 65
1445236258 65
1445236259 65
1445236259 65
1445236259 65
1445236260 65
1445236260 65
1445236260 65
1445236261 65
1445236262 65
1445236262 65
1445236263 65
1445236263 65
1445236263 65
1445236264 65
1445236264 65
1445236264 65
1445236265 65
1445236266 65
1445236266 65
1445236266 65
1445236267 65
1445236268 65
1445236268 65
1445236268 65
1445236269 65
1445236269 65
1445236269 65
1445236270 65
1445236271 65
1445236271 65
1445236271 65
1445236272 65
1445236272 65
1445236272 65
1445236272 65
1445236273 65
1445236274 65
1445236274 65
1445236275 65
1445236275 65
1445236275 65
1445236276 65
1445236277 65
1445236277 65
1445236277 65
1445236278 65
1445236278 65
1445236278 65
1445236279 65
1445236279 65
1445236280 65
1445236281 65
1445236281 65
1445236281 65
1445236281 65
1445236282 65
1445236282 65
1445236283 65
1445236284 65
1445236284 65
1445236284 65
1445236285 65
1445236285 65
1445236285 65
1445236286 65
1445236286 65
1445236287 65
1445236287 65
1445236288 65
1445236288 65
1445236289 65
1445236290 65
1445236290 65
1445236290 65
1445236290 65
1445236291 65
1445236291 65
1445236292 65
1445236293 65
1445236293 65
1445236293 65
1445236294 65
1445236294 65
1445236294 65
1445236295 65
1445236295 65
1445236296 65
1445236296 65
1445236297 65
1445236297 65
1445236298 65
1445236299 65
1445236299 65
1445236299 65
1445236299 65
1445236300 65
1445236300 65
1445236301 65
1445236302 65
1445236302 65
1445236302 65
1445236303 65
1445236303 65
1445236304 65
1445236304 65
1445236304 65
1445236305 65
1445236305 65
1445236306 65
1445236306 65
1445236307 65
1445236308 65
1445236308 65
1445236308 65
1445236309 65
1445236309 65
1445236309 65
1445236310 65
1445236311 65
1445236311 65
1445236311 65
1445236312 65
1445236312 65
1445236312 65
1445236313 65
1445236313 65
1445236314 65
1445236314 65
1445236314 65
1445236315 65
1445236316 65
1445236316 65
1445236316 65
1445236317 65
1445236317 65
1445236317 65
1445236318 65
1445236318 65
1445236319 65
1445236320 65
1445236320 65
1445236320 65
1445236320 65
1445236320 65
1445236320 65
1445236320 65
1445236320 65
1445236320 65
1445236320 65
1445236321 65
1445236321 65
1445236321 65
1445236321 65
1445236321 65
1445236321 65
1445236321 65
1445236321 65
1445236321 65
1445236321 65
1445236321 65
1445236322 65
1445236322 65
1445236322 65
1445236322 4
1445236322 65
1445236322 65
1445236323 65
1445236323 65
1445236323 65
1445236324 65
1445236324 65
1445236325 65
1445236326 65
1445236326 65
1445236326 65
1445236327 65
1445236328 65
1445236328 11
1445236328 57
1445236328 53
1445236328 46
1445236328 56
1445236328 49
1445236328 37
1445236328 42
1445236328 31
1445236328 19
1445236328 23
1445236328 27
1445236328 65
1445236328 65
1445236329 65
1445236329 65
1445236329 65
1445236330 65
1445236330 65
1445236330 65
1445236330 65
1445236330 -1
1445236331 65
1445236331 65
1445236332 65
1445236332 65
1445236332 65
1445236332 65
1445236332 65
1445236332 65
1445236332 51
1445236332 50
1445236332 -1
1445236333 65
1445236334 65
1445236335 65
1445236335 65
1445236335 65
1445236335 65
1445236336 65
1445236337 65
1445236338 65
1445236338 65
1445236339 65
1445236339 65
1445236339 65
1445236340 65
1445236341 65
1445236341 65
1445236342 65
1445236343 65
1445236343 65
1445236344 65
1445236344 65
1445236344 65
1445236345 65
1445236346 65
1445236347 65
1445236347 65
1445236347 65
1445236348 65
1445236348 65
1445236349 65
1445236350 65
1445236350 65
1445236351 65
1445236352 65
1445236352 65
1445236352 65
1445236353 65
1445236353 65
1445236354 65
1445236355 65
1445236356 65
1445236356 65
1445236356 65
1445236356 65
1445236357 65
1445236358 65
1445236359 65
1445236359 65
1445236359 65
1445236359 65
1445236360 65
1445236361 65
1445236362 65
1445236362 65
1445236363 65
1445236363 65
1445236363 65
1445236364 65
1445236365 65
1445236365 65
1445236366 65
1445236366 65
1445236366 65
1445236367 65
1445236368 65
1445236368 65
1445236369 65
1445236369 65
1445236370 65
1445236370 65
1445236371 65
1445236371 65
1445236372 65
1445236373 65
1445236373 65
1445236373 65
1445236374 65
1445236374 65
1445236375 65
1445236376 65
1445236376 65
1445236377 65
1445236377 65
1445236377 65
1445236378 65
1445236379 65
1445236380 65
1445236380 65
1445236380 65
1445236380 65
1445236381 65
1445236382 65
1445236383 65
1445236383 65
1445236383 65
1445236383 65
1445236384 65
1445236385 65
1445236386 65
1445236386 65
1445236387 65
1445236387 65
1445236387 65
1445236388 65
1445236389 65
1445236389 65
1445236390 65
1445236390 65
1445236390 65
1445236391 65
1445236391 65
1445236391 65
1445236391 65
1445236391 65
1445236391 65
1445236391 65
1445236391 65
1445236391 65
1445236391 65
1445236391 65
1445236391 65
1445236391 65
1445236391 65
1445236391 65
1445236391 65
1445236391 65
1445236392 65
1445236392 65
1445236392 4
1445236392 65
1445236392 65
1445236392 65
1445236393 65
1445236394 65
1445236394 65
1445236394 65
1445236394 11
1445236394 57
1445236394 53
1445236394 46
1445236394 56
1445236394 49
1445236394 37
1445236394 42
1445236394 31
1445236394 19
1445236394 23
1445236394 27
1445236395 65
1445236395 65
1445236395 65
1445236395 65
1445236395 65
1445236395 51
1445236395 50
1445236395 -1
1445236395 65
1445236395 65
1445236395 51
1445236395 50
1445236395 -1
1445236396 65
1445236397 65
1445236398 65
1445236398 65
1445236399 65
1445236400 65
1445236401 65
1445236401 65
1445236402 65
1445236403 65
1445236404 65
1445236404 65
1445236405 65
1445236406 65
1445236407 65
1445236407 65
1445236408 65
1445236409 65
1445236410 65
1445236410 65
1445236411 65
1445236412 65
1445236413 65
1445236413 65
1445236414 65
1445236415 65
1445236416 65
1445236416 65
1445236417 65
1445236418 65
1445236419 65
1445236419 65
1445236420 65
1445236421 65
1445236422 65
1445236422 65
1445236423 65
1445236424 65
1445236425 65
1445236425 65
1445236426 65
1445236427 65
1445236428 65
1445236428 65
1445236429 65
1445236430 65
1445236431 65
1445236431 65
1445236432 65
1445236433 65
1445236434 65
1445236434 65
1445236435 65
1445236436 65
1445236437 65
1445236438 65
1445236438 65
1445236439 65
1445236440 65
1445236441 65
1445236441 65
1445236442 65
1445236443 65
1445236444 65
1445236444 65
1445236445 65
1445236446 65
1445236447 65
1445236447 65
1445236448 65
1445236449 65
1445236450 65
1445236450 65
1445236451 65
1445236452 65
1445236453 65
1445236453 65
1445236454 65
1445236455 65
1445236456 65
1445236456 65
1445236457 65
1445236458 65
1445236459 65
1445236459 65
1445236460 65
1445236461 65
1445236462 65
1445236462 65
1445236463 65
1445236464 65
1445236465 65
1445236465 65
1445236466 65
1445236467 65
1445236468 65
1445236468 65
1445236469 65
1445236470 65
1445236471 65
1445236471 65
1445236472 65
1445236473 65
1445236474 65
1445236474 65
1445236475 65
1445236476 65
1445236477 65
1445236477 65
1445236478 65
1445236479 65
1445236480 65
1445236480 65
1445236480 65
1445236483 65
1445236486 65
1445236489 65
1445236492 65
1445236495 65
1445236498 65
1445236501 65
1445236504 65
1445236507 65
1445236510 65
1445236513 65
1445236516 65
1445236519 65
1445236522 65
1445236525 65
1445236528 65
1445236531 65
1445236534 65
1445236537 65
1445236540 65
1445236543 65
1445236546 65
1445236549 65
1445236552 65
1445236555 65
1445236558 65
1445236561 65
1445236564 65
1445236567 65
1445236570 65
1445236573 65
1445236576 65
1445236579 65
1445236582 65
1445236585 65
1445236588 65
1445236591 65
1445236594 65
1445236597 65
1445236600 65
1445236603 65
1445236606 65
1445236609 65
1445236612 65
1445236615 65
1445236618 65
1445236621 65
1445236624 65
1445236627 65
1445236630 65
1445236633 65
1445236636 65
1445236639 65
1445236642 65
1445236645 65
1445236648 65
1445236651 65
1445236654 65
1445236657 65
1445236661 65
1445236664 65
1445236667 65
1445236670 65
1445236673 65
1445236676 65
1445236679 65
1445236682 65
1445236685 65
1445236688 65
1445236691 65
1445236694 65
1445236697 65
1445236700 65
1445236703 65
1445236706 65
1445236709 65
1445236712 65
1445236715 65
1445236718 65
1445236721 65
1445236724 65
1445236727 65
1445236730 65
1445236733 65
1445236736 65
1445236739 65
1445236742 65
1445236745 65
1445236748 65
1445236751 65
1445236754 65
1445236757 65
1445236760 65
1445236763 65
1445236766 65
1445236769 65
1445236772 65
1445236775 65
1445236778 65
1445236781 65
1445236784 65
1445236787 65
1445236790 65
1445236793 65
1445236796 65
1445236799 65
1445236802 65
1445236805 65
1445236808 65
1445236811 65
1445236814 65
1445236817 65
1445236820 65
1445236823 65
1445236826 65
1445236829 65
1445236832 65
1445236835 65
1445236838 65
1445236841 65
1445236844 65
1445236847 65
1445236850 65
1445236853 65
1445236856 65
1445236859 65
1445236862 65
1445236866 65
1445236869 65
1445236872 65
1445236875 65
1445236878 65
1445236881 65
1445236884 65
1445236887 65
1445236890 65
1445236893 65
1445236895 65
1445236895 65
1445236895 65
1445236895 65
1445236895 65
1445236895 65
1445236895 65
1445236895 65
1445236895 65
1445236895 65
1445236895 65
1445236895 65
1445236895 65
1445236895 65
1445236895 65
1445236895 65
1445236895 65
1445236895 65
1445236895 65
1445236895 65
1445236895 65
1445236895 65
1445236895 65
1445236895 65
1445236895 65
1445236895 65
1445236895 65
1445236895 65
1445236895 65
1445236895 15
1445236896 65
1445236896 65
1445236896 15
1445236896 65
1445236896 44
1445236896 65
1445236896 44
1445236896 65
1445236896 10
1445236896 59
1445236896 65
1445236896 9
1445236896 54
1445236896 65
1445236896 8
1445236896 25
1445236896 65
1445236896 65
1445236896 65
1445236896 65
1445236897 65
1445236897 65
1445236897 65
1445236897 65
1445236897 65
1445236897 65
