1445163428 21
1445163429 11
1445163429 17
1445163429 23
1445163429 6
1445163429 5
1445163429 2
1445163430 4
1445163431 8
1445163431 12
1445163431 7
1445163431 29
1445163431 14
1445163431 25
1445163431 26
1445163431 27
1445163431 13
1445163435 22
1445163435 15
1445163435 18
1445163435 29
1445163447 31
1445163447 20
1445163450 22
1445163450 15
1445163450 18
1445163450 29
1445163462 31
1445163462 20
1445163463 22
1445163463 15
1445163463 18
1445163463 29
1445163474 31
1445163474 20
1445163476 22
1445163476 15
1445163476 18
1445163476 29
1445163486 31
1445163486 20
1445163488 22
1445163488 15
1445163488 18
1445163488 29
1445163497 31
1445163497 20
1445163499 22
1445163499 15
1445163499 18
1445163499 29
1445163510 31
1445163510 20
1445163512 22
1445163512 15
1445163512 18
1445163512 29
1445163523 31
1445163523 20
1445163524 10
1445163524 22
1445163524 15
1445163524 18
1445163531 30
1445163531 24
1445163531 1
1445163555 3
1445163555 28
1445163556 19
1445163556 16
1445163556 9
