1445162517 26
1445162517 10
1445162517 17
1445162517 21
1445162517 6
1445162517 5
1445162518 2
1445162518 3
1445162519 8
1445162519 11
1445162519 7
1445162519 31
1445162519 12
1445162519 24
1445162519 28
1445162519 25
1445162519 14
1445162523 22
1445162523 18
1445162523 15
1445162523 31
1445162534 29
1445162534 20
1445162537 22
1445162537 18
1445162537 15
1445162537 31
1445162549 29
1445162549 20
1445162551 22
1445162551 18
1445162551 15
1445162551 31
1445162562 29
1445162562 20
1445162565 22
1445162565 18
1445162565 15
1445162565 31
1445162576 29
1445162576 20
1445162578 22
1445162578 18
1445162578 15
1445162578 31
1445162590 29
1445162590 20
1445162592 22
1445162592 18
1445162592 15
1445162592 31
1445162603 29
1445162603 20
1445162606 22
1445162606 18
1445162606 15
1445162606 31
1445162616 29
1445162616 20
1445162617 13
1445162617 22
1445162617 18
1445162617 15
1445162625 30
1445162625 23
1445162625 1
1445162656 4
1445162657 27
1445162657 16
1445162657 19
1445162657 9
