1445162517 8
1445162517 147
1445162517 16
1445162517 102
1445162517 83
1445162517 8
1445162518 147
1445162518 160
1445162519 82
1445162519 67
1445162519 22
1445162519 102
1445162519 3
1445162519 75
1445162519 25
1445162519 25
1445162519 154
1445162523 102
1445162523 25
1445162523 25
1445162523 102
1445162534 75
1445162534 25
1445162537 102
1445162537 25
1445162537 25
1445162537 102
1445162549 75
1445162549 25
1445162551 102
1445162551 25
1445162551 25
1445162551 102
1445162562 75
1445162562 25
1445162565 102
1445162565 25
1445162565 25
1445162565 102
1445162576 75
1445162576 25
1445162578 102
1445162578 25
1445162578 25
1445162578 102
1445162590 75
1445162590 25
1445162592 102
1445162592 25
1445162592 25
1445162592 102
1445162603 75
1445162603 25
1445162606 102
1445162606 25
1445162606 25
1445162606 102
1445162616 75
1445162616 25
1445162617 67
1445162617 102
1445162617 25
1445162617 25
1445162625 75
1445162625 102
1445162625 160
1445162656 129
1445162657 3
1445162657 16
1445162657 16
1445162657 111
