1445094477 35
1445094477 35
1445094477 35
1445094477 35
1445094478 35
1445094478 35
1445094478 35
1445094478 35
1445094478 35
1445094478 35
1445094478 35
1445094478 35
1445094478 35
1445094478 35
1445094478 35
1445094478 35
1445094478 35
1445094478 35
1445094478 35
1445094479 35
1445094479 35
1445094479 35
1445094479 35
1445094479 35
1445094479 35
1445094479 35
1445094479 35
1445094479 35
1445094479 35
1445094479 35
1445094479 35
1445094479 35
1445094479 35
1445094479 35
1445094479 8
1445094479 35
1445094479 35
1445094479 35
1445094479 35
1445094479 35
1445094479 35
1445094479 35
1445094479 64
1445094479 5
1445094479 64
1445094479 35
1445094480 35
1445094480 35
1445094480 35
1445094480 35
1445094480 35
1445094480 35
1445094480 35
1445094480 35
1445094480 35
1445094480 35
1445094480 35
1445094480 35
1445094480 35
1445094480 35
1445094480 35
1445094480 35
1445094480 35
1445094480 35
1445094480 35
1445094480 35
1445094480 35
1445094480 35
1445094480 35
1445094480 35
1445094480 35
1445094480 35
1445094480 35
1445094480 35
1445094480 35
1445094480 35
1445094480 35
1445094480 35
1445094480 35
1445094480 35
1445094480 35
1445094480 35
1445094480 35
1445094480 35
1445094480 35
1445094480 35
1445094480 35
1445094480 35
1445094480 35
1445094480 35
1445094480 35
1445094480 35
1445094480 35
1445094480 35
1445094480 35
1445094480 35
1445094480 35
1445094480 35
1445094480 35
1445094480 35
1445094480 35
1445094480 35
1445094480 35
1445094480 35
1445094480 35
1445094480 35
1445094480 35
1445094480 35
1445094481 35
1445094481 35
1445094481 35
1445094481 35
1445094482 35
1445094482 35
1445094482 35
1445094482 35
1445094482 35
1445094482 35
1445094482 35
1445094482 35
1445094482 35
1445094482 35
1445094482 35
1445094482 35
1445094482 35
1445094482 35
1445094482 35
1445094482 35
1445094482 35
1445094482 35
1445094482 35
1445094482 35
1445094482 35
1445094482 35
1445094482 35
1445094482 35
1445094482 35
1445094482 35
1445094482 35
1445094482 35
1445094482 35
1445094482 35
1445094482 35
1445094482 35
1445094482 35
1445094482 35
1445094482 35
1445094482 35
1445094482 35
1445094482 35
1445094482 35
1445094482 35
1445094482 35
1445094482 35
1445094482 35
1445094482 35
1445094482 35
1445094482 35
1445094482 35
1445094482 35
1445094482 35
1445094482 35
1445094482 35
1445094482 35
1445094482 35
1445094482 35
1445094482 35
1445094482 35
1445094482 35
1445094482 35
1445094482 35
1445094482 35
1445094482 35
1445094482 35
1445094482 35
1445094482 35
1445094482 35
1445094482 35
1445094482 35
1445094482 35
1445094482 35
1445094482 35
1445094482 35
1445094482 35
1445094483 35
1445094483 35
1445094483 35
1445094483 35
1445094483 35
1445094483 35
1445094483 35
1445094483 35
1445094483 35
1445094483 35
1445094483 35
1445094483 35
1445094483 35
1445094483 35
1445094483 35
1445094483 35
1445094483 35
1445094483 35
1445094483 35
1445094483 35
1445094483 35
1445094483 35
1445094483 35
1445094483 35
1445094483 35
1445094483 35
1445094483 35
1445094483 35
1445094483 35
1445094483 35
1445094483 35
1445094483 35
1445094483 35
1445094483 35
1445094483 35
1445094483 35
1445094483 35
1445094483 35
1445094483 35
1445094483 35
1445094483 35
1445094483 35
1445094483 35
1445094483 35
1445094483 35
1445094483 35
1445094483 35
1445094483 35
1445094483 35
1445094483 35
1445094483 35
1445094483 35
1445094483 35
1445094484 35
1445094484 35
1445094485 35
1445094485 35
1445094486 35
1445094486 35
1445094487 35
1445094487 35
1445094487 35
1445094488 35
1445094488 35
1445094488 35
1445094488 35
1445094488 35
1445094488 35
1445094488 35
1445094489 35
1445094489 35
1445094489 35
1445094489 35
1445094489 35
1445094489 35
1445094489 35
1445094489 35
1445094489 35
1445094489 35
1445094489 35
1445094489 35
1445094489 35
1445094491 35
1445094491 35
1445094491 35
1445094491 35
1445094492 35
1445094492 35
1445094492 35
1445094492 35
1445094493 35
1445094493 35
1445094495 35
1445094495 35
1445094495 35
1445094497 35
1445094498 35
1445094498 35
1445094498 35
1445094498 35
1445094498 35
1445094498 35
1445094498 35
1445094498 35
1445094500 35
1445094501 35
1445094501 35
1445094501 35
1445094501 35
1445094501 35
1445094503 35
1445094504 35
1445094504 35
1445094504 35
1445094504 35
1445094504 35
1445094504 35
1445094506 35
1445094507 35
1445094507 35
1445094507 35
1445094507 35
1445094507 35
1445094508 35
1445094508 35
1445094509 35
1445094510 35
1445094510 35
1445094510 35
1445094510 35
1445094510 35
1445094510 35
1445094511 35
1445094512 35
1445094512 35
1445094513 35
1445094513 35
1445094513 35
1445094513 35
1445094513 35
1445094513 35
1445094514 35
1445094516 35
1445094516 35
1445094516 35
1445094516 35
1445094516 35
1445094516 35
1445094516 35
1445094517 35
1445094518 35
1445094518 35
1445094519 35
1445094519 35
1445094519 35
1445094519 35
1445094519 35
1445094519 35
1445094520 35
1445094520 35
1445094521 35
1445094521 35
1445094522 35
1445094522 35
1445094522 35
1445094522 35
1445094522 35
1445094522 35
1445094523 35
1445094524 35
1445094525 35
1445094525 35
1445094525 35
1445094525 35
1445094525 35
1445094525 35
1445094525 35
1445094525 35
1445094527 35
1445094527 35
1445094528 35
1445094528 35
1445094528 35
1445094528 35
1445094528 35
1445094528 35
1445094529 35
1445094529 35
1445094530 35
1445094531 35
1445094531 35
1445094531 35
1445094531 35
1445094531 35
1445094531 35
1445094531 35
1445094532 35
1445094532 35
1445094534 35
1445094534 35
1445094534 35
1445094534 35
1445094534 35
1445094534 35
1445094534 35
1445094534 35
1445094536 35
1445094536 35
1445094537 35
1445094537 35
1445094537 35
1445094537 35
1445094537 35
1445094537 35
1445094538 35
1445094538 35
1445094539 35
1445094539 35
1445094540 35
1445094540 35
1445094540 35
1445094540 35
1445094540 35
1445094540 35
1445094541 35
1445094542 35
1445094543 35
1445094543 35
1445094543 35
1445094543 35
1445094543 35
1445094543 35
1445094543 35
1445094543 35
1445094544 35
1445094544 35
1445094545 35
1445094545 35
1445094545 35
1445094545 35
1445094546 35
1445094546 35
1445094546 35
1445094546 35
1445094546 35
1445094546 35
1445094546 35
1445094546 35
1445094546 35
1445094548 35
1445094549 35
1445094549 35
1445094549 35
1445094549 35
1445094549 35
1445094549 35
1445094549 35
1445094549 35
1445094550 35
1445094550 35
1445094552 35
1445094552 35
1445094552 35
1445094552 35
1445094552 35
1445094552 35
1445094552 35
1445094553 35
1445094553 35
1445094553 35
1445094555 35
1445094555 35
1445094555 35
1445094555 35
1445094555 35
1445094555 35
1445094555 35
1445094556 35
1445094557 35
1445094557 35
1445094558 35
1445094558 35
1445094558 35
1445094558 35
1445094558 35
1445094558 35
1445094558 35
1445094560 35
1445094560 35
1445094560 35
1445094561 35
1445094561 35
1445094561 35
1445094561 35
1445094561 35
1445094561 35
1445094562 35
1445094564 35
1445094564 35
1445094564 35
1445094564 35
1445094564 35
1445094564 35
1445094564 35
1445094564 35
1445094564 35
1445094566 35
1445094567 35
1445094567 35
1445094567 35
1445094567 35
1445094567 35
1445094567 35
1445094567 35
1445094568 35
1445094568 35
1445094569 35
1445094570 35
1445094570 35
1445094570 35
1445094570 35
1445094570 35
1445094570 35
1445094571 35
1445094571 35
1445094572 35
1445094573 35
1445094573 35
1445094573 35
1445094573 35
1445094573 35
1445094573 35
1445094573 35
1445094574 35
1445094575 35
1445094576 35
1445094576 35
1445094576 35
1445094576 35
1445094576 35
1445094576 35
1445094576 35
1445094576 35
1445094578 35
1445094578 35
1445094578 35
1445094578 35
1445094578 35
1445094578 35
1445094578 35
1445094578 35
1445094578 35
1445094578 35
1445094578 35
1445094578 35
1445094578 35
1445094578 35
1445094578 35
1445094578 35
1445094578 35
1445094578 35
1445094578 35
1445094578 35
1445094578 35
1445094578 35
1445094578 35
1445094578 35
1445094578 35
1445094578 35
1445094578 35
1445094578 35
1445094578 35
1445094578 35
1445094578 35
1445094578 35
1445094578 35
1445094578 113
1445094578 119
1445094578 170
1445094578 35
1445094578 35
1445094578 35
1445094579 35
1445094579 35
1445094579 35
1445094579 35
1445094579 35
1445094579 35
1445094579 35
1445094579 35
1445094579 35
1445094579 35
1445094579 35
1445094579 35
1445094579 35
1445094579 35
1445094579 35
1445094579 35
1445094579 35
1445094579 35
1445094579 113
1445094579 119
1445094579 170
1445094579 35
1445094579 35
1445094579 35
1445094579 35
1445094579 35
1445094579 35
1445094579 35
1445094579 35
1445094580 35
1445094580 35
1445094580 35
1445094580 35
1445094580 35
1445094580 35
1445094580 35
1445094580 35
1445094580 113
1445094580 119
1445094580 170
1445094580 35
1445094581 35
1445094581 35
1445094581 35
1445094581 113
1445094581 119
1445094581 170
1445094581 35
1445094582 35
1445094582 35
1445094582 35
1445094582 35
1445094582 35
1445094582 35
1445094582 35
1445094582 35
1445094582 35
1445094582 35
1445094582 35
1445094582 35
1445094583 35
1445094583 35
1445094583 35
1445094583 35
1445094583 35
1445094583 113
1445094583 119
1445094583 170
1445094584 35
1445094585 35
1445094586 35
1445094586 35
1445094586 35
1445094587 35
1445094588 35
1445094589 35
1445094589 35
1445094589 35
1445094590 35
1445094590 35
1445094590 35
1445094590 35
1445094590 35
1445094590 35
1445094590 35
1445094590 35
1445094590 35
1445094590 35
1445094590 35
1445094591 35
1445094591 35
1445094591 35
1445094591 113
1445094591 119
1445094591 170
1445094591 35
1445094591 35
1445094592 35
1445094593 35
1445094595 35
1445094595 35
1445094596 35
1445094596 35
1445094598 35
1445094599 35
1445094599 35
1445094600 35
1445094602 35
1445094603 35
1445094603 35
1445094603 35
1445094605 35
1445094606 35
1445094607 35
1445094607 35
1445094609 35
1445094610 35
1445094610 35
1445094611 35
1445094613 35
1445094613 35
1445094614 35
1445094614 35
1445094616 35
1445094617 35
1445094617 35
1445094617 35
1445094617 35
1445094617 35
1445094617 35
1445094617 35
1445094617 35
1445094617 35
1445094617 35
1445094617 35
1445094618 35
1445094618 35
1445094618 35
1445094618 35
1445094618 35
1445094618 35
1445094618 35
1445094619 35
1445094619 35
1445094619 35
1445094619 35
1445094619 35
1445094619 35
1445094619 35
1445094619 35
1445094619 35
1445094619 35
1445094619 35
1445094619 35
1445094619 35
1445094619 35
1445094619 35
1445094619 35
1445094619 35
1445094619 35
1445094619 35
1445094620 35
1445094620 35
1445094620 35
1445094620 35
1445094621 35
1445094621 35
1445094621 35
1445094621 35
1445094621 35
1445094621 35
1445094621 35
1445094621 35
1445094621 35
1445094621 35
1445094621 35
1445094621 35
1445094621 35
1445094622 35
1445094622 35
1445094623 35
1445094624 35
1445094624 35
1445094625 35
1445094626 35
1445094627 35
1445094628 35
1445094629 35
1445094630 35
1445094631 35
1445094631 35
1445094633 35
1445094633 35
1445094634 35
1445094634 35
1445094634 35
1445094634 35
1445094634 35
1445094634 35
1445094634 35
1445094635 35
1445094635 35
1445094635 35
1445094635 35
1445094635 35
1445094635 35
1445094636 35
1445094636 35
1445094636 35
1445094636 35
1445094637 35
1445094638 35
1445094638 35
1445094640 35
1445094640 35
1445094641 35
1445094641 35
1445094644 35
1445094644 35
1445094645 35
1445094645 35
1445094645 35
1445094645 35
1445094645 35
1445094647 35
1445094648 35
1445094649 35
1445094649 35
1445094650 35
1445094651 35
1445094651 35
1445094652 35
1445094652 35
1445094652 35
1445094652 35
1445094654 35
1445094654 35
1445094654 35
1445094655 35
1445094655 35
1445094656 35
1445094656 35
1445094656 35
1445094656 35
1445094657 35
1445094657 35
1445094658 35
1445094658 35
1445094659 35
1445094659 35
1445094659 35
1445094659 35
1445094660 35
1445094660 35
1445094660 35
1445094661 35
1445094661 35
1445094662 35
1445094663 35
1445094663 35
1445094663 35
1445094663 35
1445094663 35
1445094664 35
1445094664 35
1445094664 35
1445094665 35
1445094666 35
1445094666 35
1445094666 35
1445094666 35
1445094667 35
1445094667 35
1445094667 35
1445094667 35
1445094668 35
1445094668 35
1445094669 35
1445094669 35
1445094670 35
1445094670 35
1445094670 35
1445094670 35
1445094671 35
1445094671 35
1445094671 35
1445094672 35
1445094672 35
1445094673 35
1445094673 35
1445094673 35
1445094673 35
1445094673 35
1445094674 35
1445094674 35
1445094674 35
1445094675 35
1445094675 35
1445094676 35
1445094676 35
1445094677 35
1445094677 35
1445094677 35
1445094678 35
1445094678 35
1445094678 35
1445094678 35
1445094679 35
1445094679 35
1445094680 35
1445094680 35
1445094681 35
1445094681 35
1445094681 35
1445094682 35
1445094682 35
1445094682 35
1445094682 35
1445094683 35
1445094683 35
1445094684 35
1445094684 35
1445094684 35
1445094685 35
1445094685 35
1445094685 35
1445094685 35
1445094685 35
1445094686 35
1445094686 35
1445094687 35
1445094687 35
1445094688 35
1445094688 35
1445094688 35
1445094689 35
1445094689 35
1445094689 35
1445094689 35
1445094689 35
1445094690 35
1445094691 35
1445094691 35
1445094691 35
1445094692 35
1445094692 35
1445094692 35
1445094692 35
1445094692 35
1445094692 35
1445094692 35
1445094692 35
1445094692 35
1445094692 35
1445094692 35
1445094692 35
1445094692 35
1445094692 35
1445094692 35
1445094692 35
1445094693 35
1445094693 35
1445094693 35
1445094693 35
1445094693 35
1445094693 35
1445094693 35
1445094693 35
1445094693 35
1445094693 35
1445094693 35
1445094693 35
1445094694 35
1445094695 35
1445094695 35
1445094695 35
1445094695 35
1445094696 35
1445094696 35
1445094696 35
1445094696 35
1445094696 35
1445094696 35
1445094697 35
1445094697 35
1445094697 35
1445094698 35
1445094699 35
1445094699 35
1445094699 35
1445094699 35
1445094700 35
1445094700 35
1445094700 35
1445094700 35
1445094700 35
1445094702 35
1445094702 35
1445094702 35
1445094703 35
1445094703 35
1445094703 35
1445094703 35
1445094703 35
1445094704 35
1445094704 35
1445094704 35
1445094705 35
1445094706 35
1445094706 35
1445094706 35
1445094706 35
1445094706 35
1445094706 35
1445094707 35
1445094707 35
1445094707 35
1445094708 35
1445094709 35
1445094709 35
1445094709 35
1445094710 35
1445094710 35
1445094710 35
1445094710 35
1445094711 35
1445094711 35
1445094711 35
1445094711 35
1445094711 35
1445094712 35
1445094712 35
1445094713 35
1445094713 35
1445094713 35
1445094713 35
1445094714 35
1445094714 35
1445094714 35
1445094715 35
1445094715 35
1445094715 35
1445094716 35
1445094716 35
1445094716 35
1445094716 35
1445094717 35
1445094717 35
1445094717 35
1445094718 35
1445094718 35
1445094718 35
1445094719 35
1445094720 35
1445094720 35
1445094720 35
1445094720 35
1445094720 35
1445094721 35
1445094721 35
1445094721 35
1445094721 35
1445094722 35
1445094722 35
1445094723 35
1445094723 35
1445094723 35
1445094724 35
1445094724 35
1445094724 35
1445094724 35
1445094724 35
1445094725 35
1445094725 35
1445094726 35
1445094726 35
1445094727 35
1445094727 35
1445094727 35
1445094727 35
1445094728 35
1445094728 35
1445094728 35
1445094728 35
1445094728 35
1445094729 35
1445094730 35
1445094730 35
1445094730 35
1445094730 35
1445094730 35
1445094731 35
1445094731 35
1445094731 35
1445094732 35
1445094732 35
1445094733 35
1445094733 35
1445094733 35
1445094734 35
1445094734 35
1445094734 35
1445094734 35
1445094735 35
1445094735 35
1445094735 35
1445094735 35
1445094736 35
1445094736 35
1445094736 35
1445094736 35
1445094736 35
1445094736 35
1445094736 35
1445094736 35
1445094736 35
1445094736 35
1445094736 35
1445094736 35
1445094736 35
1445094736 35
1445094736 35
1445094736 35
1445094736 35
1445094736 35
1445094736 35
1445094736 35
1445094736 35
1445094736 35
1445094736 35
1445094736 35
1445094737 35
1445094737 35
1445094737 35
1445094738 35
1445094738 35
1445094738 35
1445094738 89
1445094738 35
1445094738 35
1445094738 35
1445094738 35
1445094738 35
1445094738 35
1445094738 89
1445094738 35
1445094738 35
1445094738 35
1445094738 35
1445094738 35
1445094738 35
1445094738 35
1445094738 35
1445094738 35
1445094738 35
1445094738 35
1445094739 35
1445094739 35
1445094739 35
1445094739 89
1445094739 35
1445094739 35
1445094739 35
1445094739 35
1445094739 35
1445094739 35
1445094739 35
1445094739 35
1445094739 35
1445094740 35
1445094740 36
1445094740 164
1445094740 106
1445094740 4
1445094740 106
1445094740 106
1445094740 61
1445094740 15
1445094740 61
1445094740 61
1445094740 61
1445094740 61
1445094740 35
1445094740 35
1445094740 35
1445094741 35
1445094741 35
1445094742 35
1445094742 36
1445094742 164
1445094742 106
1445094742 4
1445094742 106
1445094742 106
1445094742 61
1445094742 15
1445094742 61
1445094742 61
1445094742 61
1445094742 61
1445094742 35
1445094742 35
1445094742 35
1445094742 35
1445094742 35
1445094742 35
1445094742 35
1445094742 35
1445094742 35
1445094742 35
1445094742 35
1445094742 35
1445094742 36
1445094742 164
1445094742 106
1445094742 4
1445094742 106
1445094742 106
1445094742 61
1445094742 15
1445094742 61
1445094742 61
1445094742 61
1445094742 61
1445094743 35
1445094743 35
1445094743 35
1445094743 35
1445094743 35
1445094744 35
1445094744 35
1445094744 35
1445094744 35
1445094745 35
1445094745 35
1445094747 35
1445094748 35
1445094748 35
1445094748 35
1445094749 35
1445094751 35
1445094751 35
1445094751 35
1445094752 35
1445094752 35
1445094752 35
1445094754 35
1445094754 35
1445094755 35
1445094755 35
1445094756 35
1445094757 35
1445094758 35
1445094759 35
1445094759 35
1445094759 35
1445094760 35
1445094761 35
1445094762 35
1445094763 35
1445094763 35
1445094763 35
1445094764 35
1445094765 35
1445094765 35
1445094765 35
1445094766 35
1445094766 35
1445094766 35
1445094767 35
1445094768 35
1445094769 35
1445094769 35
1445094770 35
1445094770 35
1445094771 35
1445094772 35
1445094772 35
1445094773 35
1445094773 35
1445094773 35
1445094774 35
1445094774 35
1445094774 35
1445094774 35
1445094774 35
1445094774 35
1445094774 35
1445094774 35
1445094774 35
1445094774 35
1445094774 35
1445094774 35
1445094774 35
1445094774 35
1445094774 35
1445094774 35
1445094774 35
1445094775 35
1445094775 35
1445094775 35
1445094775 89
1445094775 35
1445094775 35
1445094775 35
1445094776 35
1445094776 35
1445094776 35
1445094776 35
1445094776 113
1445094776 119
1445094776 170
1445094776 35
1445094777 35
1445094777 36
1445094777 164
1445094777 106
1445094777 4
1445094777 106
1445094777 106
1445094777 61
1445094777 15
1445094777 61
1445094777 61
1445094777 61
1445094777 61
1445094777 35
1445094777 35
1445094778 35
1445094778 35
1445094778 35
1445094778 35
1445094778 113
1445094778 119
1445094778 170
1445094779 35
1445094779 35
1445094779 35
1445094780 35
1445094780 35
1445094780 35
1445094781 35
1445094781 35
1445094781 35
1445094781 35
1445094781 35
1445094781 35
1445094781 35
1445094781 35
1445094781 35
1445094781 35
1445094781 35
1445094781 35
1445094781 35
1445094781 35
1445094782 35
1445094782 35
1445094782 35
1445094782 35
1445094782 35
1445094782 35
1445094782 35
1445094782 35
1445094782 35
1445094782 35
1445094782 35
1445094782 35
1445094782 35
1445094783 35
1445094783 35
1445094783 35
1445094783 35
1445094783 35
1445094783 35
1445094783 35
1445094783 35
1445094784 35
1445094784 35
1445094784 35
1445094784 35
1445094784 113
1445094784 119
1445094784 170
1445094785 35
1445094785 35
1445094785 35
1445094785 35
1445094785 35
1445094785 35
1445094785 35
1445094785 35
1445094785 35
1445094785 35
1445094785 35
1445094786 35
1445094786 35
1445094786 35
1445094786 35
1445094786 35
1445094786 35
1445094786 35
1445094788 35
1445094788 35
1445094789 35
1445094789 35
1445094790 35
1445094790 35
1445094791 35
1445094791 35
1445094792 35
1445094792 35
1445094793 35
1445094793 35
1445094794 35
1445094795 35
1445094795 35
1445094796 35
1445094796 35
1445094797 35
1445094798 35
1445094798 35
1445094798 35
1445094798 35
1445094798 35
1445094798 35
1445094798 35
1445094798 35
1445094799 35
1445094800 35
1445094800 35
1445094800 35
1445094801 35
1445094801 35
1445094802 35
1445094803 35
1445094803 35
1445094804 35
1445094805 35
1445094805 35
1445094806 35
1445094807 35
1445094807 35
1445094807 35
1445094808 35
1445094808 35
1445094809 35
1445094810 35
1445094810 35
1445094810 35
1445094811 35
1445094811 35
1445094811 35
1445094812 35
1445094813 35
1445094814 35
1445094814 35
1445094814 35
1445094814 35
1445094815 35
1445094815 35
1445094816 35
1445094817 35
1445094817 35
1445094817 35
1445094817 35
1445094818 35
1445094818 35
1445094818 35
1445094819 35
1445094820 35
1445094820 35
1445094820 35
1445094821 35
1445094821 35
1445094821 35
1445094822 35
1445094822 35
1445094823 35
1445094824 35
1445094824 35
1445094824 35
1445094824 35
1445094825 35
1445094825 35
1445094826 35
1445094827 35
1445094827 35
1445094827 35
1445094828 35
1445094828 35
1445094828 35
1445094828 35
1445094829 35
1445094830 35
1445094830 35
1445094831 35
1445094831 35
1445094831 35
1445094831 35
1445094831 35
1445094832 35
1445094833 35
1445094833 35
1445094834 35
1445094834 35
1445094835 35
1445094835 35
1445094835 35
1445094836 35
1445094837 35
1445094837 35
1445094837 35
1445094838 35
1445094838 35
1445094838 35
1445094838 35
1445094839 35
1445094839 35
1445094839 35
1445094839 35
1445094839 35
1445094839 35
1445094839 35
1445094840 35
1445094840 35
1445094840 35
1445094840 35
1445094840 35
1445094840 35
1445094840 35
1445094840 35
1445094840 35
1445094840 35
1445094840 35
1445094841 35
1445094841 35
1445094841 35
1445094841 35
1445094841 89
1445094841 35
1445094841 35
1445094841 35
1445094841 35
1445094841 35
1445094841 35
1445094841 35
1445094841 35
1445094841 113
1445094841 119
1445094841 170
1445094841 35
1445094841 36
1445094841 164
1445094841 106
1445094841 4
1445094841 106
1445094841 106
1445094841 61
1445094841 15
1445094841 61
1445094841 61
1445094841 61
1445094841 61
1445094842 35
1445094842 35
1445094843 35
1445094843 35
1445094843 35
1445094843 113
1445094843 119
1445094843 170
1445094843 35
1445094844 35
1445094845 35
1445094845 35
1445094845 35
1445094845 35
1445094847 35
1445094848 35
1445094848 35
1445094848 35
1445094848 35
1445094849 35
1445094850 35
1445094851 35
1445094851 35
1445094851 35
1445094852 35
1445094852 35
1445094853 35
1445094854 35
1445094854 35
1445094855 35
1445094855 35
1445094855 35
1445094856 35
1445094857 35
1445094858 35
1445094858 35
1445094858 35
1445094861 35
1445094861 35
1445094861 35
1445094861 35
1445094863 35
1445094864 35
1445094864 35
1445094865 35
1445094865 35
1445094865 35
1445094867 35
1445094868 35
1445094868 35
1445094868 35
1445094868 35
1445094868 35
1445094868 35
1445094868 35
1445094868 35
1445094868 35
1445094869 35
1445094869 35
1445094869 35
1445094869 35
1445094869 35
1445094869 35
1445094869 35
1445094869 35
1445094869 35
1445094869 35
1445094869 35
1445094869 35
1445094869 35
1445094869 35
1445094869 89
1445094869 35
1445094870 35
1445094870 36
1445094870 164
1445094870 106
1445094870 4
1445094870 106
1445094870 106
1445094870 61
1445094870 15
1445094870 61
1445094870 61
1445094870 61
1445094870 61
1445094870 35
1445094870 35
1445094870 35
1445094870 113
1445094870 119
1445094870 170
1445094871 35
1445094871 35
1445094871 35
1445094871 113
1445094871 119
1445094871 170
1445094872 35
1445094873 35
1445094889 35
1445094890 35
1445094891 35
1445094891 35
1445094892 35
1445094893 35
1445094894 35
1445094894 35
1445094895 35
1445094896 35
1445094897 35
1445094897 35
1445094899 35
1445094900 35
1445094900 35
1445094901 35
1445094902 35
1445094903 35
1445094903 35
1445094904 35
1445094905 35
1445094906 35
1445094906 35
1445094907 35
1445094908 35
1445094909 35
1445094910 35
1445094910 35
1445094911 35
1445094912 35
1445094913 35
1445094913 35
1445094914 35
1445094915 35
1445094916 35
1445094916 35
1445094918 35
1445094919 35
1445094919 35
1445094920 35
1445094921 35
1445094922 35
1445094922 35
1445094923 35
1445094924 35
1445094925 35
1445094925 35
1445094926 35
1445094927 35
1445094928 35
1445094928 35
1445094929 35
1445094930 35
1445094931 35
1445094931 35
1445094932 35
1445094933 35
1445094934 35
1445094934 35
1445094935 35
1445094937 35
1445094937 35
1445094938 35
1445094939 35
1445094940 35
1445094941 35
1445094941 35
1445094942 35
1445094943 35
1445094944 35
1445094944 35
1445094945 35
1445094946 35
1445094947 35
1445094947 35
1445094948 35
1445094949 35
1445094950 35
1445094950 35
1445094951 35
1445094952 35
1445094953 35
1445094953 35
1445094955 35
1445094956 35
1445094956 35
1445094957 35
1445094958 35
1445094959 35
1445094959 35
1445094960 35
1445094961 35
1445094962 35
1445094962 35
1445094963 35
1445094964 35
1445094965 35
1445094965 35
1445094966 35
1445094967 35
1445094968 35
1445094969 35
1445094969 35
1445094970 35
1445094971 35
1445094972 35
1445094973 35
1445094974 35
1445094975 35
1445094975 35
1445094976 35
1445094977 35
1445094978 35
1445094978 35
1445094979 35
1445094980 35
1445094981 35
1445094981 35
1445094982 35
1445094983 35
1445094984 35
1445094984 35
1445094985 35
1445094986 35
1445094987 35
1445094987 35
1445094988 35
1445094990 35
1445094990 35
1445094991 35
1445094992 35
1445094993 35
1445094993 35
1445094994 35
1445094995 35
1445094996 35
1445094996 35
1445094997 35
1445094998 35
1445094999 35
1445095000 35
1445095000 35
1445095001 35
1445095002 35
1445095003 35
1445095003 35
1445095004 35
1445095005 35
1445095006 35
1445095007 35
1445095008 35
1445095009 35
1445095009 35
1445095010 35
1445095011 35
1445095012 35
1445095012 35
1445095013 35
1445095014 35
1445095015 35
1445095015 35
1445095016 35
1445095017 35
1445095018 35
1445095018 35
1445095019 35
1445095020 35
1445095021 35
1445095022 35
1445095022 35
1445095024 35
1445095025 35
1445095025 35
1445095026 35
1445095027 35
1445095028 35
1445095028 35
1445095029 35
1445095030 35
1445095031 35
1445095031 35
1445095032 35
1445095033 35
1445095034 35
1445095034 35
1445095035 35
1445095036 35
1445095037 35
1445095037 35
1445095038 35
1445095040 35
1445095040 35
1445095041 35
1445095042 35
1445095043 35
1445095043 35
1445095044 35
1445095045 35
1445095046 35
1445095046 35
1445095047 35
1445095048 35
1445095049 35
1445095049 35
1445095050 35
1445095052 35
1445095053 35
1445095053 35
1445095054 35
1445095055 35
1445095056 35
1445095056 35
1445095057 35
1445095058 35
1445095059 35
1445095059 35
1445095060 35
1445095061 35
1445095062 35
1445095062 35
1445095063 35
1445095064 35
1445095065 35
1445095065 35
1445095066 35
1445095068 35
1445095068 35
1445095069 35
1445095070 35
1445095071 35
1445095071 35
1445095072 35
1445095073 35
1445095074 35
1445095074 35
1445095075 35
1445095076 35
1445095077 35
1445095078 35
1445095078 35
1445095079 35
1445095080 35
1445095081 35
1445095081 35
1445095082 35
1445095084 35
1445095084 35
1445095085 35
1445095086 35
1445095087 35
1445095087 35
1445095088 35
1445095089 35
1445095090 35
1445095090 35
1445095091 35
1445095092 35
1445095093 35
1445095093 35
1445095094 35
1445095095 35
1445095096 35
1445095096 35
1445095098 35
1445095099 35
1445095100 35
1445095100 35
1445095101 35
1445095102 35
1445095103 35
1445095103 35
1445095104 35
1445095105 35
1445095106 35
1445095106 35
1445095107 35
1445095108 35
1445095109 35
1445095109 35
1445095110 35
1445095111 35
1445095112 35
1445095112 35
1445095113 35
1445095114 35
1445095115 35
1445095116 35
1445095117 35
1445095118 35
1445095118 35
1445095119 35
1445095120 35
1445095121 35
1445095121 35
1445095122 35
1445095123 35
1445095124 35
1445095124 35
1445095125 35
1445095126 35
1445095127 35
1445095127 35
1445095128 35
1445095129 35
1445095130 35
1445095131 35
1445095131 35
1445095132 35
1445095133 35
1445095134 35
1445095135 35
1445095136 35
1445095137 35
1445095137 35
1445095138 35
1445095139 35
1445095140 35
1445095140 35
1445095141 35
1445095142 35
1445095143 35
1445095143 35
1445095144 35
1445095145 35
1445095146 35
1445095146 35
1445095147 35
1445095148 35
1445095149 35
1445095149 35
1445095150 35
1445095152 35
1445095152 35
1445095153 35
1445095154 35
1445095155 35
1445095156 35
1445095156 35
1445095158 35
1445095159 35
1445095160 35
1445095160 35
1445095161 35
1445095162 35
1445095163 35
1445095163 35
1445095164 35
1445095165 35
1445095166 35
1445095166 35
1445095167 35
1445095168 35
1445095169 35
1445095169 35
1445095170 35
1445095171 35
1445095172 35
1445095172 35
1445095173 35
1445095174 35
1445095175 35
1445095176 35
1445095177 35
1445095178 35
1445095178 35
1445095179 35
1445095180 35
1445095181 35
1445095181 35
1445095182 35
1445095183 35
1445095184 35
1445095184 35
1445095185 35
1445095186 35
1445095187 35
1445095188 35
1445095188 35
1445095189 35
1445095190 35
1445095191 35
1445095192 35
1445095193 35
1445095194 35
1445095194 35
1445095195 35
1445095196 35
1445095197 35
1445095197 35
1445095198 35
1445095199 35
1445095200 35
1445095200 35
1445095201 35
1445095202 35
1445095203 35
1445095203 35
1445095204 35
1445095205 35
1445095206 35
1445095206 35
1445095207 35
1445095208 35
1445095209 35
1445095210 35
1445095211 35
1445095212 35
1445095212 35
1445095213 35
1445095214 35
1445095215 35
1445095216 35
1445095216 35
1445095217 35
1445095218 35
1445095219 35
1445095219 35
1445095220 35
1445095221 35
1445095222 35
1445095222 35
1445095223 35
1445095224 35
1445095225 35
1445095225 35
1445095227 35
1445095228 35
1445095228 35
1445095229 35
1445095230 35
1445095231 35
1445095231 35
1445095232 35
1445095233 35
1445095234 35
1445095234 35
1445095235 35
1445095236 35
1445095237 35
1445095237 35
1445095238 35
1445095239 35
1445095240 35
1445095240 35
1445095241 35
1445095242 35
1445095243 35
1445095244 35
1445095245 35
1445095246 35
1445095247 35
1445095247 35
1445095248 35
1445095249 35
1445095250 35
1445095250 35
1445095251 35
1445095252 35
1445095253 35
1445095253 35
1445095254 35
1445095255 35
1445095256 35
1445095256 35
1445095257 35
1445095259 35
1445095259 35
1445095260 35
1445095261 35
1445095262 35
1445095262 35
1445095263 35
1445095264 35
1445095265 35
1445095265 35
1445095266 35
1445095267 35
1445095268 35
1445095268 35
1445095270 35
1445095271 35
1445095271 35
1445095272 35
1445095273 35
1445095274 35
1445095275 35
1445095275 35
1445095276 35
1445095277 35
1445095278 35
1445095278 35
1445095279 35
1445095280 35
1445095281 35
1445095281 35
1445095282 35
1445095283 35
1445095284 35
1445095284 35
1445095285 35
1445095287 35
1445095287 35
1445095288 35
1445095289 35
1445095290 35
1445095290 35
1445095291 35
1445095292 35
1445095293 35
1445095293 35
1445095294 35
1445095295 35
1445095296 35
1445095296 35
1445095297 35
1445095298 35
1445095299 35
1445095299 35
1445095300 35
1445095301 35
1445095302 35
1445095302 35
1445095304 35
1445095305 35
1445095306 35
1445095306 35
1445095307 35
1445095308 35
1445095309 35
1445095309 35
1445095310 35
1445095311 35
1445095312 35
1445095312 35
1445095313 35
1445095314 35
1445095315 35
1445095315 35
1445095316 35
1445095317 35
1445095318 35
1445095318 35
1445095320 35
1445095321 35
1445095321 35
1445095322 35
1445095323 35
1445095324 35
1445095325 35
1445095325 35
1445095326 35
1445095327 35
1445095328 35
1445095328 35
1445095329 35
1445095330 35
1445095331 35
1445095331 35
1445095332 35
1445095333 35
1445095334 35
1445095334 35
1445095335 35
1445095336 35
1445095337 35
1445095338 35
1445095339 35
1445095340 35
1445095340 35
1445095341 35
1445095342 35
1445095343 35
1445095343 35
1445095344 35
1445095345 35
1445095346 35
1445095346 35
1445095347 35
1445095348 35
1445095349 35
1445095349 35
1445095350 35
1445095351 35
1445095352 35
1445095353 35
1445095353 35
1445095354 35
1445095355 35
1445095356 35
1445095357 35
1445095358 35
1445095359 35
1445095359 35
1445095360 35
1445095361 35
1445095362 35
1445095362 35
1445095363 35
1445095364 35
1445095365 35
1445095365 35
1445095366 35
1445095367 35
1445095368 35
1445095368 35
1445095369 35
1445095370 35
1445095371 35
1445095371 35
1445095372 35
1445095373 35
1445095374 35
1445095375 35
1445095376 35
1445095377 35
1445095377 35
1445095378 35
1445095379 35
1445095380 35
1445095380 35
1445095381 35
1445095382 35
1445095383 35
1445095383 35
1445095384 35
1445095385 35
1445095387 35
1445095387 35
1445095388 35
1445095389 35
1445095390 35
1445095390 35
1445095391 35
1445095392 35
1445095393 35
1445095393 35
1445095394 35
1445095395 35
1445095396 35
1445095396 35
1445095397 35
1445095398 35
1445095399 35
1445095399 35
1445095401 35
1445095402 35
1445095402 35
1445095403 35
1445095404 35
1445095405 35
1445095405 35
1445095406 35
1445095407 35
1445095408 35
1445095408 35
1445095409 35
1445095410 35
1445095411 35
1445095411 35
1445095412 35
1445095413 35
1445095414 35
1445095414 35
1445095415 35
1445095416 35
1445095417 35
1445095418 35
1445095419 35
1445095420 35
1445095421 35
1445095421 35
1445095422 35
1445095423 35
1445095424 35
1445095424 35
1445095425 35
1445095426 35
1445095427 35
1445095427 35
1445095428 35
1445095429 35
1445095430 35
1445095430 35
1445095431 35
1445095432 35
1445095433 35
1445095433 35
1445095434 35
1445095436 35
1445095436 35
1445095437 35
1445095438 35
1445095439 35
1445095439 35
1445095440 35
1445095441 35
1445095442 35
1445095442 35
1445095443 35
1445095444 35
1445095445 35
1445095445 35
1445095446 35
1445095447 35
1445095448 35
1445095448 35
1445095449 35
1445095450 35
1445095451 35
1445095452 35
1445095452 35
1445095454 35
1445095455 35
1445095455 35
1445095456 35
1445095457 35
1445095458 35
1445095458 35
1445095459 35
1445095460 35
1445095461 35
1445095461 35
1445095462 35
1445095463 35
1445095464 35
1445095464 35
1445095465 35
1445095466 35
1445095467 35
1445095467 35
1445095468 35
1445095469 35
1445095470 35
1445095471 35
1445095472 35
1445095473 35
1445095473 35
1445095474 35
1445095475 35
1445095476 35
1445095476 35
1445095477 35
1445095478 35
1445095479 35
1445095480 35
1445095480 35
1445095481 35
1445095482 35
1445095483 35
1445095483 35
1445095484 35
1445095485 35
1445095486 35
1445095486 35
1445095487 35
1445095488 35
1445095489 35
1445095490 35
1445095491 35
1445095492 35
1445095492 35
1445095493 35
1445095494 35
1445095495 35
1445095495 35
1445095496 35
1445095497 35
1445095498 35
1445095498 35
1445095499 35
1445095500 35
1445095501 35
1445095501 35
1445095502 35
1445095503 35
1445095504 35
1445095504 35
1445095505 35
1445095506 35
1445095507 35
1445095507 35
1445095509 35
1445095510 35
1445095511 35
1445095511 35
1445095512 35
1445095513 35
1445095514 35
1445095514 35
1445095515 35
1445095516 35
1445095517 35
1445095517 35
1445095518 35
1445095519 35
1445095520 35
1445095520 35
1445095521 35
1445095522 35
1445095523 35
1445095524 35
1445095525 35
1445095526 35
1445095526 35
1445095527 35
1445095528 35
1445095529 35
1445095529 35
1445095530 35
1445095531 35
1445095532 35
1445095532 35
1445095533 35
1445095534 35
1445095535 35
1445095535 35
1445095536 35
1445095537 35
1445095538 35
1445095538 35
1445095539 35
1445095540 35
1445095542 35
1445095542 35
1445095543 35
1445095544 35
1445095545 35
1445095545 35
1445095546 35
1445095547 35
1445095548 35
1445095548 35
1445095549 35
1445095550 35
1445095551 35
1445095551 35
1445095552 35
1445095553 35
1445095554 35
1445095554 35
1445095555 35
1445095556 35
1445095557 35
1445095557 35
1445095558 35
1445095560 35
1445095560 35
1445095561 35
1445095562 35
1445095563 35
1445095563 35
1445095564 35
1445095565 35
1445095566 35
1445095567 35
1445095567 35
1445095568 35
1445095569 35
1445095570 35
1445095570 35
1445095571 35
1445095572 35
1445095573 35
1445095573 35
1445095574 35
1445095575 35
1445095576 35
1445095576 35
1445095577 35
1445095579 35
1445095579 35
1445095580 35
1445095581 35
1445095582 35
1445095582 35
1445095583 35
1445095584 35
1445095585 35
1445095585 35
1445095586 35
1445095587 35
1445095588 35
1445095588 35
1445095589 35
1445095590 35
1445095591 35
1445095591 35
1445095592 35
1445095593 35
1445095594 35
1445095594 35
1445095595 35
1445095596 35
1445095598 35
1445095598 35
1445095599 35
1445095600 35
1445095601 35
1445095601 35
1445095602 35
1445095603 35
1445095604 35
1445095604 35
1445095605 35
1445095606 35
1445095607 35
1445095607 35
1445095608 35
1445095609 35
1445095610 35
1445095610 35
1445095611 35
1445095612 35
1445095613 35
1445095613 35
1445095614 35
1445095615 35
1445095616 35
1445095617 35
1445095618 35
1445095619 35
1445095619 35
1445095620 35
1445095621 35
1445095622 35
1445095622 35
1445095623 35
1445095624 35
1445095625 35
1445095625 35
1445095626 35
1445095627 35
1445095628 35
1445095628 35
1445095629 35
1445095630 35
1445095631 35
1445095632 35
1445095632 35
1445095633 35
1445095634 35
1445095635 35
1445095635 35
1445095636 35
1445095637 35
1445095638 35
1445095639 35
1445095640 35
1445095641 35
1445095641 35
1445095642 35
1445095643 35
1445095644 35
1445095644 35
1445095645 35
1445095646 35
1445095647 35
1445095647 35
1445095648 35
1445095649 35
1445095650 35
1445095650 35
1445095651 35
1445095652 35
1445095653 35
1445095653 35
1445095654 35
1445095655 35
1445095656 35
1445095656 35
1445095657 35
1445095658 35
1445095659 35
1445095660 35
1445095661 35
1445095662 35
1445095662 35
1445095663 35
1445095664 35
1445095665 35
1445095665 35
1445095666 35
1445095667 35
1445095668 35
1445095669 35
1445095669 35
1445095670 35
1445095671 35
1445095672 35
1445095672 35
1445095673 35
1445095674 35
1445095675 35
1445095675 35
1445095676 35
1445095677 35
1445095678 35
1445095678 35
1445095679 35
1445095680 35
1445095681 35
1445095681 35
1445095682 35
1445095683 35
1445095684 35
1445095684 35
1445095685 35
1445095686 35
1445095687 35
1445095687 35
1445095688 35
1445095689 35
1445095690 35
1445095690 35
1445095691 35
1445095693 35
1445095693 35
1445095694 35
1445095695 35
1445095696 35
1445095696 35
1445095697 35
1445095698 35
1445095699 35
1445095699 35
1445095700 35
1445095701 35
1445095702 35
1445095702 35
1445095703 35
1445095704 35
1445095705 35
1445095705 35
1445095706 35
1445095707 35
1445095708 35
1445095708 35
1445095709 35
1445095710 35
1445095711 35
1445095711 35
1445095712 35
1445095713 35
1445095714 35
1445095714 35
1445095715 35
1445095716 35
1445095717 35
1445095717 35
1445095718 35
1445095719 35
1445095720 35
1445095721 35
1445095721 35
1445095722 35
1445095723 35
1445095724 35
1445095724 35
1445095725 35
1445095726 35
1445095727 35
1445095727 35
1445095728 35
1445095729 35
1445095730 35
1445095730 35
1445095731 35
1445095732 35
1445095733 35
1445095733 35
1445095734 35
1445095735 35
1445095736 35
1445095736 35
1445095737 35
1445095738 35
1445095739 35
1445095739 35
1445095740 35
1445095742 35
1445095742 35
1445095743 35
1445095744 35
1445095745 35
1445095745 35
1445095746 35
1445095747 35
1445095748 35
1445095748 35
1445095749 35
1445095750 35
1445095751 35
1445095751 35
1445095752 35
1445095753 35
1445095754 35
1445095754 35
1445095755 35
1445095756 35
1445095757 35
1445095757 35
1445095758 35
1445095759 35
1445095760 35
1445095760 35
1445095761 35
1445095762 35
1445095763 35
1445095763 35
1445095764 35
1445095765 35
1445095766 35
1445095767 35
1445095767 35
1445095768 35
1445095769 35
1445095770 35
1445095770 35
1445095771 35
1445095772 35
1445095773 35
1445095773 35
1445095774 35
1445095775 35
1445095776 35
1445095776 35
1445095777 35
1445095778 35
1445095779 35
1445095779 35
1445095780 35
1445095781 35
1445095782 35
1445095782 35
1445095783 35
1445095783 35
1445095786 35
1445095789 35
1445095792 35
1445095795 35
1445095798 35
1445095801 35
1445095804 35
1445095807 35
1445095810 35
1445095813 35
1445095816 35
1445095819 35
1445095822 35
1445095825 35
1445095828 35
1445095831 35
1445095834 35
1445095837 35
1445095840 35
1445095844 35
1445095847 35
1445095850 35
1445095853 35
1445095856 35
1445095859 35
1445095862 35
1445095865 35
1445095868 35
1445095871 35
1445095874 35
1445095877 35
1445095880 35
1445095883 35
1445095886 35
1445095890 35
1445095893 35
1445095896 35
1445095899 35
1445095902 35
1445095905 35
1445095908 35
1445095911 35
1445095914 35
1445095917 35
1445095920 35
1445095923 35
1445095926 35
1445095929 35
1445095932 35
1445095935 35
1445095938 35
1445095941 35
1445095944 35
1445095948 35
1445095951 35
1445095954 35
1445095957 35
1445095960 35
1445095963 35
1445095966 35
1445095969 35
1445095972 35
1445095975 35
1445095978 35
1445095982 35
1445095985 35
1445095988 35
1445095991 35
1445095994 35
1445095997 35
1445096000 35
1445096003 35
1445096006 35
1445096009 35
1445096012 35
1445096015 35
1445096019 35
1445096022 35
1445096025 35
1445096028 35
1445096031 35
1445096034 35
1445096037 35
1445096040 35
1445096043 35
1445096047 35
1445096050 35
1445096053 35
1445096056 35
1445096059 35
1445096062 35
1445096065 35
1445096068 35
1445096071 35
1445096074 35
1445096077 35
1445096080 35
1445096083 35
1445096086 35
1445096090 35
1445096093 35
1445096096 35
1445096099 35
1445096102 35
1445096105 35
1445096108 35
1445096111 35
1445096111 35
1445096111 35
1445096111 35
1445096111 35
1445096111 35
1445096111 35
1445096111 35
1445096111 35
1445096111 35
1445096111 35
1445096111 35
1445096111 35
1445096111 35
1445096111 35
1445096111 35
1445096111 35
1445096111 35
1445096111 35
1445096112 35
1445096112 35
1445096113 35
1445096113 35
1445096113 35
1445096113 35
1445096113 35
1445096113 35
1445096113 35
1445096113 35
1445096113 35
1445096113 35
1445096113 35
1445096113 35
1445096113 35
1445096113 35
1445096113 35
1445096113 35
1445096113 35
1445096113 35
1445096113 35
1445096113 35
1445096113 35
1445096113 35
1445096113 35
1445096113 35
1445096113 35
1445096113 35
1445096113 35
1445096113 35
1445096113 35
1445096113 35
1445096113 35
1445096113 35
1445096113 35
1445096113 35
1445096113 35
1445096114 35
1445096114 35
1445096115 35
1445096115 35
1445096115 35
1445096116 35
1445096116 35
1445096116 35
1445096116 35
1445096116 35
1445096116 35
1445096118 35
1445096121 35
1445096122 35
1445096123 35
1445096123 35
1445096123 35
1445096123 35
1445096123 35
1445096123 35
1445096124 35
1445096124 35
1445096124 35
1445096124 35
1445096124 35
1445096125 35
1445096125 35
1445096125 35
1445096125 35
1445096125 35
1445096125 35
1445096125 35
1445096125 35
1445096125 35
1445096125 35
1445096125 35
1445096125 35
1445096125 35
1445096126 35
1445096127 35
1445096127 35
1445096127 35
1445096128 35
1445096128 35
1445096128 35
1445096128 35
1445096130 35
1445096130 35
1445096130 35
1445096131 35
1445096133 35
1445096133 35
1445096134 35
1445096134 35
1445096135 35
1445096136 35
1445096136 35
1445096137 35
1445096137 35
1445096138 35
1445096139 35
1445096139 35
1445096140 35
1445096140 35
1445096141 35
1445096142 35
1445096142 35
1445096143 35
1445096143 35
1445096144 35
1445096145 35
1445096145 35
1445096146 35
1445096146 35
1445096147 35
1445096148 35
1445096148 35
1445096149 35
1445096149 35
1445096150 35
1445096151 35
1445096151 35
1445096152 35
1445096152 35
1445096153 35
1445096154 35
1445096154 35
1445096155 35
1445096155 35
1445096156 35
1445096157 35
1445096157 35
1445096158 35
1445096159 35
1445096159 35
1445096160 35
1445096160 35
1445096160 35
1445096162 35
1445096162 35
1445096162 35
1445096163 35
1445096163 35
1445096164 35
1445096165 35
1445096165 35
1445096165 35
1445096166 35
1445096166 35
1445096168 35
1445096168 35
1445096168 35
1445096169 35
1445096169 35
1445096171 35
1445096171 35
1445096171 35
1445096172 35
1445096172 35
1445096173 35
1445096174 35
1445096174 35
1445096174 35
1445096175 35
1445096175 35
1445096177 35
1445096177 35
1445096178 35
1445096178 35
1445096178 35
1445096180 35
1445096180 35
1445096181 35
1445096181 35
1445096181 35
1445096183 35
1445096183 35
1445096184 35
1445096184 35
1445096184 35
1445096185 35
1445096186 35
1445096186 35
1445096187 35
1445096187 35
1445096187 35
1445096189 35
1445096189 35
1445096190 35
1445096190 35
1445096190 35
1445096192 35
1445096192 35
1445096192 35
1445096192 35
1445096192 35
1445096192 35
1445096192 35
1445096192 35
1445096192 35
1445096192 35
1445096192 35
1445096192 35
1445096193 35
1445096193 35
1445096193 35
1445096193 35
1445096194 35
1445096194 35
1445096194 35
1445096194 113
1445096194 119
1445096194 170
1445096195 35
1445096196 35
1445096196 35
1445096196 35
1445096198 35
1445096199 35
1445096199 35
1445096199 35
1445096200 35
1445096200 35
1445096200 35
1445096200 35
1445096200 35
1445096200 35
1445096200 35
1445096200 35
1445096200 35
1445096200 35
1445096201 35
1445096201 35
1445096202 35
1445096202 35
1445096202 35
1445096202 113
1445096202 119
1445096202 170
1445096202 35
1445096202 35
1445096204 35
1445096205 35
1445096205 35
1445096205 35
1445096205 35
1445096205 35
1445096205 35
1445096205 35
1445096205 35
1445096205 35
1445096205 35
1445096205 35
1445096205 35
1445096205 35
1445096205 35
1445096205 35
1445096205 35
1445096205 35
1445096205 89
1445096205 35
1445096205 35
1445096205 36
1445096205 164
1445096205 106
1445096205 4
1445096205 106
1445096205 106
1445096205 61
1445096205 15
1445096205 61
1445096205 61
1445096205 61
1445096205 61
1445096205 35
1445096206 35
1445096206 35
1445096206 35
1445096206 35
1445096206 35
1445096206 113
1445096206 119
1445096206 170
1445096206 35
1445096206 113
1445096206 119
1445096206 170
1445096209 35
1445096212 35
1445096215 35
1445096218 35
1445096221 35
1445096224 35
1445096227 35
1445096230 35
1445096233 35
1445096237 35
1445096240 35
1445096243 35
1445096246 35
1445096249 35
1445096252 35
1445096255 35
1445096258 35
1445096262 35
1445096265 35
1445096268 35
1445096271 35
1445096274 35
1445096277 35
1445096280 35
1445096283 35
1445096286 35
1445096289 35
1445096293 35
1445096296 35
1445096299 35
1445096302 35
1445096305 35
1445096308 35
1445096311 35
1445096314 35
1445096317 35
1445096321 35
1445096324 35
1445096327 35
1445096330 35
1445096333 35
1445096336 35
1445096339 35
1445096342 35
1445096346 35
1445096349 35
1445096352 35
1445096355 35
1445096358 35
1445096361 35
1445096364 35
1445096367 35
1445096370 35
1445096374 35
1445096377 35
1445096380 35
1445096383 35
1445096386 35
1445096389 35
1445096392 35
1445096395 35
1445096399 35
1445096402 35
1445096405 35
1445096408 35
1445096411 35
1445096414 35
1445096417 35
1445096421 35
1445096424 35
1445096427 35
1445096430 35
1445096433 35
1445096436 35
1445096439 35
1445096442 35
1445096445 35
1445096449 35
1445096452 35
1445096455 35
1445096458 35
1445096461 35
1445096464 35
1445096467 35
1445096470 35
1445096471 35
1445096471 35
1445096471 35
1445096473 35
1445096476 35
1445096479 35
1445096483 35
1445096486 35
1445096489 35
1445096492 35
1445096495 35
1445096498 35
1445096501 35
1445096504 35
1445096507 35
1445096511 35
1445096514 35
1445096517 35
1445096520 35
1445096523 35
1445096526 35
1445096529 35
1445096532 35
1445096536 35
1445096539 35
1445096542 35
1445096545 35
1445096548 35
1445096551 35
1445096554 35
1445096557 35
1445096560 35
1445096564 35
1445096567 35
1445096570 35
1445096573 35
1445096576 35
1445096579 35
1445096582 35
1445096585 35
1445096588 35
1445096592 35
1445096595 35
1445096598 35
1445096601 35
1445096604 35
1445096607 35
1445096610 35
1445096613 35
1445096613 35
1445096613 35
1445096613 35
1445096613 35
1445096613 35
1445096613 35
1445096613 35
1445096613 35
1445096613 35
1445096613 35
1445096613 35
1445096613 35
1445096613 36
1445096613 164
1445096613 106
1445096613 4
1445096613 106
1445096613 106
1445096613 61
1445096613 15
1445096613 61
1445096613 61
1445096613 61
1445096613 61
1445096614 35
1445096614 35
1445096614 35
1445096614 35
1445096615 35
1445096616 35
1445096616 35
1445096616 35
1445096616 35
1445096616 35
1445096616 35
1445096616 35
1445096616 35
1445096616 35
1445096616 35
1445096616 35
1445096616 35
1445096616 35
1445096617 35
1445096618 35
1445096619 35
1445096619 35
1445096620 35
1445096621 35
1445096622 35
1445096623 35
1445096624 35
1445096625 35
1445096626 35
1445096626 35
1445096627 35
1445096628 35
1445096629 35
1445096629 35
1445096632 35
1445096635 35
1445096639 35
1445096644 35
1445096647 35
1445096650 35
1445096653 35
1445096656 35
1445096659 35
1445096662 35
1445096665 35
1445096668 35
1445096671 35
1445096674 35
1445096677 35
1445096680 35
1445096683 35
1445096686 35
1445096689 35
1445096692 35
1445096695 35
1445096698 35
1445096701 35
1445096704 35
1445096707 35
1445096710 35
1445096713 35
1445096716 35
1445096720 35
1445096723 35
1445096726 35
1445096729 35
1445096732 35
1445096735 35
1445096738 35
1445096741 35
1445096744 35
1445096747 35
1445096750 35
1445096753 35
1445096756 35
1445096759 35
1445096762 35
1445096765 35
1445096768 35
1445096771 35
1445096774 35
1445096777 35
1445096780 35
1445096783 35
1445096786 35
1445096789 35
1445096792 35
1445096795 35
1445096798 35
1445096801 35
1445096804 35
1445096808 35
1445096811 35
1445096814 35
1445096817 35
1445096820 35
1445096823 35
1445096826 35
1445096829 35
1445096831 35
1445096831 35
1445096831 35
1445096832 35
1445096835 35
1445096838 35
1445096841 35
1445096844 35
1445096847 35
1445096850 35
1445096853 35
1445096856 35
1445096859 35
1445096862 35
1445096865 35
1445096868 35
1445096871 35
1445096874 35
1445096877 35
1445096880 35
1445096883 35
1445096887 35
1445096890 35
1445096893 35
1445096896 35
1445096899 35
1445096902 35
1445096905 35
1445096908 35
1445096911 35
1445096914 35
1445096917 35
1445096920 35
1445096923 35
1445096926 35
1445096929 35
1445096932 35
1445096935 35
1445096938 35
1445096941 35
1445096944 35
1445096947 35
1445096950 35
1445096953 35
1445096956 35
1445096959 35
1445096962 35
1445096965 35
1445096968 35
1445096971 35
1445096974 35
1445096977 35
1445096981 35
1445096984 35
1445096987 35
1445096990 35
1445096993 35
1445096996 35
1445096999 35
1445097000 35
1445097000 35
1445097000 35
1445097000 35
1445097000 35
1445097000 35
1445097000 35
1445097000 35
1445097000 35
1445097000 35
1445097000 35
1445097000 35
1445097000 35
1445097000 35
1445097000 35
1445097000 35
1445097000 35
1445097000 35
1445097000 35
1445097000 35
1445097000 35
1445097000 35
1445097000 35
1445097000 35
1445097000 35
1445097000 35
1445097000 35
1445097000 35
1445097000 17
1445097000 35
1445097000 17
1445097000 35
1445097000 130
1445097000 35
1445097000 130
1445097000 35
1445097000 34
1445097000 70
1445097000 35
1445097000 34
1445097000 130
1445097000 35
1445097000 34
1445097000 17
1445097000 35
1445097000 35
1445097000 35
1445097000 35
1445097001 35
1445097001 35
1445097001 35
1445097002 35
1445097002 35
1445097002 35
