1445076570 8
1445076570 147
1445076570 16
1445076570 102
1445076570 83
1445076570 8
1445076571 147
1445076572 160
1445076572 82
1445076572 67
1445076573 22
1445076573 102
1445076573 3
1445076573 75
1445076573 25
1445076573 25
1445076573 154
1445076577 102
1445076577 25
1445076577 25
1445076577 102
1445076589 75
1445076589 25
1445076592 102
1445076592 25
1445076592 25
1445076592 102
1445076602 75
1445076602 25
1445076604 102
1445076604 25
1445076604 25
1445076604 102
1445076614 75
1445076614 25
1445076616 102
1445076616 25
1445076616 25
1445076616 102
1445076626 75
1445076626 25
1445076629 102
1445076629 25
1445076629 25
1445076629 102
1445076639 75
1445076639 25
1445076642 102
1445076642 25
1445076642 25
1445076642 102
1445076651 75
1445076651 25
1445076653 102
1445076653 25
1445076653 25
1445076653 102
1445076663 75
1445076663 25
1445076665 67
1445076665 102
1445076665 25
1445076665 25
1445076673 75
1445076673 102
1445076673 160
1445076703 129
1445076703 3
1445076704 16
1445076704 16
1445076704 111
