1445067656 23
1445067657 14
1445067657 17
1445067657 22
1445067657 6
1445067657 5
1445067658 2
1445067658 3
1445067659 7
1445067659 9
1445067659 8
1445067659 29
1445067659 13
1445067659 24
1445067659 27
1445067659 25
1445067659 11
1445067664 21
1445067665 20
1445067665 15
1445067665 29
1445067674 30
1445067674 16
1445067677 21
1445067677 20
1445067677 15
1445067677 29
1445067686 30
1445067686 16
1445067692 21
1445067692 20
1445067692 15
1445067692 29
1445067703 30
1445067703 16
1445067707 21
1445067707 20
1445067707 15
1445067707 29
1445067717 30
1445067717 16
1445067723 21
1445067723 20
1445067723 15
1445067723 29
1445067734 30
1445067734 16
1445067737 21
1445067737 20
1445067737 15
1445067737 29
1445067748 30
1445067748 16
1445067752 21
1445067752 20
1445067752 15
1445067752 29
1445067761 30
1445067761 16
1445067765 12
1445067765 21
1445067765 20
1445067765 15
1445067775 31
1445067775 26
1445067775 1
1445067823 4
1445067823 28
1445067823 19
1445067823 18
1445067823 10
