1445067656 8
1445067657 147
1445067657 16
1445067657 102
1445067657 83
1445067657 8
1445067658 147
1445067658 160
1445067659 82
1445067659 67
1445067659 22
1445067659 102
1445067659 3
1445067659 75
1445067659 25
1445067659 25
1445067659 154
1445067664 102
1445067665 25
1445067665 25
1445067665 102
1445067674 75
1445067674 25
1445067677 102
1445067677 25
1445067677 25
1445067677 102
1445067686 75
1445067686 25
1445067692 102
1445067692 25
1445067692 25
1445067692 102
1445067703 75
1445067703 25
1445067707 102
1445067707 25
1445067707 25
1445067707 102
1445067717 75
1445067717 25
1445067723 102
1445067723 25
1445067723 25
1445067723 102
1445067734 75
1445067734 25
1445067737 102
1445067737 25
1445067737 25
1445067737 102
1445067748 75
1445067748 25
1445067752 102
1445067752 25
1445067752 25
1445067752 102
1445067761 75
1445067761 25
1445067765 67
1445067765 102
1445067765 25
1445067765 25
1445067775 75
1445067775 102
1445067775 160
1445067823 129
1445067823 3
1445067823 16
1445067823 16
1445067823 111
