1445089878 40
1445089878 37
1445089878 39
1445089878 41
1445089878 31
1445089879 25
1445089879 13
1445089880 24
1445089881 32
1445089881 38
1445089881 35
1445089881 30
1445089881 28
1445089881 21
1445089881 18
1445089881 21
1445089881 18
1445089881 1
1445089881 1
1445089881 1
1445089881 1
1445089881 1
1445089881 1
1445089881 1
1445089881 20
1445089881 2
1445089881 2
1445089881 19
1445089881 19
1445089881 6
1445089881 6
1445089883 23
1445089883 12
1445089883 21
1445089883 18
1445089883 2
1445089883 19
1445089883 6
1445089885 23
1445089885 5
1445089885 23
1445089885 11
1445089885 21
1445089885 18
1445089885 2
1445089885 19
1445089885 6
1445089887 23
1445089887 19
1445089887 6
1445089889 23
1445089889 19
1445089889 6
1445089890 20
1445089890 21
1445089890 18
1445089890 2
1445089890 19
1445089890 6
1445089892 23
1445089892 19
1445089892 6
1445089893 23
1445089893 8
1445089894 23
1445089894 7
1445089903 20
1445089903 21
1445089903 18
1445089903 2
1445089903 19
1445089903 6
1445089906 23
1445089906 16
1445089913 20
1445089913 21
1445089913 18
1445089913 2
1445089913 19
1445089913 6
1445089917 23
1445089917 10
1445089937 20
1445089937 21
1445089937 18
1445089937 2
1445089937 19
1445089937 6
1445089940 23
1445089940 15
1445089955 20
1445089955 21
1445089955 18
1445089955 2
1445089955 19
1445089955 6
1445089958 23
1445089958 9
1445090006 20
1445090006 21
1445090006 18
1445090006 2
1445090006 19
1445090006 6
1445090008 23
1445090008 17
1445090008 27
1445090008 14
1445090008 33
1445090008 29
1445090008 42
1445090008 36
1445090083 3
1445090083 22
1445090485 26
1445090485 34
1445090485 4
1445090485 43
