1445089878 8
1445089878 147
1445089878 16
1445089878 102
1445089878 83
1445089879 8
1445089879 147
1445089880 160
1445089881 82
1445089881 67
1445089881 154
1445089881 0
1445089881 58
1445089881 78
1445089881 78
1445089881 78
1445089881 78
1445089881 76
1445089881 76
1445089881 76
1445089881 76
1445089881 76
1445089881 76
1445089881 76
1445089881 58
1445089881 60
1445089881 60
1445089881 60
1445089881 60
1445089881 167
1445089881 167
1445089883 167
1445089883 1
1445089883 78
1445089883 78
1445089883 60
1445089883 60
1445089883 167
1445089885 167
1445089885 1
1445089885 167
1445089885 1
1445089885 78
1445089885 78
1445089885 60
1445089885 60
1445089885 167
1445089887 167
1445089887 60
1445089887 167
1445089889 167
1445089889 60
1445089889 167
1445089890 58
1445089890 78
1445089890 78
1445089890 60
1445089890 60
1445089890 167
1445089892 167
1445089892 60
1445089892 167
1445089893 167
1445089893 1
1445089894 167
1445089894 1
1445089903 58
1445089903 78
1445089903 78
1445089903 60
1445089903 60
1445089903 167
1445089906 167
1445089906 1
1445089913 58
1445089913 78
1445089913 78
1445089913 60
1445089913 60
1445089913 167
1445089917 167
1445089917 1
1445089937 58
1445089937 78
1445089937 78
1445089937 60
1445089937 60
1445089937 167
1445089940 167
1445089940 1
1445089955 58
1445089955 78
1445089955 78
1445089955 60
1445089955 60
1445089955 167
1445089958 167
1445089958 1
1445090006 58
1445090006 78
1445090006 78
1445090006 60
1445090006 60
1445090006 167
1445090008 167
1445090008 1
1445090008 58
1445090008 0
1445090008 120
1445090008 120
1445090008 102
1445090008 147
1445090083 160
1445090083 60
1445090485 129
1445090485 129
1445090485 167
1445090485 3
