1445093440 94
1445093440 94
1445093440 94
1445093440 77
1445093442 94
1445093442 94
1445093442 58
1445093442 94
1445093442 94
1445093442 94
1445093442 94
1445093442 94
1445093442 94
1445093442 94
1445093442 62
1445093442 62
1445093442 62
1445093442 21
1445093442 6
1445093442 62
1445093442 94
1445093443 94
1445093443 94
1445093443 94
1445093443 94
1445093443 94
1445093443 94
1445093443 94
1445093443 94
1445093443 94
1445093443 94
1445093443 94
1445093443 94
1445093443 79
1445093443 69
1445093443 78
1445093443 94
1445093444 94
1445093444 94
1445093444 94
1445093444 94
1445093444 94
1445093444 60
1445093444 70
1445093444 37
1445093444 89
1445093444 82
1445093444 94
1445093444 74
1445093444 50
1445093444 76
1445093444 29
1445093444 26
1445093444 81
1445093444 86
1445093444 83
1445093444 95
1445093444 10
1445093444 92
1445093444 94
1445093445 73
1445093445 67
1445093445 60
1445093445 70
1445093445 89
1445093445 82
1445093445 94
1445093445 94
1445093445 94
1445093445 61
1445093445 94
1445093445 94
1445093445 47
1445093445 66
1445093445 33
1445093445 94
1445093445 35
1445093445 15
1445093445 12
1445093445 18
1445093445 12
1445093445 3
1445093445 28
1445093445 4
1445093445 48
1445093445 25
1445093445 15
1445093445 12
1445093445 12
1445093445 12
1445093445 3
1445093445 28
1445093445 48
1445093445 25
1445093445 15
1445093445 12
1445093445 20
1445093445 12
1445093445 3
1445093445 28
1445093445 48
1445093445 25
1445093445 15
1445093445 12
1445093445 18
1445093445 12
1445093445 3
1445093445 28
1445093445 48
1445093445 25
1445093445 15
1445093445 12
1445093445 20
1445093445 12
1445093445 3
1445093445 28
1445093445 48
1445093445 25
1445093445 15
1445093445 12
1445093445 12
1445093445 12
1445093445 3
1445093445 28
1445093445 48
1445093445 25
1445093445 15
1445093445 12
1445093445 18
1445093445 12
1445093445 3
1445093445 28
1445093445 48
1445093445 25
1445093445 15
1445093445 12
1445093445 20
1445093445 12
1445093445 3
1445093445 28
1445093445 48
1445093445 25
1445093445 15
1445093445 12
1445093445 12
1445093445 12
1445093445 3
1445093445 28
1445093445 48
1445093445 25
1445093445 15
1445093445 12
1445093445 12
1445093445 12
1445093445 3
1445093445 28
1445093445 48
1445093445 25
1445093445 32
1445093445 54
1445093445 54
1445093445 54
1445093445 54
1445093445 54
1445093445 54
1445093445 54
1445093445 54
1445093445 54
1445093445 54
1445093445 22
1445093445 94
1445093446 94
1445093446 94
1445093446 94
1445093446 94
1445093446 94
1445093447 94
1445093448 94
1445093448 94
1445093448 63
1445093448 94
1445093448 12
1445093448 1
1445093448 2
1445093448 5
1445093448 45
1445093448 40
1445093448 31
1445093448 9
1445093448 72
1445093448 27
1445093448 43
1445093448 3
1445093448 19
1445093448 59
1445093448 24
1445093449 94
1445093453 46
1445093453 39
1445093453 42
1445093455 53
1445093456 53
1445093457 53
1445093458 53
1445093459 53
1445093460 53
1445093461 55
1445093461 53
1445093462 53
1445093463 53
1445093464 55
1445093464 53
1445093465 53
1445093466 53
1445093467 55
1445093467 53
1445093468 53
1445093469 53
1445093470 55
1445093470 53
1445093471 53
1445093472 53
1445093473 55
1445093473 53
1445093474 53
1445093475 53
1445093476 55
1445093476 53
1445093477 53
1445093478 53
1445093479 53
1445093479 55
1445093480 53
1445093481 53
1445093482 53
1445093483 55
1445093483 53
1445093484 53
1445093485 53
1445093486 55
1445093486 53
1445093487 53
1445093488 53
1445093489 55
1445093489 53
1445093490 53
1445093491 53
1445093492 55
1445093492 53
1445093493 53
1445093494 53
1445093495 55
1445093495 53
1445093496 53
1445093497 53
1445093498 55
1445093499 53
1445093500 53
1445093501 53
1445093501 55
1445093502 53
1445093503 53
1445093504 53
1445093504 55
1445093505 53
1445093506 53
1445093507 53
1445093507 55
1445093508 53
1445093509 53
1445093510 53
1445093510 55
1445093511 53
1445093512 53
1445093513 53
1445093513 55
1445093514 53
1445093515 53
1445093516 53
1445093516 55
1445093517 53
1445093518 53
1445093519 53
1445093519 55
1445093519 55
1445093519 55
1445093522 55
1445093525 55
1445093528 55
1445093531 55
1445093534 55
1445093537 55
1445093540 55
1445093543 55
1445093546 55
1445093549 55
1445093552 55
1445093555 55
1445093558 55
1445093561 55
1445093564 55
1445093567 55
1445093570 55
1445093574 55
1445093577 55
1445093580 55
1445093583 55
1445093586 55
1445093589 55
1445093592 55
1445093595 55
1445093598 55
1445093601 55
1445093604 55
1445093607 55
1445093610 55
1445093613 55
1445093616 55
1445093619 55
1445093622 55
1445093625 55
1445093628 55
1445093631 55
1445093634 55
1445093637 55
1445093640 55
1445093643 55
1445093646 55
1445093649 55
1445093652 55
1445093655 55
1445093658 55
1445093661 55
1445093664 55
1445093667 55
1445093671 55
1445093674 55
1445093677 55
1445093680 55
1445093683 55
1445093686 55
1445093689 55
1445093692 55
1445093695 55
1445093698 55
1445093701 55
1445093704 55
1445093707 55
1445093710 55
1445093713 55
1445093716 55
1445093719 55
1445093722 55
1445093725 55
1445093728 55
1445093731 55
1445093734 55
1445093737 55
1445093740 55
1445093743 55
1445093746 55
1445093749 55
1445093752 55
1445093755 55
1445093758 55
1445093761 55
1445093764 55
1445093767 55
1445093770 55
1445093774 55
1445093777 55
1445093780 55
1445093780 52
1445093780 16
1445093780 14
1445093780 51
1445093780 23
1445093780 55
1445093780 65
1445093780 7
1445093780 11
1445093780 71
1445093780 27
1445093780 8
1445093780 48
1445093780 30
1445093780 54
1445093780 38
1445093780 94
1445093780 56
1445093780 34
1445093780 94
1445093780 94
1445093780 94
1445093780 94
1445093780 68
1445093780 94
1445093780 49
1445093780 94
1445093780 17
1445093780 85
1445093781 36
1445093781 85
1445093781 13
1445093781 90
1445093781 36
1445093781 90
1445093781 44
1445093781 64
1445093781 93
1445093781 44
1445093781 57
1445093781 91
1445093781 44
1445093781 41
1445093781 87
1445093781 75
1445093781 94
1445093781 94
1445093781 94
1445093782 94
1445093782 94
1445093782 80
1445093782 84
1445093782 88
1445093782 94
