1445093440 35
1445093440 35
1445093440 35
1445093440 3
1445093442 35
1445093442 35
1445093442 49
1445093442 35
1445093442 35
1445093442 35
1445093442 35
1445093442 35
1445093442 35
1445093442 35
1445093442 22
1445093442 22
1445093442 22
1445093442 60
1445093442 37
1445093442 22
1445093442 35
1445093443 35
1445093443 35
1445093443 35
1445093443 35
1445093443 35
1445093443 35
1445093443 35
1445093443 35
1445093443 35
1445093443 35
1445093443 35
1445093443 35
1445093443 8
1445093443 147
1445093443 16
1445093443 35
1445093444 35
1445093444 35
1445093444 35
1445093444 35
1445093444 35
1445093444 147
1445093444 84
1445093444 8
1445093444 166
1445093444 166
1445093444 35
1445093444 8
1445093444 147
1445093444 96
1445093444 96
1445093444 96
1445093444 155
1445093444 155
1445093444 8
1445093444 64
1445093444 5
1445093444 64
1445093444 35
1445093445 96
1445093445 45
1445093445 147
1445093445 84
1445093445 166
1445093445 166
1445093445 35
1445093445 35
1445093445 35
1445093445 50
1445093445 35
1445093445 35
1445093445 37
1445093445 8
1445093445 73
1445093445 35
1445093445 73
1445093445 45
1445093445 151
1445093445 151
1445093445 151
1445093445 27
1445093445 7
1445093445 156
1445093445 109
1445093445 109
1445093445 45
1445093445 151
1445093445 151
1445093445 151
1445093445 27
1445093445 7
1445093445 109
1445093445 109
1445093445 45
1445093445 151
1445093445 151
1445093445 151
1445093445 27
1445093445 7
1445093445 109
1445093445 109
1445093445 45
1445093445 151
1445093445 151
1445093445 151
1445093445 27
1445093445 7
1445093445 109
1445093445 109
1445093445 45
1445093445 151
1445093445 151
1445093445 151
1445093445 27
1445093445 7
1445093445 109
1445093445 109
1445093445 45
1445093445 151
1445093445 151
1445093445 151
1445093445 27
1445093445 7
1445093445 109
1445093445 109
1445093445 45
1445093445 151
1445093445 151
1445093445 151
1445093445 27
1445093445 7
1445093445 109
1445093445 109
1445093445 45
1445093445 151
1445093445 151
1445093445 151
1445093445 27
1445093445 7
1445093445 109
1445093445 109
1445093445 45
1445093445 151
1445093445 151
1445093445 151
1445093445 27
1445093445 7
1445093445 109
1445093445 109
1445093445 45
1445093445 151
1445093445 151
1445093445 151
1445093445 27
1445093445 7
1445093445 109
1445093445 109
1445093445 109
1445093445 45
1445093445 45
1445093445 45
1445093445 45
1445093445 45
1445093445 45
1445093445 45
1445093445 45
1445093445 45
1445093445 45
1445093445 7
1445093445 35
1445093446 35
1445093446 35
1445093446 35
1445093446 35
1445093446 35
1445093447 35
1445093448 35
1445093448 35
1445093448 38
1445093448 35
1445093448 151
1445093448 105
1445093448 105
1445093448 110
1445093448 105
1445093448 45
1445093448 7
1445093448 110
1445093448 95
1445093448 86
1445093448 37
1445093448 27
1445093448 7
1445093448 45
1445093448 109
1445093449 35
1445093453 82
1445093453 132
1445093453 132
1445093455 55
1445093456 55
1445093457 55
1445093458 55
1445093459 55
1445093460 55
1445093461 55
1445093461 55
1445093462 55
1445093463 55
1445093464 55
1445093464 55
1445093465 55
1445093466 55
1445093467 55
1445093467 55
1445093468 55
1445093469 55
1445093470 55
1445093470 55
1445093471 55
1445093472 55
1445093473 55
1445093473 55
1445093474 55
1445093475 55
1445093476 55
1445093476 55
1445093477 55
1445093478 55
1445093479 55
1445093479 55
1445093480 55
1445093481 55
1445093482 55
1445093483 55
1445093483 55
1445093484 55
1445093485 55
1445093486 55
1445093486 55
1445093487 55
1445093488 55
1445093489 55
1445093489 55
1445093490 55
1445093491 55
1445093492 55
1445093492 55
1445093493 55
1445093494 55
1445093495 55
1445093495 55
1445093496 55
1445093497 55
1445093498 55
1445093499 55
1445093500 55
1445093501 55
1445093501 55
1445093502 55
1445093503 55
1445093504 55
1445093504 55
1445093505 55
1445093506 55
1445093507 55
1445093507 55
1445093508 55
1445093509 55
1445093510 55
1445093510 55
1445093511 55
1445093512 55
1445093513 55
1445093513 55
1445093514 55
1445093515 55
1445093516 55
1445093516 55
1445093517 55
1445093518 55
1445093519 55
1445093519 55
1445093519 55
1445093519 55
1445093522 55
1445093525 55
1445093528 55
1445093531 55
1445093534 55
1445093537 55
1445093540 55
1445093543 55
1445093546 55
1445093549 55
1445093552 55
1445093555 55
1445093558 55
1445093561 55
1445093564 55
1445093567 55
1445093570 55
1445093574 55
1445093577 55
1445093580 55
1445093583 55
1445093586 55
1445093589 55
1445093592 55
1445093595 55
1445093598 55
1445093601 55
1445093604 55
1445093607 55
1445093610 55
1445093613 55
1445093616 55
1445093619 55
1445093622 55
1445093625 55
1445093628 55
1445093631 55
1445093634 55
1445093637 55
1445093640 55
1445093643 55
1445093646 55
1445093649 55
1445093652 55
1445093655 55
1445093658 55
1445093661 55
1445093664 55
1445093667 55
1445093671 55
1445093674 55
1445093677 55
1445093680 55
1445093683 55
1445093686 55
1445093689 55
1445093692 55
1445093695 55
1445093698 55
1445093701 55
1445093704 55
1445093707 55
1445093710 55
1445093713 55
1445093716 55
1445093719 55
1445093722 55
1445093725 55
1445093728 55
1445093731 55
1445093734 55
1445093737 55
1445093740 55
1445093743 55
1445093746 55
1445093749 55
1445093752 55
1445093755 55
1445093758 55
1445093761 55
1445093764 55
1445093767 55
1445093770 55
1445093774 55
1445093777 55
1445093780 55
1445093780 55
1445093780 7
1445093780 45
1445093780 55
1445093780 45
1445093780 55
1445093780 55
1445093780 7
1445093780 110
1445093780 95
1445093780 86
1445093780 7
1445093780 109
1445093780 109
1445093780 45
1445093780 73
1445093780 35
1445093780 45
1445093780 73
1445093780 35
1445093780 35
1445093780 35
1445093780 35
1445093780 125
1445093780 35
1445093780 125
1445093780 35
1445093780 88
1445093780 17
1445093781 88
1445093781 17
1445093781 88
1445093781 130
1445093781 88
1445093781 130
1445093781 88
1445093781 34
1445093781 70
1445093781 88
1445093781 34
1445093781 130
1445093781 88
1445093781 34
1445093781 17
1445093781 125
1445093781 35
1445093781 35
1445093781 35
1445093782 35
1445093782 35
1445093782 29
1445093782 166
1445093782 166
1445093782 35
