1445162530 19
1445162531 11
1445162531 15
1445162531 20
1445162531 4
1445162531 3
1445162533 1
1445162534 2
1445162537 5
1445162537 9
1445162539 6
1445162539 23
1445162539 8
1445162539 18
1445162539 16
1445162539 17
1445162539 7
1445162553 21
1445162553 14
1445162553 13
1445162553 23
1445162590 22
1445162590 12
1445162596 21
1445162596 14
1445162596 13
1445162596 23
1445162631 22
1445162631 12
1445162638 21
1445162638 14
1445162638 13
1445162638 23
1445162673 22
1445162673 12
1445162679 21
1445162679 14
1445162679 13
1445162679 23
1445162714 22
1445162714 12
1445162722 21
1445162722 14
1445162722 13
1445162722 23
1445162752 22
1445162752 12
1445162757 21
1445162757 14
1445162757 13
1445162757 23
1445162794 22
1445162794 12
1445162799 21
1445162799 14
1445162799 13
1445162799 23
1445162826 22
1445162826 12
1445162828 10
1445162828 21
1445162828 14
1445162828 13
