1445096619 35
1445096619 29
1445096619 31
1445096619 32
1445096619 24
1445096619 21
1445096620 9
1445096620 19
1445096621 26
1445096621 30
1445096621 28
1445096621 22
1445096621 18
1445096621 14
1445096621 13
1445096621 14
1445096621 13
1445096621 15
1445096621 1
1445096621 1
1445096621 12
1445096621 5
1445096621 12
1445096621 5
1445096623 20
1445096623 6
1445096623 14
1445096623 13
1445096623 1
1445096623 12
1445096623 5
1445096624 20
1445096624 7
1445096624 14
1445096624 13
1445096624 1
1445096624 12
1445096624 5
1445096626 20
1445096626 12
1445096626 5
1445096628 20
1445096628 12
1445096628 5
1445096629 20
1445096629 12
1445096629 5
1445096630 20
1445096630 12
1445096630 5
1445096631 20
1445096631 12
1445096631 5
1445096632 20
1445096632 12
1445096632 5
1445096633 20
1445096633 10
1445096634 20
1445096634 4
1445096634 16
1445096634 8
1445096692 25
1445096692 23
1445096692 34
1445096695 2
1445096695 11
1445097067 17
1445097067 27
1445097067 3
1445097067 33
