1445096619 8
1445096619 147
1445096619 16
1445096619 102
1445096619 83
1445096619 8
1445096620 147
1445096620 160
1445096621 82
1445096621 67
1445096621 154
1445096621 0
1445096621 58
1445096621 78
1445096621 78
1445096621 78
1445096621 78
1445096621 58
1445096621 60
1445096621 60
1445096621 60
1445096621 167
1445096621 60
1445096621 167
1445096623 167
1445096623 1
1445096623 78
1445096623 78
1445096623 60
1445096623 60
1445096623 167
1445096624 167
1445096624 1
1445096624 78
1445096624 78
1445096624 60
1445096624 60
1445096624 167
1445096626 167
1445096626 60
1445096626 167
1445096628 167
1445096628 60
1445096628 167
1445096629 167
1445096629 60
1445096629 167
1445096630 167
1445096630 60
1445096630 167
1445096631 167
1445096631 60
1445096631 167
1445096632 167
1445096632 60
1445096632 167
1445096633 167
1445096633 1
1445096634 167
1445096634 1
1445096634 58
1445096634 0
1445096692 120
1445096692 120
1445096692 102
1445096695 160
1445096695 60
1445097067 129
1445097067 129
1445097067 167
1445097067 3
