1445076574 8
1445076574 147
1445076574 16
1445076574 102
1445076574 83
1445076575 8
1445076575 147
1445076577 160
1445076578 82
1445076578 67
1445076579 22
1445076579 102
1445076579 3
1445076579 75
1445076579 25
1445076579 25
1445076579 154
1445076584 102
1445076584 25
1445076584 25
1445076584 102
1445076593 75
1445076593 25
1445076595 102
1445076595 25
1445076595 25
1445076595 102
1445076604 75
1445076604 25
1445076606 102
1445076606 25
1445076606 25
1445076606 102
1445076616 75
1445076616 25
1445076618 102
1445076618 25
1445076618 25
1445076618 102
1445076627 75
1445076627 25
1445076629 102
1445076629 25
1445076629 25
1445076629 102
1445076640 75
1445076640 25
1445076643 102
1445076643 25
1445076643 25
1445076643 102
1445076654 75
1445076654 25
1445076656 102
1445076656 25
1445076656 25
1445076656 102
1445076665 75
1445076665 25
1445076666 67
1445076666 102
1445076666 25
1445076666 25
1445076673 75
1445076673 102
1445076673 160
1445076712 129
1445076712 3
1445076712 16
1445076712 16
1445076712 111
