1445092199 8
1445092199 147
1445092199 16
1445092199 102
1445092199 83
1445092199 8
1445092200 147
1445092201 160
1445092202 82
1445092202 67
1445092203 22
1445092203 102
1445092203 3
1445092203 75
1445092203 25
1445092203 25
1445092203 154
1445092205 102
1445092205 25
1445092205 25
1445092205 102
1445092213 75
1445092213 25
1445092214 102
1445092214 25
1445092214 25
1445092214 102
1445092222 75
1445092222 25
1445092223 102
1445092223 25
1445092223 25
1445092223 102
1445092231 75
1445092231 25
1445092232 102
1445092232 25
1445092232 25
1445092232 102
1445092240 75
1445092240 25
1445092241 102
1445092241 25
1445092241 25
1445092241 102
1445092248 75
1445092248 25
1445092249 102
1445092249 25
1445092249 25
1445092249 102
1445092250 67
1445092257 75
1445092257 25
1445092257 102
1445092257 25
1445092257 25
1445092258 75
1445092258 102
1445092258 160
1445092282 129
1445092282 3
1445092282 16
1445092282 16
1445092282 111
