1445094488 8
1445094488 147
1445094488 16
1445094488 102
1445094488 83
1445094488 8
1445094489 147
1445094490 160
1445094491 82
1445094491 67
1445094492 22
1445094492 102
1445094492 3
1445094492 75
1445094492 25
1445094492 25
1445094492 154
1445094495 102
1445094495 25
1445094495 25
1445094495 102
1445094503 75
1445094503 25
1445094504 102
1445094504 25
1445094504 25
1445094504 102
1445094512 75
1445094512 25
1445094513 102
1445094513 25
1445094513 25
1445094513 102
1445094522 75
1445094522 25
1445094523 102
1445094523 25
1445094523 25
1445094523 102
1445094532 75
1445094532 25
1445094533 102
1445094533 25
1445094533 25
1445094533 102
1445094544 75
1445094544 25
1445094545 102
1445094545 25
1445094545 25
1445094545 102
1445094545 67
1445094553 75
1445094553 25
1445094553 102
1445094553 25
1445094553 25
1445094554 75
1445094554 102
1445094554 160
1445094579 129
1445094579 3
