1445175182 35
1445175182 35
1445175182 35
1445175183 35
1445175184 35
1445175184 35
1445175184 35
1445175184 35
1445175184 35
1445175184 35
1445175184 35
1445175184 35
1445175184 35
1445175184 35
1445175184 35
1445175184 35
1445175184 35
1445175184 35
1445175185 35
1445175185 35
1445175185 35
1445175185 35
1445175185 35
1445175186 35
1445175186 35
1445175186 35
1445175186 35
1445175186 35
1445175186 35
1445175186 35
1445175186 35
1445175186 35
1445175186 35
1445175186 35
1445175186 8
1445175186 35
1445175186 35
1445175186 35
1445175186 35
1445175186 35
1445175186 35
1445175186 35
1445175186 64
1445175186 5
1445175187 64
1445175187 35
1445175187 35
1445175187 35
1445175187 35
1445175187 35
1445175187 35
1445175187 35
1445175187 35
1445175187 35
1445175187 35
1445175187 35
1445175187 35
1445175187 35
1445175187 35
1445175187 35
1445175187 35
1445175187 35
1445175187 35
1445175187 35
1445175187 35
1445175187 35
1445175187 35
1445175187 35
1445175187 35
1445175187 35
1445175187 35
1445175187 35
1445175187 35
1445175187 35
1445175187 35
1445175187 35
1445175187 35
1445175187 35
1445175187 35
1445175187 35
1445175187 35
1445175187 35
1445175187 35
1445175187 35
1445175187 35
1445175187 35
1445175187 35
1445175187 35
1445175187 35
1445175187 35
1445175187 35
1445175187 35
1445175187 35
1445175187 35
1445175187 35
1445175187 35
1445175187 35
1445175187 35
1445175187 35
1445175187 35
1445175187 35
1445175187 35
1445175187 35
1445175187 35
1445175187 35
1445175187 35
1445175187 35
1445175187 35
1445175188 35
1445175188 35
1445175188 35
1445175188 35
1445175189 35
1445175189 35
1445175189 35
1445175189 35
1445175189 35
1445175189 35
1445175189 35
1445175189 35
1445175189 35
1445175189 35
1445175189 35
1445175189 35
1445175189 35
1445175189 35
1445175189 35
1445175189 35
1445175189 35
1445175189 35
1445175189 35
1445175189 35
1445175189 35
1445175189 35
1445175189 35
1445175189 35
1445175189 35
1445175189 35
1445175189 35
1445175189 35
1445175189 35
1445175189 35
1445175190 35
1445175190 35
1445175190 35
1445175190 35
1445175190 35
1445175190 35
1445175190 35
1445175190 35
1445175190 35
1445175190 35
1445175190 35
1445175190 35
1445175190 35
1445175190 35
1445175190 35
1445175190 35
1445175190 35
1445175190 35
1445175190 35
1445175190 35
1445175190 35
1445175190 35
1445175190 35
1445175190 35
1445175190 35
1445175190 35
1445175191 35
1445175191 35
1445175192 35
1445175192 35
1445175193 35
1445175193 35
1445175193 35
1445175193 35
1445175193 35
1445175193 35
1445175193 35
1445175193 35
1445175193 35
1445175193 35
1445175193 35
1445175193 35
1445175193 35
1445175193 35
1445175194 35
1445175194 35
1445175194 35
1445175194 35
1445175194 35
1445175194 35
1445175194 35
1445175194 35
1445175195 35
1445175195 35
1445175196 35
1445175196 35
1445175197 35
1445175197 35
1445175198 35
1445175198 35
1445175199 35
1445175199 35
1445175200 35
1445175200 35
1445175201 35
1445175201 35
1445175202 35
1445175202 35
1445175202 35
1445175203 35
1445175203 35
1445175203 35
1445175203 35
1445175203 35
1445175203 35
1445175203 35
1445175203 35
1445175203 35
1445175203 35
1445175203 35
1445175203 35
1445175203 35
1445175204 35
1445175204 35
1445175205 35
1445175205 35
1445175206 35
1445175206 35
1445175207 35
1445175207 35
1445175207 35
1445175208 35
1445175208 35
1445175209 35
1445175209 35
1445175210 35
1445175210 35
1445175210 35
1445175211 35
1445175211 35
1445175212 35
1445175212 35
1445175213 35
1445175213 35
1445175214 35
1445175214 35
1445175214 35
1445175214 35
1445175214 35
1445175214 35
1445175215 35
1445175215 35
1445175216 35
1445175216 35
1445175217 35
1445175217 35
1445175217 35
1445175218 35
1445175218 35
1445175218 35
1445175218 35
1445175218 35
1445175219 35
1445175219 35
1445175220 35
1445175220 35
1445175221 35
1445175221 35
1445175221 35
1445175221 35
1445175222 35
1445175222 35
1445175222 35
1445175222 35
1445175223 35
1445175223 35
1445175224 35
1445175224 35
1445175224 35
1445175225 35
1445175225 35
1445175225 35
1445175225 35
1445175225 35
1445175225 35
1445175226 35
1445175226 35
1445175227 35
1445175227 35
1445175227 35
1445175228 35
1445175228 35
1445175228 35
1445175229 35
1445175229 35
1445175229 35
1445175229 35
1445175229 35
1445175230 35
1445175230 35
1445175231 35
1445175231 35
1445175231 35
1445175232 35
1445175232 35
1445175232 35
1445175232 35
1445175232 35
1445175232 35
1445175233 35
1445175233 35
1445175234 35
1445175234 35
1445175234 35
1445175235 35
1445175235 35
1445175235 35
1445175236 35
1445175236 35
1445175236 35
1445175236 35
1445175236 35
1445175237 35
1445175237 35
1445175238 35
1445175238 35
1445175238 35
1445175239 35
1445175239 35
1445175239 35
1445175239 35
1445175240 35
1445175240 35
1445175240 35
1445175240 35
1445175241 35
1445175241 35
1445175242 35
1445175242 35
1445175242 35
1445175243 35
1445175243 35
1445175243 35
1445175243 35
1445175243 35
1445175244 35
1445175244 35
1445175244 35
1445175245 35
1445175245 35
1445175246 35
1445175246 35
1445175246 35
1445175246 35
1445175247 35
1445175247 35
1445175247 35
1445175247 35
1445175248 35
1445175248 35
1445175248 35
1445175249 35
1445175249 35
1445175249 35
1445175250 35
1445175250 35
1445175250 35
1445175250 35
1445175251 35
1445175251 35
1445175251 35
1445175252 35
1445175252 35
1445175252 35
1445175253 35
1445175253 35
1445175253 35
1445175254 35
1445175254 35
1445175254 35
1445175254 35
1445175255 35
1445175255 35
1445175255 35
1445175256 35
1445175256 35
1445175256 35
1445175257 35
1445175257 35
1445175257 35
1445175257 35
1445175257 35
1445175258 35
1445175258 35
1445175258 35
1445175259 35
1445175259 35
1445175260 35
1445175260 35
1445175260 35
1445175260 35
1445175261 35
1445175261 35
1445175261 35
1445175261 35
1445175262 35
1445175262 35
1445175262 35
1445175263 35
1445175263 35
1445175263 35
1445175264 35
1445175264 35
1445175264 35
1445175264 35
1445175265 35
1445175265 35
1445175265 35
1445175265 35
1445175266 35
1445175266 35
1445175267 35
1445175267 35
1445175267 35
1445175267 35
1445175268 35
1445175268 35
1445175268 35
1445175268 35
1445175269 35
1445175269 35
1445175269 35
1445175270 35
1445175270 35
1445175271 35
1445175271 35
1445175271 35
1445175271 35
1445175271 35
1445175272 35
1445175272 35
1445175272 35
1445175272 35
1445175273 35
1445175273 35
1445175273 35
1445175273 35
1445175273 35
1445175273 35
1445175273 35
1445175273 35
1445175273 35
1445175273 35
1445175273 35
1445175273 35
1445175273 35
1445175273 35
1445175273 35
1445175273 35
1445175273 35
1445175273 35
1445175273 35
1445175273 35
1445175273 35
1445175273 35
1445175273 35
1445175273 35
1445175273 35
1445175273 35
1445175274 35
1445175274 35
1445175274 35
1445175274 35
1445175275 35
1445175275 35
1445175275 35
1445175275 35
1445175275 35
1445175275 35
1445175275 35
1445175275 35
1445175275 35
1445175275 35
1445175275 35
1445175275 35
1445175275 35
1445175275 35
1445175275 35
1445175275 35
1445175275 35
1445175276 35
1445175276 35
1445175276 35
1445175276 35
1445175276 35
1445175276 35
1445175276 35
1445175276 35
1445175277 35
1445175277 35
1445175277 35
1445175277 35
1445175277 35
1445175277 35
1445175277 35
1445175277 35
1445175277 35
1445175277 35
1445175277 35
1445175277 35
1445175277 35
1445175277 35
1445175277 35
1445175277 35
1445175277 35
1445175277 35
1445175278 35
1445175278 35
1445175278 35
1445175278 35
1445175278 35
1445175278 35
1445175278 35
1445175278 35
1445175278 35
1445175278 35
1445175278 35
1445175278 35
1445175278 35
1445175278 35
1445175278 35
1445175278 35
1445175278 35
1445175278 35
1445175278 35
1445175278 35
1445175278 35
1445175278 35
1445175279 35
1445175279 35
1445175279 35
1445175279 35
1445175279 35
1445175280 35
1445175281 35
1445175281 35
1445175281 35
1445175281 35
1445175282 35
1445175282 35
1445175283 35
1445175283 35
1445175283 35
1445175285 35
1445175285 35
1445175285 35
1445175285 35
1445175286 35
1445175286 35
1445175286 35
1445175287 35
1445175287 35
1445175288 35
1445175288 35
1445175288 35
1445175289 35
1445175289 35
1445175289 35
1445175290 35
1445175290 35
1445175290 35
1445175291 35
1445175291 35
1445175291 35
1445175292 35
1445175292 35
1445175292 35
1445175292 35
1445175293 35
1445175293 35
1445175294 35
1445175294 35
1445175294 35
1445175295 35
1445175295 35
1445175295 35
1445175296 35
1445175296 35
1445175296 35
1445175296 35
1445175296 35
1445175297 35
1445175297 35
1445175297 35
1445175297 35
1445175297 35
1445175297 35
1445175298 35
1445175298 35
1445175299 35
1445175299 35
1445175299 35
1445175299 35
1445175300 35
1445175300 35
1445175300 35
1445175301 35
1445175301 35
1445175302 35
1445175302 35
1445175302 35
1445175302 35
1445175303 35
1445175303 35
1445175303 35
1445175304 35
1445175304 35
1445175305 35
1445175305 35
1445175305 35
1445175306 35
1445175306 35
1445175306 35
1445175306 35
1445175306 35
1445175307 35
1445175307 35
1445175308 35
1445175308 35
1445175309 35
1445175309 35
1445175309 35
1445175310 35
1445175310 35
1445175310 35
1445175310 35
1445175311 35
1445175311 35
1445175311 35
1445175312 35
1445175312 35
1445175312 35
1445175313 35
1445175313 35
1445175313 35
1445175314 35
1445175314 35
1445175314 35
1445175314 35
1445175315 35
1445175315 35
1445175316 35
1445175317 35
1445175317 35
1445175317 35
1445175317 35
1445175317 35
1445175317 35
1445175318 35
1445175318 35
1445175318 35
1445175318 35
1445175320 35
1445175320 35
1445175320 35
1445175320 35
1445175331 35
1445175331 35
1445175331 35
1445175331 35
1445175331 35
1445175331 35
1445175331 35
1445175331 35
1445175331 35
1445175331 35
1445175331 35
1445175331 35
1445175331 35
1445175331 35
1445175334 35
1445175334 35
1445175334 35
1445175334 35
1445175334 35
1445175334 35
1445175334 35
1445175334 35
1445175334 35
1445175334 35
1445175334 35
1445175334 35
1445175335 35
1445175335 35
1445175335 35
1445175335 35
1445175337 35
1445175337 35
1445175337 35
1445175337 35
1445175337 35
1445175338 35
1445175338 35
1445175338 35
1445175339 35
1445175339 35
1445175340 35
1445175340 35
1445175340 35
1445175340 35
1445175340 35
1445175340 35
1445175340 35
1445175340 35
1445175340 35
1445175340 35
1445175340 35
1445175340 35
1445175340 35
1445175340 35
1445175340 35
1445175340 35
1445175340 35
1445175340 35
1445175340 35
1445175340 35
1445175341 35
1445175341 35
1445175341 35
1445175341 35
1445175341 35
1445175341 35
1445175341 35
1445175341 35
1445175341 35
1445175341 35
1445175341 35
1445175341 113
1445175341 119
1445175341 170
1445175342 35
1445175342 35
1445175342 35
1445175342 35
1445175343 35
1445175343 35
1445175343 35
1445175343 35
1445175343 35
1445175345 35
1445175345 35
1445175345 35
1445175346 35
1445175346 35
1445175346 35
1445175346 35
1445175346 35
1445175347 35
1445175349 35
1445175349 35
1445175349 35
1445175349 35
1445175349 35
1445175349 35
1445175349 35
1445175350 35
1445175351 35
1445175352 35
1445175352 35
1445175352 35
1445175352 35
1445175352 35
1445175352 35
1445175352 35
1445175354 35
1445175354 35
1445175355 35
1445175355 35
1445175355 35
1445175355 35
1445175356 35
1445175356 35
1445175356 35
1445175356 35
1445175356 35
1445175356 35
1445175356 35
1445175356 35
1445175356 35
1445175356 35
1445175356 35
1445175356 35
1445175356 35
1445175356 35
1445175357 35
1445175357 35
1445175357 35
1445175357 35
1445175357 35
1445175357 35
1445175357 35
1445175357 35
1445175357 35
1445175357 35
1445175357 113
1445175357 119
1445175357 170
1445175357 35
1445175357 35
1445175357 35
1445175357 35
1445175358 35
1445175358 35
1445175358 35
1445175358 35
1445175358 35
1445175358 35
1445175358 35
1445175358 35
1445175358 35
1445175358 35
1445175358 35
1445175358 35
1445175358 35
1445175358 35
1445175358 35
1445175358 35
1445175358 35
1445175358 113
1445175358 119
1445175358 170
1445175358 35
1445175358 35
1445175358 35
1445175358 35
1445175358 35
1445175358 35
1445175358 35
1445175358 35
1445175358 35
1445175358 35
1445175358 35
1445175358 35
1445175358 35
1445175359 35
1445175359 35
1445175359 35
1445175359 35
1445175359 35
1445175359 35
1445175359 113
1445175359 119
1445175359 170
1445175359 35
1445175359 35
1445175359 35
1445175359 35
1445175359 35
1445175359 35
1445175359 35
1445175359 35
1445175359 35
1445175359 35
1445175359 35
1445175359 35
1445175359 35
1445175359 35
1445175359 35
1445175359 35
1445175359 35
1445175360 35
1445175360 35
1445175360 35
1445175360 35
1445175360 35
1445175360 35
1445175360 35
1445175360 35
1445175360 35
1445175360 35
1445175360 35
1445175360 35
1445175360 35
1445175361 35
1445175361 35
1445175361 35
1445175361 35
1445175361 35
1445175361 35
1445175361 35
1445175361 35
1445175361 35
1445175361 35
1445175361 113
1445175361 119
1445175361 170
1445175361 35
1445175361 35
1445175361 35
1445175361 35
1445175361 35
1445175361 35
1445175361 35
1445175361 35
1445175361 35
1445175361 35
1445175361 35
1445175362 35
1445175362 35
1445175362 35
1445175363 35
1445175363 35
1445175363 35
1445175363 35
1445175363 35
1445175363 35
1445175363 35
1445175364 35
1445175365 35
1445175365 35
1445175366 35
1445175366 35
1445175366 35
1445175366 35
1445175367 35
1445175367 35
1445175368 35
1445175368 35
1445175369 35
1445175369 35
1445175369 35
1445175370 35
1445175370 35
1445175370 35
1445175370 35
1445175370 35
1445175370 35
1445175371 35
1445175371 35
1445175372 35
1445175372 35
1445175372 35
1445175373 35
1445175373 35
1445175373 35
1445175373 35
1445175373 35
1445175374 35
1445175374 35
1445175374 35
1445175375 35
1445175375 35
1445175375 35
1445175375 35
1445175375 35
1445175375 35
1445175375 35
1445175375 35
1445175376 35
1445175376 35
1445175376 35
1445175376 35
1445175376 35
1445175376 35
1445175377 35
1445175377 35
1445175377 35
1445175377 35
1445175377 35
1445175378 35
1445175378 35
1445175379 35
1445175379 35
1445175380 35
1445175380 35
1445175380 35
1445175380 35
1445175380 35
1445175381 35
1445175381 35
1445175381 35
1445175381 35
1445175382 35
1445175382 35
1445175383 35
1445175383 35
1445175383 35
1445175383 35
1445175384 35
1445175384 35
1445175384 35
1445175384 35
1445175385 35
1445175385 35
1445175385 35
1445175386 35
1445175386 35
1445175387 35
1445175387 35
1445175387 35
1445175387 35
1445175387 35
1445175388 35
1445175388 35
1445175388 35
1445175389 35
1445175389 35
1445175389 35
1445175389 35
1445175390 35
1445175390 35
1445175390 35
1445175390 35
1445175391 35
1445175391 35
1445175391 35
1445175391 35
1445175391 35
1445175392 35
1445175392 35
1445175392 35
1445175393 35
1445175393 35
1445175393 35
1445175394 35
1445175394 35
1445175394 35
1445175394 35
1445175394 35
1445175395 35
1445175395 35
1445175395 35
1445175396 35
1445175396 35
1445175396 35
1445175397 35
1445175397 35
1445175397 35
1445175398 35
1445175398 35
1445175398 35
1445175398 35
1445175398 35
1445175399 35
1445175399 35
1445175400 35
1445175400 35
1445175400 35
1445175401 35
1445175401 35
1445175401 35
1445175401 35
1445175402 35
1445175402 35
1445175402 35
1445175402 35
1445175403 35
1445175404 35
1445175404 35
1445175404 35
1445175404 35
1445175404 35
1445175405 35
1445175405 35
1445175405 35
1445175405 35
1445175406 35
1445175406 35
1445175407 35
1445175407 35
1445175407 35
1445175407 35
1445175408 35
1445175408 35
1445175408 35
1445175408 35
1445175408 35
1445175408 35
1445175409 35
1445175409 35
1445175409 35
1445175410 35
1445175410 35
1445175410 35
1445175411 35
1445175411 35
1445175411 35
1445175411 35
1445175412 35
1445175412 35
1445175412 35
1445175413 35
1445175413 35
1445175413 35
1445175413 35
1445175414 35
1445175414 35
1445175414 35
1445175415 35
1445175415 35
1445175415 35
1445175416 35
1445175416 35
1445175416 35
1445175416 35
1445175417 35
1445175417 35
1445175417 35
1445175418 35
1445175418 35
1445175419 35
1445175419 35
1445175419 35
1445175419 35
1445175419 35
1445175419 35
1445175420 35
1445175420 35
1445175421 35
1445175421 35
1445175421 35
1445175422 35
1445175422 35
1445175422 35
1445175422 35
1445175423 35
1445175423 35
1445175423 35
1445175423 35
1445175424 35
1445175424 35
1445175425 35
1445175425 35
1445175425 35
1445175425 35
1445175425 35
1445175426 35
1445175426 35
1445175426 35
1445175426 35
1445175426 35
1445175426 35
1445175426 35
1445175426 35
1445175426 35
1445175426 35
1445175426 35
1445175426 35
1445175426 35
1445175426 35
1445175426 35
1445175426 35
1445175426 35
1445175426 35
1445175426 35
1445175426 35
1445175426 35
1445175427 35
1445175427 35
1445175427 35
1445175427 35
1445175427 35
1445175427 35
1445175427 35
1445175428 35
1445175428 35
1445175428 35
1445175428 35
1445175428 35
1445175428 35
1445175428 35
1445175428 35
1445175428 35
1445175428 35
1445175428 35
1445175428 35
1445175428 35
1445175428 35
1445175428 35
1445175428 35
1445175428 35
1445175429 35
1445175429 35
1445175429 35
1445175429 35
1445175429 35
1445175430 35
1445175430 35
1445175430 35
1445175431 35
1445175431 35
1445175431 35
1445175432 35
1445175432 35
1445175432 35
1445175432 35
1445175432 35
1445175433 35
1445175433 35
1445175434 35
1445175434 35
1445175434 35
1445175434 35
1445175434 35
1445175435 35
1445175435 35
1445175435 35
1445175435 35
1445175436 35
1445175436 35
1445175437 35
1445175437 35
1445175437 35
1445175437 35
1445175437 35
1445175437 35
1445175437 35
1445175437 35
1445175437 35
1445175437 35
1445175437 35
1445175437 35
1445175437 35
1445175437 35
1445175437 35
1445175437 35
1445175437 35
1445175437 35
1445175437 35
1445175437 35
1445175437 35
1445175437 35
1445175437 35
1445175437 35
1445175437 35
1445175437 35
1445175437 35
1445175437 35
1445175437 35
1445175437 35
1445175437 35
1445175437 35
1445175437 35
1445175437 35
1445175437 35
1445175437 35
1445175437 89
1445175437 35
1445175437 35
1445175437 35
1445175438 35
1445175438 35
1445175438 35
1445175438 35
1445175438 113
1445175438 119
1445175438 170
1445175438 35
1445175438 35
1445175438 113
1445175438 119
1445175438 170
1445175438 35
1445175438 35
1445175438 36
1445175438 164
1445175438 106
1445175438 4
1445175438 106
1445175438 106
1445175438 61
1445175438 15
1445175438 61
1445175438 61
1445175438 61
1445175438 61
1445175439 35
1445175439 35
1445175439 89
1445175439 35
1445175439 35
1445175439 35
1445175439 35
1445175440 35
1445175440 35
1445175440 35
1445175440 35
1445175441 35
1445175441 36
1445175441 164
1445175441 106
1445175441 4
1445175441 106
1445175441 106
1445175441 61
1445175441 15
1445175441 61
1445175441 61
1445175441 61
1445175441 61
1445175441 35
1445175441 35
1445175441 35
1445175441 35
1445175441 35
1445175441 35
1445175441 35
1445175441 35
1445175442 35
1445175442 35
1445175442 35
1445175442 35
1445175442 35
1445175443 35
1445175443 35
1445175443 35
1445175443 35
1445175443 35
1445175444 35
1445175444 35
1445175444 35
1445175444 113
1445175444 119
1445175444 170
1445175444 35
1445175444 35
1445175444 113
1445175444 119
1445175444 170
1445175444 35
1445175444 35
1445175445 35
1445175445 35
1445175445 35
1445175445 35
1445175445 35
1445175445 35
1445175445 35
1445175445 35
1445175445 35
1445175445 35
1445175445 35
1445175445 35
1445175445 35
1445175445 35
1445175446 35
1445175446 35
1445175446 35
1445175446 35
1445175447 35
1445175447 35
1445175447 35
1445175447 35
1445175448 35
1445175449 35
1445175449 35
1445175450 35
1445175450 35
1445175450 35
1445175450 35
1445175451 35
1445175451 35
1445175452 35
1445175452 35
1445175453 35
1445175453 35
1445175453 35
1445175454 35
1445175454 35
1445175454 35
1445175454 35
1445175454 35
1445175454 35
1445175455 35
1445175455 35
1445175455 35
1445175456 35
1445175456 35
1445175457 35
1445175457 35
1445175457 35
1445175458 35
1445175458 35
1445175458 35
1445175459 35
1445175459 35
1445175459 35
1445175460 35
1445175460 35
1445175461 35
1445175461 35
1445175461 35
1445175461 35
1445175462 35
1445175462 35
1445175462 35
1445175463 35
1445175464 35
1445175464 35
1445175464 35
1445175465 35
1445175465 35
1445175465 35
1445175465 35
1445175466 35
1445175466 35
1445175467 35
1445175467 35
1445175468 35
1445175468 35
1445175468 35
1445175468 35
1445175468 35
1445175469 35
1445175470 35
1445175470 35
1445175471 35
1445175471 35
1445175471 35
1445175471 35
1445175471 35
1445175472 35
1445175472 35
1445175473 35
1445175473 35
1445175474 35
1445175474 35
1445175474 35
1445175474 35
1445175474 35
1445175475 35
1445175475 35
1445175476 35
1445175476 35
1445175477 35
1445175477 35
1445175477 35
1445175477 35
1445175478 35
1445175478 35
1445175478 35
1445175479 35
1445175479 35
1445175480 35
1445175480 35
1445175480 35
1445175480 35
1445175480 35
1445175481 35
1445175481 35
1445175482 35
1445175482 35
1445175483 35
1445175483 35
1445175483 35
1445175483 35
1445175484 35
1445175484 35
1445175484 35
1445175485 35
1445175485 35
1445175485 35
1445175486 35
1445175486 35
1445175486 35
1445175486 35
1445175487 35
1445175488 35
1445175488 35
1445175488 35
1445175488 35
1445175489 35
1445175489 35
1445175489 35
1445175489 35
1445175490 35
1445175490 35
1445175491 35
1445175491 35
1445175491 35
1445175492 35
1445175492 35
1445175492 35
1445175492 35
1445175492 35
1445175493 35
1445175493 35
1445175494 35
1445175494 35
1445175495 35
1445175495 35
1445175495 35
1445175495 35
1445175495 35
1445175495 35
1445175496 35
1445175496 35
1445175497 35
1445175498 35
1445175498 35
1445175498 35
1445175498 35
1445175498 35
1445175498 35
1445175499 35
1445175499 35
1445175500 35
1445175500 35
1445175501 35
1445175501 35
1445175501 35
1445175501 35
1445175502 35
1445175502 35
1445175502 35
1445175502 35
1445175503 35
1445175503 35
1445175504 35
1445175504 35
1445175504 35
1445175504 35
1445175505 35
1445175505 35
1445175505 35
1445175506 35
1445175506 35
1445175506 35
1445175507 35
1445175507 35
1445175507 35
1445175508 35
1445175510 35
1445175510 35
1445175510 35
1445175510 35
1445175510 35
1445175510 35
1445175510 35
1445175510 35
1445175510 35
1445175510 35
1445175510 35
1445175510 35
1445175510 35
1445175510 35
1445175510 35
1445175510 35
1445175510 35
1445175510 35
1445175510 35
1445175510 35
1445175510 35
1445175511 35
1445175511 35
1445175511 35
1445175511 35
1445175511 35
1445175511 35
1445175511 89
1445175511 35
1445175511 35
1445175511 35
1445175511 35
1445175511 35
1445175511 35
1445175511 35
1445175511 35
1445175511 35
1445175511 35
1445175511 35
1445175511 35
1445175511 35
1445175511 35
1445175511 35
1445175512 35
1445175512 36
1445175512 164
1445175512 106
1445175512 4
1445175512 106
1445175512 106
1445175512 61
1445175512 15
1445175512 61
1445175512 61
1445175512 61
1445175512 61
1445175512 35
1445175512 35
1445175512 35
1445175512 35
1445175512 113
1445175512 119
1445175512 170
1445175512 35
1445175512 35
1445175512 35
1445175513 35
1445175513 35
1445175513 89
1445175513 35
1445175513 35
1445175513 35
1445175514 35
1445175514 35
1445175514 36
1445175514 164
1445175514 106
1445175514 4
1445175514 106
1445175514 106
1445175514 61
1445175514 15
1445175514 61
1445175514 61
1445175514 61
1445175514 61
1445175514 35
1445175515 35
1445175515 35
1445175515 35
1445175515 113
1445175515 119
1445175515 170
1445175515 35
1445175515 35
1445175515 170
1445175515 35
1445175515 35
1445175516 35
1445175516 35
1445175516 35
1445175516 113
1445175516 119
1445175516 170
1445175516 35
1445175516 35
1445175517 35
1445175517 35
1445175517 35
1445175517 35
1445175517 35
1445175517 35
1445175517 35
1445175518 35
1445175518 35
1445175519 35
1445175519 35
1445175519 35
1445175519 35
1445175519 35
1445175519 35
1445175519 35
1445175519 35
1445175519 35
1445175519 35
1445175519 35
1445175520 35
1445175520 35
1445175521 35
1445175521 35
1445175521 35
1445175521 170
1445175521 35
1445175521 35
1445175521 89
1445175521 35
1445175521 35
1445175521 35
1445175521 36
1445175521 164
1445175521 106
1445175521 4
1445175521 106
1445175521 106
1445175521 61
1445175521 15
1445175521 61
1445175521 61
1445175521 61
1445175521 61
1445175522 35
1445175522 35
1445175523 35
1445175523 35
1445175523 35
1445175523 113
1445175523 119
1445175523 170
1445175523 35
1445175524 35
1445175525 35
1445175525 35
1445175526 35
1445175527 35
1445175528 35
1445175528 35
1445175529 35
1445175530 35
1445175531 35
1445175532 35
1445175532 35
1445175533 35
1445175534 35
1445175535 35
1445175535 35
1445175536 35
1445175537 35
1445175538 35
1445175538 35
1445175539 35
1445175540 35
1445175541 35
1445175541 35
1445175542 35
1445175543 35
1445175544 35
1445175544 35
1445175545 35
1445175546 35
1445175547 35
1445175547 35
1445175548 35
1445175549 35
1445175550 35
1445175550 35
1445175551 35
1445175552 35
1445175553 35
1445175553 35
1445175554 35
1445175555 35
1445175556 35
1445175556 35
1445175557 35
1445175558 35
1445175559 35
1445175559 35
1445175560 35
1445175561 35
1445175562 35
1445175562 35
1445175563 35
1445175564 35
1445175565 35
1445175565 35
1445175566 35
1445175567 35
1445175568 35
1445175568 35
1445175569 35
1445175570 35
1445175571 35
1445175571 35
1445175572 35
1445175573 35
1445175574 35
1445175574 35
1445175575 35
1445175576 35
1445175577 35
1445175577 35
1445175577 35
1445175580 35
1445175583 35
1445175586 35
1445175589 35
1445175592 35
1445175595 35
1445175598 35
1445175600 48
1445175600 14
1445175600 162
1445175600 142
1445175600 96
1445175601 35
1445175604 35
1445175607 35
1445175610 35
1445175613 35
1445175616 35
1445175619 35
1445175623 35
1445175626 35
1445175629 35
1445175632 35
1445175635 35
1445175653 35
1445175656 35
1445175659 35
1445175662 35
1445175665 35
1445175668 35
1445175671 35
1445175674 35
1445175677 35
1445175680 35
1445175683 35
1445175686 35
1445175689 35
1445175692 35
1445175695 35
1445175698 35
1445175701 35
1445175704 35
1445175707 35
1445175710 35
1445175713 35
1445175716 35
1445175719 35
1445175723 35
1445175726 35
1445175729 35
1445175732 35
1445175735 35
1445175738 35
1445175741 35
1445175744 35
1445175747 35
1445175750 35
1445175753 35
1445175756 35
1445175759 35
1445175762 35
1445175765 35
1445175768 35
1445175771 35
1445175774 35
1445175777 35
1445175780 35
1445175783 35
1445175786 35
1445175789 35
1445175792 35
1445175795 35
1445175798 35
1445175801 35
1445175804 35
1445175807 35
1445175811 35
1445175814 35
1445175817 35
1445175820 35
1445175823 35
1445175826 35
1445175829 35
1445175832 35
1445175835 35
1445175838 35
1445175841 35
1445175844 35
1445175847 35
1445175850 35
1445175853 35
1445175856 35
1445175859 35
1445175862 35
1445175865 35
1445175868 35
1445175871 35
1445175874 35
1445175877 35
1445175880 35
1445175883 35
1445175886 35
1445175890 35
1445175893 35
1445175896 35
1445175899 35
1445175902 35
1445175905 35
1445175908 35
1445175911 35
1445175914 35
1445175914 35
1445175914 35
1445175914 35
1445175914 35
1445175914 35
1445175914 35
1445175914 35
1445175914 35
1445175914 35
1445175914 35
1445175914 35
1445175914 35
1445175914 35
1445175914 35
1445175914 35
1445175914 35
1445175914 35
1445175914 35
1445175914 35
1445175914 35
1445175914 35
1445175914 35
1445175914 35
1445175914 35
1445175914 35
1445175914 35
1445175914 35
1445175914 17
1445175915 35
1445175916 35
1445175916 35
1445175916 35
1445175916 113
1445175916 119
1445175916 170
1445175936 35
1445175936 158
1445175936 117
1445175936 117
1445175936 149
1445175936 35
1445175936 35
1445175936 35
1445175936 17
1445175936 35
1445175936 130
1445175936 35
1445175936 130
1445175936 35
1445175936 34
1445175936 70
1445175936 35
1445175936 34
1445175936 130
1445175936 35
1445175936 34
1445175936 17
1445175936 35
1445175936 35
1445175936 35
1445175936 35
1445175937 35
1445175937 35
1445175937 35
1445175937 35
1445175937 35
1445175937 35
