1445235703 8
1445235703 147
1445235703 16
1445235703 102
1445235703 83
1445235703 8
1445235704 147
1445235705 160
1445235705 82
1445235706 67
1445235706 22
1445235706 102
1445235706 3
1445235706 75
1445235706 25
1445235706 25
1445235706 154
1445235709 102
1445235709 25
1445235709 25
1445235709 102
1445235720 75
1445235720 25
1445235722 102
1445235722 25
1445235722 25
1445235722 102
1445235732 75
1445235732 25
1445235734 102
1445235734 25
1445235734 25
1445235734 102
1445235742 75
1445235742 25
1445235744 102
1445235744 25
1445235744 25
1445235744 102
1445235752 75
1445235752 25
1445235754 102
1445235754 25
1445235754 25
1445235754 102
1445235762 75
1445235762 25
1445235764 102
1445235764 25
1445235764 25
1445235764 102
1445235764 67
1445235772 75
1445235772 25
1445235772 102
1445235772 25
1445235772 25
1445235773 75
1445235773 102
1445235773 160
1445235821 129
1445235821 3
1445235821 16
1445235821 16
1445235821 111
