1445092102 8
1445092102 147
1445092102 16
1445092102 102
1445092102 83
1445092103 8
1445092103 147
1445092105 160
1445092106 82
1445092106 67
1445092106 22
1445092106 102
1445092106 3
1445092106 75
1445092106 25
1445092106 25
1445092106 154
1445092109 102
1445092109 25
1445092109 25
1445092109 102
1445092117 75
1445092117 25
1445092118 102
1445092118 25
1445092118 25
1445092118 102
1445092126 75
1445092126 25
1445092127 102
1445092127 25
1445092127 25
1445092127 102
1445092135 75
1445092135 25
1445092135 102
1445092135 25
1445092135 25
1445092135 102
1445092143 75
1445092143 25
1445092144 102
1445092144 25
1445092144 25
1445092144 102
1445092153 75
1445092153 25
1445092155 102
1445092155 25
1445092155 25
1445092155 102
1445092155 67
1445092164 75
1445092164 25
1445092164 102
1445092164 25
1445092164 25
1445092165 75
1445092165 102
1445092165 160
1445092194 129
1445092195 3
1445092195 16
1445092195 16
1445092195 111
