1445067778 23
1445067778 11
1445067778 15
1445067778 21
1445067778 6
1445067779 4
1445067780 2
1445067781 5
1445067782 7
1445067782 9
1445067782 8
1445067782 31
1445067782 13
1445067782 28
1445067782 22
1445067782 24
1445067782 14
1445067794 26
1445067794 16
1445067794 17
1445067794 31
1445067807 30
1445067807 19
1445067813 26
1445067813 16
1445067813 17
1445067813 31
1445067825 30
1445067825 19
1445067832 26
1445067832 16
1445067832 17
1445067832 31
1445067843 30
1445067843 19
1445067849 26
1445067849 16
1445067849 17
1445067849 31
1445067861 30
1445067861 19
1445067867 26
1445067867 16
1445067867 17
1445067867 31
1445067877 30
1445067878 19
1445067884 26
1445067884 16
1445067884 17
1445067884 31
1445067895 30
1445067895 19
1445067901 26
1445067901 16
1445067901 17
1445067901 31
1445067912 30
1445067912 19
1445067917 10
1445067917 26
1445067917 16
1445067917 17
1445067926 29
1445067926 27
1445067926 1
1445067954 3
1445067954 25
1445067954 20
1445067954 18
1445067954 12
