1445067778 8
1445067778 147
1445067778 16
1445067778 102
1445067778 83
1445067779 8
1445067780 147
1445067781 160
1445067782 82
1445067782 67
1445067782 22
1445067782 102
1445067782 3
1445067782 75
1445067782 25
1445067782 25
1445067782 154
1445067794 102
1445067794 25
1445067794 25
1445067794 102
1445067807 75
1445067807 25
1445067813 102
1445067813 25
1445067813 25
1445067813 102
1445067825 75
1445067825 25
1445067832 102
1445067832 25
1445067832 25
1445067832 102
1445067843 75
1445067843 25
1445067849 102
1445067849 25
1445067849 25
1445067849 102
1445067861 75
1445067861 25
1445067867 102
1445067867 25
1445067867 25
1445067867 102
1445067877 75
1445067878 25
1445067884 102
1445067884 25
1445067884 25
1445067884 102
1445067895 75
1445067895 25
1445067901 102
1445067901 25
1445067901 25
1445067901 102
1445067912 75
1445067912 25
1445067917 67
1445067917 102
1445067917 25
1445067917 25
1445067926 75
1445067926 102
1445067926 160
1445067954 129
1445067954 3
1445067954 16
1445067954 16
1445067954 111
