1445241358 19
1445241358 10
1445241358 15
1445241358 21
1445241358 5
1445241359 3
1445241360 2
1445241363 4
1445241365 8
1445241366 11
1445241371 7
1445241371 25
1445241371 12
1445241371 20
1445241371 17
1445241371 18
1445241371 9
1445241399 22
1445241399 14
1445241399 16
1445241399 25
1445241430 29
1445241430 13
1445241449 22
1445241449 14
1445241449 16
1445241449 25
1445241490 29
1445241490 13
1445241500 22
1445241500 14
1445241500 16
1445241500 25
1445241535 29
1445241535 13
1445241538 1
1445241538 35
1445241538 33
1445241538 33
1445241538 24
1445241538 32
1445241538 30
1445241538 41
1445241538 6
1445241538 37
1445241538 38
1445241538 36
1445241538 40
1445241538 39
1445241538 26
1445241538 31
1445241538 34
1445241538 34
1445241538 44
1445241538 44
1445241538 27
1445241538 42
1445241538 45
1445241538 43
1445241538 23
1445241538 28
1445241538 -1
