1445241016 16
1445241016 7
1445241016 14
1445241016 17
1445241016 4
1445241016 2
1445241018 1
1445241021 3
1445241022 5
1445241022 10
1445241034 6
1445241035 22
1445241035 8
1445241035 19
1445241035 18
1445241035 15
1445241035 9
1445241072 20
1445241072 11
1445241072 13
1445241072 22
1445241132 21
1445241132 12
1445241145 20
1445241145 11
1445241145 13
1445241145 22
1445241200 21
1445241200 12
1445241214 20
1445241214 11
1445241214 13
1445241214 22
1445241270 21
1445241270 12
1445241279 20
1445241279 11
1445241279 13
1445241279 22
1445241322 21
1445241322 12
1445241331 20
1445241331 11
1445241331 13
1445241331 22
