1445241016 8
1445241016 147
1445241016 16
1445241016 102
1445241016 83
1445241016 8
1445241018 147
1445241021 160
1445241022 82
1445241022 67
1445241034 22
1445241035 102
1445241035 3
1445241035 75
1445241035 25
1445241035 25
1445241035 154
1445241072 102
1445241072 25
1445241072 25
1445241072 102
1445241132 75
1445241132 25
1445241145 102
1445241145 25
1445241145 25
1445241145 102
1445241200 75
1445241200 25
1445241214 102
1445241214 25
1445241214 25
1445241214 102
1445241270 75
1445241270 25
1445241279 102
1445241279 25
1445241279 25
1445241279 102
1445241322 75
1445241322 25
1445241331 102
1445241331 25
1445241331 25
1445241331 102
