1445248525 8
1445248525 147
1445248525 16
1445248525 102
1445248525 83
1445248525 8
1445248526 147
1445248526 160
1445248527 82
1445248527 67
1445248527 22
1445248527 102
1445248527 3
1445248527 75
1445248527 25
1445248527 25
1445248527 154
1445248530 102
1445248530 25
1445248530 25
1445248530 102
1445248539 75
1445248539 25
1445248540 102
1445248540 25
1445248540 25
1445248540 102
1445248549 75
1445248549 25
1445248550 102
1445248550 25
1445248550 25
1445248550 102
1445248559 75
1445248559 25
1445248561 102
1445248561 25
1445248561 25
1445248561 102
1445248569 75
1445248569 25
1445248570 102
1445248570 25
1445248570 25
1445248570 102
1445248579 75
1445248579 25
1445248580 102
1445248580 25
1445248580 25
1445248580 102
1445248589 75
1445248589 25
1445248590 102
1445248590 25
1445248590 25
1445248590 102
1445248598 75
1445248599 25
1445248599 67
1445248599 102
1445248599 25
1445248599 25
1445248607 75
1445248607 102
1445248607 160
1445248640 129
1445248640 3
1445248640 16
1445248640 16
1445248640 111
