1445163433 18
1445163433 11
1445163433 14
1445163433 25
1445163433 6
1445163433 3
1445163433 2
1445163434 5
1445163434 8
1445163434 10
1445163435 7
1445163435 26
1445163435 12
1445163435 24
1445163435 23
1445163435 21
1445163435 13
1445163438 20
1445163438 15
1445163438 17
1445163438 26
1445163447 28
1445163447 16
1445163448 20
1445163448 15
1445163448 17
1445163448 26
1445163456 28
1445163456 16
1445163458 20
1445163458 15
1445163458 17
1445163458 26
1445163466 28
1445163466 16
1445163468 20
1445163468 15
1445163468 17
1445163468 26
1445163475 28
1445163475 16
1445163477 20
1445163477 15
1445163477 17
1445163477 26
1445163485 28
1445163485 16
1445163487 20
1445163487 15
1445163487 17
1445163487 26
1445163496 28
1445163496 16
1445163497 20
1445163497 15
1445163497 17
1445163497 26
1445163507 28
1445163507 16
1445163508 9
1445163508 20
1445163508 15
1445163508 17
1445163514 27
1445163514 22
1445163514 1
1445163548 4
1445163548 19
