1445163433 8
1445163433 147
1445163433 16
1445163433 102
1445163433 83
1445163433 8
1445163433 147
1445163434 160
1445163434 82
1445163434 67
1445163435 22
1445163435 102
1445163435 3
1445163435 75
1445163435 25
1445163435 25
1445163435 154
1445163438 102
1445163438 25
1445163438 25
1445163438 102
1445163447 75
1445163447 25
1445163448 102
1445163448 25
1445163448 25
1445163448 102
1445163456 75
1445163456 25
1445163458 102
1445163458 25
1445163458 25
1445163458 102
1445163466 75
1445163466 25
1445163468 102
1445163468 25
1445163468 25
1445163468 102
1445163475 75
1445163475 25
1445163477 102
1445163477 25
1445163477 25
1445163477 102
1445163485 75
1445163485 25
1445163487 102
1445163487 25
1445163487 25
1445163487 102
1445163496 75
1445163496 25
1445163497 102
1445163497 25
1445163497 25
1445163497 102
1445163507 75
1445163507 25
1445163508 67
1445163508 102
1445163508 25
1445163508 25
1445163514 75
1445163514 102
1445163514 160
1445163548 129
1445163548 3
