1445072795 20
1445072795 9
1445072795 14
1445072796 18
1445072796 6
1445072796 4
1445072796 2
1445072797 5
1445072798 7
1445072798 12
1445072798 8
1445072798 27
1445072798 11
1445072798 24
1445072798 22
1445072798 25
1445072798 10
1445072802 21
1445072802 16
1445072802 15
1445072802 27
1445072814 26
1445072814 17
1445072817 21
1445072817 16
1445072817 15
1445072817 27
1445072827 26
1445072827 17
1445072830 21
1445072830 16
1445072830 15
1445072830 27
1445072840 26
1445072840 17
1445072842 21
1445072842 16
1445072842 15
1445072842 27
1445072853 26
1445072853 17
1445072855 21
1445072855 16
1445072855 15
1445072855 27
1445072865 26
1445072865 17
1445072868 21
1445072868 16
1445072868 15
1445072868 27
1445072877 26
1445072877 17
1445072880 21
1445072880 16
1445072880 15
1445072880 27
1445072888 26
1445072888 17
1445072890 13
1445072890 21
1445072890 16
1445072890 15
1445072898 28
1445072898 19
1445072898 1
1445072932 3
1445072932 23
