1445076585 8
1445076585 147
1445076585 16
1445076585 102
1445076585 83
1445076586 8
1445076587 147
1445076589 160
1445076590 82
1445076590 67
1445076592 22
1445076592 102
1445076592 3
1445076592 75
1445076592 25
1445076592 25
1445076592 154
1445076628 102
1445076628 25
1445076628 25
1445076628 102
1445076662 75
1445076662 25
1445076675 102
1445076675 25
1445076675 25
1445076675 102
1445076696 75
1445076696 25
1445076709 102
1445076709 25
1445076709 25
1445076709 102
1445076737 75
1445076737 25
1445076746 102
1445076746 25
1445076746 25
1445076746 102
1445076774 75
1445076774 25
1445076815 102
1445076815 25
1445076815 25
1445076815 102
1445076838 75
1445076839 25
1445076852 20
1445076852 53
1445076852 15
1445076852 15
1445076852 44
1445076852 12
1445076852 91
1445076852 31
1445076852 36
1445076852 164
1445076852 106
1445076852 4
1445076852 106
1445076852 106
1445076852 144
1445076852 53
1445076852 53
1445076852 53
1445076852 51
1445076852 51
1445076852 152
1445076852 51
1445076852 136
1445076852 51
1445076852 152
1445076852 15
1445076852 170
1445076859 102
1445076859 25
1445076859 25
1445076859 102
1445076876 33
1445076891 75
1445076891 25
1445076896 33
1445076899 102
1445076899 25
1445076899 25
1445076899 102
1445076916 33
1445076930 75
1445076930 25
1445076936 33
1445076956 33
1445076976 33
1445076996 33
1445077016 33
1445077036 33
1445077056 33
1445077076 33
1445077096 33
1445077116 33
1445077136 33
1445077156 33
1445077176 33
1445077196 33
1445077216 33
1445077236 33
1445077256 33
1445077276 33
1445077296 33
1445077316 33
1445077336 33
1445077356 33
1445077376 33
1445077396 33
1445077416 33
1445077436 33
1445077456 33
1445077476 33
1445077496 33
1445077516 33
1445077536 33
1445077556 33
1445077576 33
1445077596 33
1445077616 33
1445077636 33
