1445067484 25
1445067484 12
1445067484 17
1445067484 21
1445067484 6
1445067484 4
1445067484 2
1445067485 3
1445067485 8
1445067485 11
1445067485 7
1445067485 28
1445067485 13
1445067485 19
1445067485 23
1445067485 24
1445067485 9
1445067491 20
1445067491 15
1445067491 14
1445067491 28
1445067502 26
1445067502 16
1445067508 20
1445067508 15
1445067508 14
1445067508 28
1445067517 26
1445067517 16
1445067525 20
1445067525 15
1445067525 14
1445067525 28
1445067533 26
1445067533 16
1445067539 20
1445067539 15
1445067539 14
1445067539 28
1445067548 26
1445067548 16
1445067555 20
1445067555 15
1445067555 14
1445067555 28
1445067563 26
1445067564 16
1445067570 20
1445067570 15
1445067570 14
1445067570 28
1445067579 26
1445067579 16
1445067584 20
1445067584 15
1445067584 14
1445067584 28
1445067593 26
1445067593 16
1445067598 10
1445067598 20
1445067598 15
1445067598 14
1445067605 27
1445067605 22
1445067605 1
1445067634 5
1445067634 18
