1445067484 8
1445067484 147
1445067484 16
1445067484 102
1445067484 83
1445067484 8
1445067484 147
1445067485 160
1445067485 82
1445067485 67
1445067485 22
1445067485 102
1445067485 3
1445067485 75
1445067485 25
1445067485 25
1445067485 154
1445067491 102
1445067491 25
1445067491 25
1445067491 102
1445067502 75
1445067502 25
1445067508 102
1445067508 25
1445067508 25
1445067508 102
1445067517 75
1445067517 25
1445067525 102
1445067525 25
1445067525 25
1445067525 102
1445067533 75
1445067533 25
1445067539 102
1445067539 25
1445067539 25
1445067539 102
1445067548 75
1445067548 25
1445067555 102
1445067555 25
1445067555 25
1445067555 102
1445067563 75
1445067564 25
1445067570 102
1445067570 25
1445067570 25
1445067570 102
1445067579 75
1445067579 25
1445067584 102
1445067584 25
1445067584 25
1445067584 102
1445067593 75
1445067593 25
1445067598 67
1445067598 102
1445067598 25
1445067598 25
1445067605 75
1445067605 102
1445067605 160
1445067634 129
1445067634 3
