1445162570 21
1445162570 13
1445162570 16
1445162570 27
1445162570 6
1445162570 5
1445162570 2
1445162571 3
1445162571 8
1445162571 12
1445162571 7
1445162571 30
1445162571 10
1445162571 25
1445162571 22
1445162571 28
1445162571 11
1445162574 24
1445162574 18
1445162574 20
1445162574 30
1445162584 29
1445162584 17
1445162586 24
1445162586 18
1445162586 20
1445162586 30
1445162595 29
1445162595 17
1445162597 24
1445162597 18
1445162597 20
1445162597 30
1445162605 29
1445162606 17
1445162607 24
1445162607 18
1445162607 20
1445162607 30
1445162617 29
1445162617 17
1445162618 24
1445162618 18
1445162618 20
1445162618 30
1445162628 29
1445162628 17
1445162629 24
1445162629 18
1445162629 20
1445162629 30
1445162640 29
1445162640 17
1445162642 24
1445162642 18
1445162642 20
1445162642 30
1445162652 29
1445162652 17
1445162653 9
1445162653 24
1445162653 18
1445162653 20
1445162661 31
1445162661 26
1445162661 1
1445162689 4
1445162690 23
1445162690 19
1445162690 15
1445162690 14
