1445094490 23
1445094490 10
1445094490 18
1445094490 27
1445094490 6
1445094491 3
1445094493 2
1445094496 4
1445094498 8
1445094498 9
1445094499 7
1445094500 30
1445094500 14
1445094500 24
1445094500 21
1445094500 22
1445094500 12
1445094518 28
1445094518 19
1445094518 20
1445094518 30
1445094549 29
1445094549 17
1445094559 28
1445094559 19
1445094559 20
1445094559 30
1445094588 29
1445094589 17
1445094599 28
1445094599 19
1445094599 20
1445094599 30
1445094628 29
1445094628 17
1445094645 28
1445094645 19
1445094645 20
1445094645 30
1445094673 29
1445094673 17
1445094701 28
1445094701 19
1445094701 20
1445094701 30
1445094730 29
1445094730 17
1445094747 28
1445094747 19
1445094747 20
1445094747 30
1445094752 13
1445094777 29
1445094777 17
1445094777 28
1445094777 19
1445094777 20
1445094781 31
1445094781 25
1445094781 1
1445094867 5
1445094868 26
1445094868 16
1445094868 15
1445094868 11
