1445094490 8
1445094490 147
1445094490 16
1445094490 102
1445094490 83
1445094491 8
1445094493 147
1445094496 160
1445094498 82
1445094498 67
1445094499 22
1445094500 102
1445094500 3
1445094500 75
1445094500 25
1445094500 25
1445094500 154
1445094518 102
1445094518 25
1445094518 25
1445094518 102
1445094549 75
1445094549 25
1445094559 102
1445094559 25
1445094559 25
1445094559 102
1445094588 75
1445094589 25
1445094599 102
1445094599 25
1445094599 25
1445094599 102
1445094628 75
1445094628 25
1445094645 102
1445094645 25
1445094645 25
1445094645 102
1445094673 75
1445094673 25
1445094701 102
1445094701 25
1445094701 25
1445094701 102
1445094730 75
1445094730 25
1445094747 102
1445094747 25
1445094747 25
1445094747 102
1445094752 67
1445094777 75
1445094777 25
1445094777 102
1445094777 25
1445094777 25
1445094781 75
1445094781 102
1445094781 160
1445094867 129
1445094868 3
1445094868 16
1445094868 16
1445094868 111
