1445163581 25
1445163581 10
1445163581 17
1445163582 21
1445163582 6
1445163582 3
1445163582 2
1445163583 5
1445163583 7
1445163583 12
1445163584 8
1445163584 26
1445163584 13
1445163584 18
1445163584 24
1445163584 22
1445163584 9
1445163586 23
1445163586 15
1445163586 14
1445163586 26
1445163597 27
1445163597 16
1445163599 23
1445163599 15
1445163599 14
1445163599 26
1445163608 27
1445163608 16
1445163611 23
1445163611 15
1445163611 14
1445163611 26
1445163619 27
1445163619 16
1445163621 23
1445163621 15
1445163621 14
1445163621 26
1445163629 27
1445163629 16
1445163630 23
1445163630 15
1445163630 14
1445163630 26
1445163639 27
1445163639 16
1445163641 23
1445163641 15
1445163641 14
1445163641 26
1445163654 27
1445163654 16
1445163656 23
1445163656 15
1445163656 14
1445163656 26
1445163668 27
1445163668 16
1445163669 11
1445163669 23
1445163669 15
1445163669 14
1445163678 28
1445163678 20
1445163678 1
1445163703 4
1445163703 19
