1445163581 8
1445163581 147
1445163581 16
1445163582 102
1445163582 83
1445163582 8
1445163582 147
1445163583 160
1445163583 82
1445163583 67
1445163584 22
1445163584 102
1445163584 3
1445163584 75
1445163584 25
1445163584 25
1445163584 154
1445163586 102
1445163586 25
1445163586 25
1445163586 102
1445163597 75
1445163597 25
1445163599 102
1445163599 25
1445163599 25
1445163599 102
1445163608 75
1445163608 25
1445163611 102
1445163611 25
1445163611 25
1445163611 102
1445163619 75
1445163619 25
1445163621 102
1445163621 25
1445163621 25
1445163621 102
1445163629 75
1445163629 25
1445163630 102
1445163630 25
1445163630 25
1445163630 102
1445163639 75
1445163639 25
1445163641 102
1445163641 25
1445163641 25
1445163641 102
1445163654 75
1445163654 25
1445163656 102
1445163656 25
1445163656 25
1445163656 102
1445163668 75
1445163668 25
1445163669 67
1445163669 102
1445163669 25
1445163669 25
1445163678 75
1445163678 102
1445163678 160
1445163703 129
1445163703 3
