1445175465 21
1445175465 11
1445175465 17
1445175465 20
1445175465 6
1445175465 3
1445175465 2
1445175466 4
1445175467 7
1445175467 13
1445175467 8
1445175467 27
1445175467 12
1445175467 24
1445175467 18
1445175467 23
1445175467 9
1445175470 19
1445175470 14
1445175470 16
1445175470 27
1445175480 26
1445175482 15
1445175483 19
1445175484 14
1445175484 16
1445175484 27
1445175496 26
1445175498 15
1445175500 19
1445175500 14
1445175500 16
1445175500 27
1445175510 26
1445175510 15
1445175511 19
1445175511 14
1445175511 16
1445175511 27
1445175521 26
1445175522 15
1445175523 19
1445175523 14
1445175523 16
1445175523 27
1445175534 26
1445175534 15
1445175535 19
1445175535 14
1445175535 16
1445175535 27
1445175535 10
1445175545 26
1445175545 15
1445175545 19
1445175545 14
1445175545 16
1445175546 28
1445175546 22
1445175546 1
1445175568 5
1445175568 25
