1445175465 8
1445175465 147
1445175465 16
1445175465 102
1445175465 83
1445175465 8
1445175465 147
1445175466 160
1445175467 82
1445175467 67
1445175467 22
1445175467 102
1445175467 3
1445175467 75
1445175467 25
1445175467 25
1445175467 154
1445175470 102
1445175470 25
1445175470 25
1445175470 102
1445175480 75
1445175482 25
1445175483 102
1445175484 25
1445175484 25
1445175484 102
1445175496 75
1445175498 25
1445175500 102
1445175500 25
1445175500 25
1445175500 102
1445175510 75
1445175510 25
1445175511 102
1445175511 25
1445175511 25
1445175511 102
1445175521 75
1445175522 25
1445175523 102
1445175523 25
1445175523 25
1445175523 102
1445175534 75
1445175534 25
1445175535 102
1445175535 25
1445175535 25
1445175535 102
1445175535 67
1445175545 75
1445175545 25
1445175545 102
1445175545 25
1445175545 25
1445175546 75
1445175546 102
1445175546 160
1445175568 129
1445175568 3
