1445241264 20
1445241264 13
1445241264 15
1445241264 24
1445241264 6
1445241264 3
1445241265 2
1445241266 5
1445241267 8
1445241267 9
1445241268 7
1445241268 26
1445241268 10
1445241268 22
1445241268 23
1445241268 18
1445241268 12
1445241271 19
1445241271 16
1445241271 14
1445241271 26
1445241285 27
1445241285 17
1445241287 19
1445241287 16
1445241287 14
1445241287 26
1445241296 27
1445241296 17
1445241298 19
1445241298 16
1445241298 14
1445241298 26
1445241307 27
1445241307 17
1445241308 19
1445241308 16
1445241308 14
1445241308 26
1445241319 27
1445241319 17
1445241320 19
1445241320 16
1445241320 14
1445241320 26
1445241329 27
1445241329 17
1445241330 19
1445241330 16
1445241330 14
1445241330 26
1445241340 27
1445241340 17
1445241341 19
1445241341 16
1445241341 14
1445241341 26
1445241350 27
1445241350 17
1445241351 11
1445241351 19
1445241351 16
1445241351 14
1445241358 28
1445241359 25
1445241359 1
1445241390 4
1445241390 21
