1445241264 8
1445241264 147
1445241264 16
1445241264 102
1445241264 83
1445241264 8
1445241265 147
1445241266 160
1445241267 82
1445241267 67
1445241268 22
1445241268 102
1445241268 3
1445241268 75
1445241268 25
1445241268 25
1445241268 154
1445241271 102
1445241271 25
1445241271 25
1445241271 102
1445241285 75
1445241285 25
1445241287 102
1445241287 25
1445241287 25
1445241287 102
1445241296 75
1445241296 25
1445241298 102
1445241298 25
1445241298 25
1445241298 102
1445241307 75
1445241307 25
1445241308 102
1445241308 25
1445241308 25
1445241308 102
1445241319 75
1445241319 25
1445241320 102
1445241320 25
1445241320 25
1445241320 102
1445241329 75
1445241329 25
1445241330 102
1445241330 25
1445241330 25
1445241330 102
1445241340 75
1445241340 25
1445241341 102
1445241341 25
1445241341 25
1445241341 102
1445241350 75
1445241350 25
1445241351 67
1445241351 102
1445241351 25
1445241351 25
1445241358 75
1445241359 102
1445241359 160
1445241390 129
1445241390 3
