1445067779 28
1445067779 10
1445067779 17
1445067779 24
1445067779 6
1445067779 4
1445067780 2
1445067781 5
1445067782 8
1445067782 14
1445067783 7
1445067783 29
1445067783 9
1445067783 21
1445067783 22
1445067783 26
1445067783 12
1445067794 27
1445067794 18
1445067794 15
1445067794 29
1445067808 31
1445067808 19
1445067815 27
1445067815 18
1445067815 15
1445067815 29
1445067826 31
1445067826 19
1445067834 27
1445067834 18
1445067834 15
1445067834 29
1445067844 31
1445067844 19
1445067850 27
1445067850 18
1445067850 15
1445067850 29
1445067861 31
1445067861 19
1445067868 27
1445067868 18
1445067868 15
1445067868 29
1445067878 31
1445067878 19
1445067885 27
1445067885 18
1445067885 15
1445067885 29
1445067895 31
1445067895 19
1445067901 27
1445067901 18
1445067901 15
1445067901 29
1445067912 31
1445067912 19
1445067916 11
1445067916 27
1445067916 18
1445067916 15
1445067926 30
1445067926 25
1445067926 1
1445067954 3
1445067954 23
1445067954 20
1445067954 16
1445067954 13
