1445067779 8
1445067779 147
1445067779 16
1445067779 102
1445067779 83
1445067779 8
1445067780 147
1445067781 160
1445067782 82
1445067782 67
1445067783 22
1445067783 102
1445067783 3
1445067783 75
1445067783 25
1445067783 25
1445067783 154
1445067794 102
1445067794 25
1445067794 25
1445067794 102
1445067808 75
1445067808 25
1445067815 102
1445067815 25
1445067815 25
1445067815 102
1445067826 75
1445067826 25
1445067834 102
1445067834 25
1445067834 25
1445067834 102
1445067844 75
1445067844 25
1445067850 102
1445067850 25
1445067850 25
1445067850 102
1445067861 75
1445067861 25
1445067868 102
1445067868 25
1445067868 25
1445067868 102
1445067878 75
1445067878 25
1445067885 102
1445067885 25
1445067885 25
1445067885 102
1445067895 75
1445067895 25
1445067901 102
1445067901 25
1445067901 25
1445067901 102
1445067912 75
1445067912 25
1445067916 67
1445067916 102
1445067916 25
1445067916 25
1445067926 75
1445067926 102
1445067926 160
1445067954 129
1445067954 3
1445067954 16
1445067954 16
1445067954 111
