1445162517 20
1445162517 9
1445162517 15
1445162517 21
1445162517 6
1445162517 3
1445162517 2
1445162518 4
1445162518 7
1445162518 11
1445162518 8
1445162518 26
1445162518 10
1445162518 22
1445162518 23
1445162518 18
1445162519 13
1445162522 25
1445162522 16
1445162522 17
1445162522 26
1445162532 28
1445162532 14
1445162534 25
1445162534 16
1445162534 17
1445162534 26
1445162542 28
1445162542 14
1445162544 25
1445162544 16
1445162544 17
1445162544 26
1445162553 28
1445162553 14
1445162555 25
1445162555 16
1445162555 17
1445162555 26
1445162565 28
1445162565 14
1445162568 25
1445162568 16
1445162568 17
1445162568 26
1445162579 28
1445162579 14
1445162580 25
1445162580 16
1445162580 17
1445162580 26
1445162589 28
1445162589 14
1445162591 25
1445162591 16
1445162591 17
1445162591 26
1445162600 28
1445162600 14
1445162601 12
1445162601 25
1445162601 16
1445162601 17
1445162608 27
1445162608 24
1445162608 1
1445162635 5
1445162635 19
