1445162517 8
1445162517 147
1445162517 16
1445162517 102
1445162517 83
1445162517 8
1445162517 147
1445162518 160
1445162518 82
1445162518 67
1445162518 22
1445162518 102
1445162518 3
1445162518 75
1445162518 25
1445162518 25
1445162519 154
1445162522 102
1445162522 25
1445162522 25
1445162522 102
1445162532 75
1445162532 25
1445162534 102
1445162534 25
1445162534 25
1445162534 102
1445162542 75
1445162542 25
1445162544 102
1445162544 25
1445162544 25
1445162544 102
1445162553 75
1445162553 25
1445162555 102
1445162555 25
1445162555 25
1445162555 102
1445162565 75
1445162565 25
1445162568 102
1445162568 25
1445162568 25
1445162568 102
1445162579 75
1445162579 25
1445162580 102
1445162580 25
1445162580 25
1445162580 102
1445162589 75
1445162589 25
1445162591 102
1445162591 25
1445162591 25
1445162591 102
1445162600 75
1445162600 25
1445162601 67
1445162601 102
1445162601 25
1445162601 25
1445162608 75
1445162608 102
1445162608 160
1445162635 129
1445162635 3
