1445175485 28
1445175485 14
1445175485 15
1445175485 26
1445175485 6
1445175486 3
1445175487 2
1445175489 4
1445175491 8
1445175491 13
1445175496 7
1445175496 30
1445175496 9
1445175496 24
1445175496 27
1445175496 22
1445175496 10
1445175511 23
1445175511 19
1445175511 17
1445175511 30
1445175534 31
1445175534 20
1445175558 23
1445175558 19
1445175558 17
1445175558 30
1445175575 31
1445175575 20
1445175582 23
1445175582 19
1445175582 17
1445175582 30
1445175593 31
1445175593 20
1445175598 23
1445175598 19
1445175598 17
1445175598 30
1445175608 31
1445175608 20
1445175612 23
1445175612 19
1445175612 17
1445175612 30
1445175622 31
1445175622 20
1445175625 23
1445175625 19
1445175625 17
1445175625 30
1445175626 11
1445175636 31
1445175636 20
1445175636 23
1445175636 19
1445175636 17
1445175637 29
1445175637 21
1445175637 1
1445175664 5
1445175664 25
1445175664 18
1445175664 16
1445175664 12
