1445175485 8
1445175485 147
1445175485 16
1445175485 102
1445175485 83
1445175486 8
1445175487 147
1445175489 160
1445175491 82
1445175491 67
1445175496 22
1445175496 102
1445175496 3
1445175496 75
1445175496 25
1445175496 25
1445175496 154
1445175511 102
1445175511 25
1445175511 25
1445175511 102
1445175534 75
1445175534 25
1445175558 102
1445175558 25
1445175558 25
1445175558 102
1445175575 75
1445175575 25
1445175582 102
1445175582 25
1445175582 25
1445175582 102
1445175593 75
1445175593 25
1445175598 102
1445175598 25
1445175598 25
1445175598 102
1445175608 75
1445175608 25
1445175612 102
1445175612 25
1445175612 25
1445175612 102
1445175622 75
1445175622 25
1445175625 102
1445175625 25
1445175625 25
1445175625 102
1445175626 67
1445175636 75
1445175636 25
1445175636 102
1445175636 25
1445175636 25
1445175637 75
1445175637 102
1445175637 160
1445175664 129
1445175664 3
1445175664 16
1445175664 16
1445175664 111
