1445241130 27
1445241130 14
1445241130 16
1445241130 21
1445241130 6
1445241130 4
1445241130 2
1445241131 3
1445241132 8
1445241132 11
1445241132 7
1445241132 30
1445241132 10
1445241132 28
1445241132 24
1445241132 26
1445241132 13
1445241135 25
1445241135 19
1445241135 15
1445241135 30
1445241149 31
1445241149 17
1445241151 25
1445241151 19
1445241151 15
1445241151 30
1445241160 31
1445241160 17
1445241162 25
1445241162 19
1445241162 15
1445241162 30
1445241171 31
1445241171 17
1445241173 25
1445241173 19
1445241173 15
1445241173 30
1445241184 31
1445241184 17
1445241185 25
1445241185 19
1445241185 15
1445241185 30
1445241194 31
1445241194 17
1445241195 25
1445241195 19
1445241195 15
1445241195 30
1445241206 31
1445241206 17
1445241207 25
1445241207 19
1445241207 15
1445241207 30
1445241217 31
1445241217 17
1445241217 9
1445241217 25
1445241217 19
1445241217 15
1445241226 29
1445241226 22
1445241226 1
1445241258 5
1445241258 23
1445241258 20
1445241258 18
1445241258 12
