1445241130 8
1445241130 147
1445241130 16
1445241130 102
1445241130 83
1445241130 8
1445241130 147
1445241131 160
1445241132 82
1445241132 67
1445241132 22
1445241132 102
1445241132 3
1445241132 75
1445241132 25
1445241132 25
1445241132 154
1445241135 102
1445241135 25
1445241135 25
1445241135 102
1445241149 75
1445241149 25
1445241151 102
1445241151 25
1445241151 25
1445241151 102
1445241160 75
1445241160 25
1445241162 102
1445241162 25
1445241162 25
1445241162 102
1445241171 75
1445241171 25
1445241173 102
1445241173 25
1445241173 25
1445241173 102
1445241184 75
1445241184 25
1445241185 102
1445241185 25
1445241185 25
1445241185 102
1445241194 75
1445241194 25
1445241195 102
1445241195 25
1445241195 25
1445241195 102
1445241206 75
1445241206 25
1445241207 102
1445241207 25
1445241207 25
1445241207 102
1445241217 75
1445241217 25
1445241217 67
1445241217 102
1445241217 25
1445241217 25
1445241226 75
1445241226 102
1445241226 160
1445241258 129
1445241258 3
1445241258 16
1445241258 16
1445241258 111
