1445175946 35
1445175947 35
1445175947 35
1445175947 35
1445175948 35
1445175948 35
1445175948 35
1445175948 35
1445175948 35
1445175948 35
1445175948 35
1445175948 35
1445175948 35
1445175948 35
1445175948 35
1445175948 35
1445175948 35
1445175948 35
1445175948 35
1445175949 35
1445175949 35
1445175949 35
1445175949 35
1445175949 35
1445175949 35
1445175949 35
1445175949 35
1445175949 35
1445175950 35
1445175950 35
1445175950 35
1445175950 35
1445175950 35
1445175950 35
1445175950 8
1445175950 35
1445175950 35
1445175950 35
1445175950 35
1445175950 35
1445175950 35
1445175950 35
1445175950 64
1445175950 5
1445175950 64
1445175950 35
1445175951 35
1445175951 35
1445175951 35
1445175951 35
1445175951 35
1445175951 35
1445175951 35
1445175951 35
1445175951 35
1445175951 35
1445175951 35
1445175951 35
1445175951 35
1445175951 35
1445175951 35
1445175951 35
1445175951 35
1445175951 35
1445175951 35
1445175951 35
1445175951 35
1445175951 35
1445175951 35
1445175951 35
1445175951 35
1445175951 35
1445175951 35
1445175951 35
1445175951 35
1445175951 35
1445175951 35
1445175951 35
1445175951 35
1445175951 35
1445175951 35
1445175951 35
1445175951 35
1445175951 35
1445175951 35
1445175951 35
1445175951 35
1445175951 35
1445175951 35
1445175951 35
1445175951 35
1445175951 35
1445175951 35
1445175951 35
1445175951 35
1445175951 35
1445175951 35
1445175951 35
1445175951 35
1445175951 35
1445175951 35
1445175951 35
1445175951 35
1445175951 35
1445175951 35
1445175951 35
1445175951 35
1445175951 35
1445175952 35
1445175952 35
1445175952 35
1445175952 35
1445175953 35
1445175953 35
1445175953 35
1445175953 35
1445175953 35
1445175953 35
1445175953 35
1445175953 35
1445175953 35
1445175953 35
1445175953 35
1445175953 35
1445175953 35
1445175953 35
1445175953 35
1445175953 35
1445175953 35
1445175953 35
1445175953 35
1445175953 35
1445175953 35
1445175953 35
1445175953 35
1445175953 35
1445175953 35
1445175953 35
1445175953 35
1445175953 35
1445175953 35
1445175953 35
1445175953 35
1445175953 35
1445175953 35
1445175953 35
1445175953 35
1445175953 35
1445175953 35
1445175953 35
1445175953 35
1445175953 35
1445175953 35
1445175953 35
1445175953 35
1445175953 35
1445175953 35
1445175953 35
1445175953 35
1445175953 35
1445175953 35
1445175953 35
1445175953 35
1445175953 35
1445175953 35
1445175953 35
1445175953 35
1445175953 35
1445175953 35
1445175953 35
1445175953 35
1445175953 35
1445175953 35
1445175953 35
1445175953 35
1445175953 35
1445175953 35
1445175953 35
1445175953 35
1445175953 35
1445175953 35
1445175953 35
1445175953 35
1445175953 35
1445175953 35
1445175953 35
1445175953 35
1445175953 35
1445175953 35
1445175953 35
1445175953 35
1445175953 35
1445175953 35
1445175953 35
1445175953 35
1445175953 35
1445175953 35
1445175953 35
1445175953 35
1445175953 35
1445175953 35
1445175953 35
1445175953 35
1445175953 35
1445175953 35
1445175953 35
1445175953 35
1445175953 35
1445175953 35
1445175953 35
1445175953 35
1445175953 35
1445175953 35
1445175953 35
1445175953 35
1445175953 35
1445175953 35
1445175953 35
1445175953 35
1445175953 35
1445175953 35
1445175953 35
1445175953 35
1445175953 35
1445175953 35
1445175953 35
1445175953 35
1445175953 35
1445175953 35
1445175953 35
1445175953 35
1445175953 35
1445175953 35
1445175954 35
1445175956 35
1445175956 35
1445175956 35
1445175957 35
1445175957 35
1445175957 35
1445175957 35
1445175957 35
1445175957 35
1445175957 35
1445175957 35
1445175957 35
1445175957 35
1445175957 35
1445175957 35
1445175957 35
1445175957 35
1445175957 35
1445175957 35
1445175957 35
1445175957 35
1445175959 35
1445175959 35
1445175959 35
1445175959 35
1445175959 35
1445175959 35
1445175959 35
1445175959 35
1445175959 35
1445175959 35
1445175959 35
1445175963 35
1445175964 35
1445175964 35
1445175964 35
1445175964 35
1445175964 35
1445175964 35
1445175966 35
1445175967 35
1445175967 35
1445175967 35
1445175967 35
1445175967 35
1445175967 35
1445175968 35
1445175968 35
1445175968 35
1445175969 35
1445175970 35
1445175970 35
1445175970 35
1445175970 35
1445175970 35
1445175970 35
1445175971 35
1445175971 35
1445175971 35
1445175972 35
1445175973 35
1445175973 35
1445175973 35
1445175973 35
1445175973 35
1445175973 35
1445175974 35
1445175975 35
1445175975 35
1445175975 35
1445175976 35
1445175976 35
1445175976 35
1445175976 35
1445175976 35
1445175976 35
1445175977 35
1445175978 35
1445175978 35
1445175978 35
1445175979 35
1445175979 35
1445175979 35
1445175979 35
1445175980 35
1445175980 35
1445175981 35
1445175981 35
1445175981 35
1445175981 35
1445175982 35
1445175982 35
1445175982 35
1445175982 35
1445175983 35
1445175983 35
1445175984 35
1445175984 35
1445175984 35
1445175984 35
1445175985 35
1445175985 35
1445175985 35
1445175985 35
1445175986 35
1445175986 35
1445175987 35
1445175987 35
1445175987 35
1445175987 35
1445175988 35
1445175988 35
1445175988 35
1445175989 35
1445175989 35
1445175989 35
1445175990 35
1445175990 35
1445175990 35
1445175990 35
1445175991 35
1445175991 35
1445175991 35
1445175992 35
1445175992 35
1445175992 35
1445175993 35
1445175993 35
1445175993 35
1445175993 35
1445175994 35
1445175994 35
1445175994 35
1445175995 35
1445175995 35
1445175995 35
1445175996 35
1445175996 35
1445175997 35
1445175997 35
1445175997 35
1445175997 35
1445175998 35
1445175998 35
1445175998 35
1445175998 35
1445175999 35
1445176000 35
1445176000 35
1445176000 35
1445176000 35
1445176000 35
1445176001 35
1445176001 35
1445176001 35
1445176001 35
1445176002 35
1445176003 35
1445176003 35
1445176003 35
1445176003 35
1445176003 35
1445176003 35
1445176003 35
1445176003 35
1445176004 35
1445176004 35
1445176004 35
1445176004 35
1445176005 35
1445176005 35
1445176006 35
1445176006 35
1445176006 35
1445176006 35
1445176006 35
1445176006 35
1445176006 35
1445176007 35
1445176007 35
1445176007 35
1445176007 35
1445176008 35
1445176009 35
1445176009 35
1445176009 35
1445176009 35
1445176009 35
1445176010 35
1445176010 35
1445176010 35
1445176010 35
1445176011 35
1445176012 35
1445176012 35
1445176012 35
1445176012 35
1445176012 35
1445176013 35
1445176013 35
1445176013 35
1445176013 35
1445176014 35
1445176015 35
1445176015 35
1445176015 35
1445176015 35
1445176016 35
1445176016 35
1445176016 35
1445176016 35
1445176016 35
1445176017 35
1445176017 35
1445176018 35
1445176018 35
1445176019 35
1445176019 35
1445176019 35
1445176019 35
1445176019 35
1445176019 35
1445176019 35
1445176020 35
1445176021 35
1445176021 35
1445176022 35
1445176022 35
1445176022 35
1445176022 35
1445176022 35
1445176022 35
1445176022 35
1445176023 35
1445176024 35
1445176024 35
1445176025 35
1445176025 35
1445176025 35
1445176025 35
1445176025 35
1445176025 35
1445176025 35
1445176026 35
1445176027 35
1445176027 35
1445176028 35
1445176028 35
1445176028 35
1445176028 35
1445176028 35
1445176028 35
1445176028 35
1445176029 35
1445176030 35
1445176030 35
1445176031 35
1445176031 35
1445176031 35
1445176031 35
1445176031 35
1445176031 35
1445176031 35
1445176032 35
1445176032 35
1445176032 35
1445176032 35
1445176032 35
1445176032 35
1445176032 35
1445176032 35
1445176032 35
1445176032 35
1445176032 35
1445176032 35
1445176032 35
1445176032 35
1445176032 35
1445176032 35
1445176033 35
1445176033 35
1445176033 35
1445176033 35
1445176033 35
1445176033 35
1445176033 35
1445176033 35
1445176033 35
1445176033 35
1445176033 35
1445176033 113
1445176033 119
1445176033 170
1445176033 35
1445176033 35
1445176033 35
1445176033 35
1445176033 35
1445176033 35
1445176033 35
1445176033 35
1445176033 35
1445176033 35
1445176033 35
1445176033 35
1445176033 35
1445176033 35
1445176033 35
1445176033 35
1445176033 35
1445176033 35
1445176033 35
1445176033 35
1445176034 35
1445176034 35
1445176034 35
1445176034 35
1445176034 35
1445176034 35
1445176034 35
1445176034 35
1445176034 35
1445176034 35
1445176034 35
1445176034 35
1445176034 35
1445176034 35
1445176034 35
1445176034 35
1445176034 113
1445176034 119
1445176034 170
1445176034 35
1445176034 35
1445176034 113
1445176034 119
1445176034 170
1445176034 35
1445176034 35
1445176034 35
1445176034 35
1445176034 35
1445176034 35
1445176034 35
1445176034 35
1445176034 35
1445176034 35
1445176034 35
1445176034 35
1445176034 35
1445176034 35
1445176034 35
1445176034 35
1445176034 35
1445176034 35
1445176034 35
1445176034 35
1445176034 35
1445176034 35
1445176034 35
1445176034 35
1445176034 35
1445176034 35
1445176035 35
1445176035 35
1445176035 35
1445176035 35
1445176035 113
1445176035 119
1445176035 170
1445176035 35
1445176035 35
1445176035 35
1445176035 35
1445176035 35
1445176035 35
1445176035 35
1445176035 35
1445176035 35
1445176035 35
1445176035 35
1445176035 35
1445176035 35
1445176035 35
1445176035 35
1445176035 35
1445176035 35
1445176035 35
1445176035 35
1445176035 35
1445176035 35
1445176036 35
1445176036 35
1445176036 35
1445176036 35
1445176036 113
1445176036 119
1445176036 170
1445176037 35
1445176037 35
1445176037 35
1445176037 113
1445176037 119
1445176037 170
1445176037 35
1445176037 35
1445176037 35
1445176037 35
1445176037 35
1445176037 35
1445176037 35
1445176037 35
1445176037 35
1445176038 35
1445176039 35
1445176040 35
1445176040 35
1445176040 35
1445176040 35
1445176041 35
1445176041 35
1445176042 35
1445176043 35
1445176043 35
1445176043 35
1445176044 35
1445176044 35
1445176044 35
1445176045 35
1445176045 35
1445176045 35
1445176046 35
1445176046 35
1445176047 35
1445176047 35
1445176047 35
1445176047 35
1445176048 35
1445176048 35
1445176048 35
1445176049 35
1445176050 35
1445176050 35
1445176050 35
1445176050 35
1445176050 35
1445176051 35
1445176051 35
1445176051 35
1445176052 35
1445176053 35
1445176053 35
1445176053 35
1445176053 35
1445176053 35
1445176054 35
1445176054 35
1445176054 35
1445176055 35
1445176055 35
1445176055 35
1445176055 35
1445176055 35
1445176055 35
1445176055 35
1445176055 35
1445176055 35
1445176055 35
1445176055 35
1445176055 35
1445176056 35
1445176056 35
1445176056 35
1445176056 35
1445176056 35
1445176056 35
1445176056 113
1445176056 119
1445176056 170
1445176056 35
1445176057 35
1445176057 35
1445176057 35
1445176058 35
1445176058 35
1445176059 35
1445176059 35
1445176059 35
1445176059 35
1445176060 35
1445176060 35
1445176060 35
1445176061 35
1445176061 35
1445176062 35
1445176062 35
1445176062 35
1445176062 35
1445176063 35
1445176063 35
1445176063 35
1445176064 35
1445176065 35
1445176065 35
1445176065 35
1445176065 35
1445176066 35
1445176066 35
1445176066 35
1445176067 35
1445176068 35
1445176068 35
1445176068 35
1445176068 35
1445176069 35
1445176069 35
1445176069 35
1445176070 35
1445176071 35
1445176071 35
1445176071 35
1445176071 35
1445176072 35
1445176072 35
1445176072 35
1445176073 35
1445176073 35
1445176074 35
1445176074 35
1445176074 35
1445176074 35
1445176075 35
1445176075 35
1445176075 35
1445176076 35
1445176077 35
1445176077 35
1445176077 35
1445176077 35
1445176078 35
1445176078 35
1445176078 35
1445176079 35
1445176080 35
1445176081 35
1445176081 35
1445176081 35
1445176081 35
1445176081 35
1445176081 35
1445176082 35
1445176083 35
1445176083 35
1445176084 35
1445176084 35
1445176084 35
1445176084 35
1445176084 35
1445176084 35
1445176085 35
1445176086 35
1445176087 35
1445176087 35
1445176087 35
1445176087 35
1445176087 35
1445176087 35
1445176088 35
1445176089 35
1445176090 35
1445176090 35
1445176090 35
1445176090 35
1445176090 35
1445176090 35
1445176091 35
1445176092 35
1445176093 35
1445176093 35
1445176093 35
1445176093 35
1445176093 35
1445176093 35
1445176094 35
1445176095 35
1445176096 35
1445176096 35
1445176096 35
1445176096 35
1445176096 35
1445176096 35
1445176097 35
1445176098 35
1445176099 35
1445176099 35
1445176099 35
1445176099 35
1445176099 35
1445176099 35
1445176100 35
1445176101 35
1445176102 35
1445176102 35
1445176102 35
1445176102 35
1445176102 35
1445176102 35
1445176103 35
1445176104 35
1445176105 35
1445176105 35
1445176105 35
1445176105 35
1445176105 35
1445176106 35
1445176106 35
1445176107 35
1445176108 35
1445176108 35
1445176108 35
1445176108 35
1445176109 35
1445176109 35
1445176109 35
1445176110 35
1445176110 35
1445176110 35
1445176110 35
1445176110 35
1445176110 35
1445176110 35
1445176110 35
1445176110 35
1445176110 35
1445176110 35
1445176111 35
1445176111 35
1445176111 35
1445176111 35
1445176112 35
1445176112 35
1445176112 35
1445176112 35
1445176112 35
1445176112 113
1445176112 119
1445176112 170
1445176112 35
1445176113 35
1445176114 35
1445176114 35
1445176114 35
1445176115 35
1445176115 35
1445176115 35
1445176116 35
1445176117 35
1445176117 35
1445176118 35
1445176118 35
1445176118 35
1445176118 35
1445176119 35
1445176120 35
1445176120 35
1445176120 35
1445176120 35
1445176120 35
1445176120 35
1445176120 35
1445176120 35
1445176120 35
1445176120 35
1445176120 35
1445176120 35
1445176120 35
1445176120 35
1445176120 35
1445176120 35
1445176120 35
1445176120 89
1445176120 35
1445176120 35
1445176120 36
1445176120 164
1445176120 106
1445176120 4
1445176120 106
1445176120 106
1445176120 61
1445176120 15
1445176120 61
1445176120 61
1445176120 61
1445176120 61
1445176120 35
1445176120 35
1445176121 35
1445176121 35
1445176121 35
1445176121 35
1445176121 35
1445176121 113
1445176121 119
1445176121 170
1445176121 35
1445176121 35
1445176121 113
1445176121 119
1445176121 170
1445176121 35
1445176122 35
1445176123 35
1445176124 35
1445176124 35
1445176124 35
1445176125 35
1445176125 35
1445176125 35
1445176125 35
1445176125 35
1445176125 35
1445176125 35
1445176125 35
1445176125 35
1445176125 35
1445176125 35
1445176126 35
1445176126 35
1445176127 35
1445176127 35
1445176127 35
1445176127 35
1445176127 113
1445176127 119
1445176127 170
1445176127 35
1445176128 35
1445176129 35
1445176130 35
1445176130 35
1445176131 35
1445176132 35
1445176133 35
1445176133 35
1445176134 35
1445176135 35
1445176136 35
1445176136 35
1445176137 35
1445176138 35
1445176139 35
1445176139 35
1445176140 35
1445176141 35
1445176142 35
1445176142 35
1445176143 35
1445176144 35
1445176145 35
1445176145 35
1445176146 35
1445176147 35
1445176148 35
1445176148 35
1445176149 35
1445176150 35
1445176151 35
1445176151 35
1445176152 35
1445176153 35
1445176154 35
1445176154 35
1445176155 35
1445176156 35
1445176157 35
1445176157 35
1445176158 35
1445176159 35
1445176160 35
1445176160 35
1445176161 35
1445176162 35
1445176163 35
1445176163 35
1445176164 35
1445176165 35
1445176166 35
1445176166 35
1445176166 35
1445176169 35
1445176172 35
1445176175 35
1445176178 35
1445176181 35
1445176184 35
1445176187 35
1445176190 35
1445176193 35
1445176197 35
1445176200 35
1445176203 35
1445176206 35
1445176209 35
1445176212 35
1445176215 35
1445176218 35
1445176221 35
1445176224 35
1445176227 35
1445176230 35
1445176233 35
1445176236 35
1445176239 35
1445176242 35
1445176245 35
1445176248 35
1445176251 35
1445176254 35
1445176257 35
1445176260 35
1445176263 35
1445176266 35
1445176269 35
1445176272 35
1445176276 35
1445176279 35
1445176282 35
1445176285 35
1445176288 35
1445176291 35
1445176294 35
1445176297 35
1445176300 35
1445176303 35
1445176306 35
1445176309 35
1445176312 35
1445176315 35
1445176318 35
1445176321 35
1445176324 35
1445176327 35
1445176330 35
1445176333 35
1445176336 35
1445176339 35
1445176342 35
1445176345 35
1445176348 35
1445176351 35
1445176354 35
1445176357 35
1445176361 35
1445176364 35
1445176367 35
1445176370 35
1445176373 35
1445176376 35
1445176379 35
1445176382 35
1445176385 35
1445176388 35
1445176391 35
1445176394 35
1445176397 35
1445176400 35
1445176403 35
1445176406 35
1445176409 35
1445176412 35
1445176415 35
1445176418 35
1445176421 35
1445176424 35
1445176427 35
1445176430 35
1445176433 35
1445176436 35
1445176439 35
1445176442 35
1445176446 35
1445176449 35
1445176452 35
1445176455 35
1445176458 35
1445176461 35
1445176464 35
1445176467 35
1445176470 35
1445176473 35
1445176476 35
1445176477 35
1445176477 35
1445176477 35
1445176477 35
1445176477 35
1445176477 35
1445176477 35
1445176477 35
1445176477 35
1445176477 35
1445176477 35
1445176477 35
1445176477 35
1445176477 35
1445176477 35
1445176477 35
1445176477 35
1445176478 35
1445176478 35
1445176478 35
1445176478 35
1445176478 35
1445176478 35
1445176478 35
1445176478 35
1445176478 35
1445176478 35
1445176478 17
1445176478 35
1445176478 35
1445176478 17
1445176478 35
1445176478 130
1445176478 35
1445176478 130
1445176478 35
1445176478 34
1445176478 70
1445176478 35
1445176478 34
1445176478 130
1445176478 35
1445176478 34
1445176478 17
1445176478 35
1445176478 35
1445176478 35
1445176478 35
1445176479 35
1445176479 35
1445176479 35
1445176479 35
1445176479 35
1445176479 35
