1445067496 18
1445067496 10
1445067496 17
1445067496 22
1445067496 6
1445067497 5
1445067498 3
1445067499 4
1445067500 9
1445067500 11
1445067501 7
1445067501 27
1445067501 12
1445067501 23
1445067501 20
1445067501 19
1445067501 13
1445067543 21
1445067543 16
1445067543 15
1445067543 27
1445067562 31
1445067562 14
1445067588 21
1445067588 16
1445067588 15
1445067588 27
1445067602 31
1445067602 14
1445067639 21
1445067639 16
1445067639 15
1445067639 27
1445067656 31
1445067657 14
1445067667 21
1445067667 16
1445067667 15
1445067667 27
1445067689 31
1445067689 14
1445067701 21
1445067701 16
1445067701 15
1445067701 27
1445067728 31
1445067728 14
1445067736 21
1445067736 16
1445067736 15
1445067736 27
1445067761 31
1445067761 14
1445067775 21
1445067775 16
1445067775 15
1445067775 27
1445067800 31
1445067800 14
1445067816 1
1445067816 36
1445067816 32
1445067816 32
1445067816 26
1445067816 34
1445067816 24
1445067816 45
1445067816 8
1445067816 41
1445067816 39
1445067816 40
1445067816 37
1445067816 38
1445067816 28
1445067816 33
1445067816 35
1445067816 35
1445067816 44
1445067816 44
1445067816 30
1445067816 46
1445067816 42
1445067816 43
1445067816 25
1445067816 29
1445067816 -1
1445067836 2
1445067856 2
1445067876 2
1445067896 2
1445067916 2
1445067936 2
1445067956 2
1445067976 2
1445067996 2
1445068016 2
1445068036 2
1445068056 2
1445068076 2
1445068096 2
1445068116 2
1445068136 2
1445068156 2
1445068176 2
1445068196 2
1445068216 2
1445068236 2
1445068256 2
1445068276 2
1445068296 2
1445068316 2
1445068336 2
1445068356 2
1445068376 2
