1445067496 8
1445067496 147
1445067496 16
1445067496 102
1445067496 83
1445067497 8
1445067498 147
1445067499 160
1445067500 82
1445067500 67
1445067501 22
1445067501 102
1445067501 3
1445067501 75
1445067501 25
1445067501 25
1445067501 154
1445067543 102
1445067543 25
1445067543 25
1445067543 102
1445067562 75
1445067562 25
1445067588 102
1445067588 25
1445067588 25
1445067588 102
1445067602 75
1445067602 25
1445067639 102
1445067639 25
1445067639 25
1445067639 102
1445067656 75
1445067657 25
1445067667 102
1445067667 25
1445067667 25
1445067667 102
1445067689 75
1445067689 25
1445067701 102
1445067701 25
1445067701 25
1445067701 102
1445067728 75
1445067728 25
1445067736 102
1445067736 25
1445067736 25
1445067736 102
1445067761 75
1445067761 25
1445067775 102
1445067775 25
1445067775 25
1445067775 102
1445067800 75
1445067800 25
1445067816 20
1445067816 53
1445067816 15
1445067816 15
1445067816 44
1445067816 12
1445067816 91
1445067816 31
1445067816 36
1445067816 164
1445067816 106
1445067816 4
1445067816 106
1445067816 106
1445067816 144
1445067816 53
1445067816 53
1445067816 53
1445067816 51
1445067816 51
1445067816 152
1445067816 51
1445067816 136
1445067816 51
1445067816 152
1445067816 15
1445067816 170
1445067836 33
1445067856 33
1445067876 33
1445067896 33
1445067916 33
1445067936 33
1445067956 33
1445067976 33
1445067996 33
1445068016 33
1445068036 33
1445068056 33
1445068076 33
1445068096 33
1445068116 33
1445068136 33
1445068156 33
1445068176 33
1445068196 33
1445068216 33
1445068236 33
1445068256 33
1445068276 33
1445068296 33
1445068316 33
1445068336 33
1445068356 33
1445068376 33
