1445241135 24
1445241135 12
1445241135 16
1445241135 21
1445241135 6
1445241136 5
1445241136 2
1445241137 3
1445241137 8
1445241137 9
1445241138 7
1445241138 26
1445241138 11
1445241138 22
1445241138 18
1445241138 23
1445241138 10
1445241143 20
1445241143 15
1445241143 14
1445241143 26
1445241153 27
1445241153 17
1445241156 20
1445241156 15
1445241156 14
1445241156 26
1445241165 27
1445241165 17
1445241168 20
1445241168 15
1445241168 14
1445241168 26
1445241177 27
1445241177 17
1445241179 20
1445241179 15
1445241179 14
1445241179 26
1445241188 27
1445241188 17
1445241190 20
1445241190 15
1445241190 14
1445241190 26
1445241200 27
1445241200 17
1445241202 20
1445241202 15
1445241202 14
1445241202 26
1445241214 27
1445241214 17
1445241216 20
1445241216 15
1445241216 14
1445241216 26
1445241225 27
1445241225 17
1445241227 13
1445241227 20
1445241227 15
1445241227 14
1445241235 28
1445241235 25
1445241235 1
1445241264 4
1445241264 19
