1445241135 8
1445241135 147
1445241135 16
1445241135 102
1445241135 83
1445241136 8
1445241136 147
1445241137 160
1445241137 82
1445241137 67
1445241138 22
1445241138 102
1445241138 3
1445241138 75
1445241138 25
1445241138 25
1445241138 154
1445241143 102
1445241143 25
1445241143 25
1445241143 102
1445241153 75
1445241153 25
1445241156 102
1445241156 25
1445241156 25
1445241156 102
1445241165 75
1445241165 25
1445241168 102
1445241168 25
1445241168 25
1445241168 102
1445241177 75
1445241177 25
1445241179 102
1445241179 25
1445241179 25
1445241179 102
1445241188 75
1445241188 25
1445241190 102
1445241190 25
1445241190 25
1445241190 102
1445241200 75
1445241200 25
1445241202 102
1445241202 25
1445241202 25
1445241202 102
1445241214 75
1445241214 25
1445241216 102
1445241216 25
1445241216 25
1445241216 102
1445241225 75
1445241225 25
1445241227 67
1445241227 102
1445241227 25
1445241227 25
1445241235 75
1445241235 102
1445241235 160
1445241264 129
1445241264 3
