1445076574 23
1445076574 14
1445076574 19
1445076574 24
1445076574 6
1445076575 5
1445076575 2
1445076577 4
1445076578 8
1445076578 10
1445076579 7
1445076579 29
1445076579 13
1445076579 26
1445076579 25
1445076579 22
1445076579 11
1445076583 27
1445076583 17
1445076583 18
1445076583 29
1445076593 31
1445076593 16
1445076595 27
1445076595 17
1445076595 18
1445076595 29
1445076604 31
1445076604 16
1445076607 27
1445076607 17
1445076607 18
1445076607 29
1445076617 31
1445076617 16
1445076619 27
1445076619 17
1445076619 18
1445076619 29
1445076628 31
1445076628 16
1445076629 27
1445076629 17
1445076629 18
1445076629 29
1445076643 31
1445076643 16
1445076646 27
1445076646 17
1445076646 18
1445076646 29
1445076655 31
1445076655 16
1445076657 27
1445076657 17
1445076657 18
1445076657 29
1445076666 31
1445076667 16
1445076668 12
1445076668 27
1445076668 17
1445076668 18
1445076677 30
1445076677 28
1445076677 1
1445076715 3
1445076715 21
1445076715 15
1445076715 20
1445076715 9
