1445076574 8
1445076574 147
1445076574 16
1445076574 102
1445076574 83
1445076575 8
1445076575 147
1445076577 160
1445076578 82
1445076578 67
1445076579 22
1445076579 102
1445076579 3
1445076579 75
1445076579 25
1445076579 25
1445076579 154
1445076583 102
1445076583 25
1445076583 25
1445076583 102
1445076593 75
1445076593 25
1445076595 102
1445076595 25
1445076595 25
1445076595 102
1445076604 75
1445076604 25
1445076607 102
1445076607 25
1445076607 25
1445076607 102
1445076617 75
1445076617 25
1445076619 102
1445076619 25
1445076619 25
1445076619 102
1445076628 75
1445076628 25
1445076629 102
1445076629 25
1445076629 25
1445076629 102
1445076643 75
1445076643 25
1445076646 102
1445076646 25
1445076646 25
1445076646 102
1445076655 75
1445076655 25
1445076657 102
1445076657 25
1445076657 25
1445076657 102
1445076666 75
1445076667 25
1445076668 67
1445076668 102
1445076668 25
1445076668 25
1445076677 75
1445076677 102
1445076677 160
1445076715 129
1445076715 3
1445076715 16
1445076715 16
1445076715 111
