1445076574 26
1445076574 12
1445076574 16
1445076574 25
1445076574 6
1445076575 3
1445076575 2
1445076577 5
1445076578 8
1445076578 13
1445076578 7
1445076578 31
1445076578 11
1445076578 28
1445076578 24
1445076578 27
1445076578 14
1445076583 23
1445076583 17
1445076583 20
1445076583 31
1445076593 30
1445076593 18
1445076595 23
1445076595 17
1445076595 20
1445076595 31
1445076604 30
1445076604 18
1445076606 10
1445076606 23
1445076606 17
1445076606 20
1445076613 29
1445076613 22
1445076613 1
1445076628 4
1445076628 21
1445076628 15
1445076628 19
1445076628 9
