1445076574 8
1445076574 147
1445076574 16
1445076574 102
1445076574 83
1445076575 8
1445076575 147
1445076577 160
1445076578 82
1445076578 67
1445076578 22
1445076578 102
1445076578 3
1445076578 75
1445076578 25
1445076578 25
1445076578 154
1445076583 102
1445076583 25
1445076583 25
1445076583 102
1445076593 75
1445076593 25
1445076595 102
1445076595 25
1445076595 25
1445076595 102
1445076604 75
1445076604 25
1445076606 67
1445076606 102
1445076606 25
1445076606 25
1445076613 75
1445076613 102
1445076613 160
1445076628 129
1445076628 3
1445076628 16
1445076628 16
1445076628 111
