1445067639 26
1445067639 9
1445067639 16
1445067639 22
1445067639 6
1445067639 5
1445067640 2
1445067641 3
1445067642 8
1445067642 11
1445067642 7
1445067642 31
1445067642 13
1445067642 24
1445067642 25
1445067642 27
1445067642 12
1445067654 28
1445067654 19
1445067654 20
1445067654 31
1445067665 29
1445067665 17
1445067669 28
1445067669 19
1445067669 20
1445067669 31
1445067678 29
1445067678 17
1445067681 28
1445067681 19
1445067681 20
1445067681 31
1445067695 29
1445067695 17
1445067699 28
1445067699 19
1445067699 20
1445067699 31
1445067709 29
1445067709 17
1445067713 28
1445067713 19
1445067713 20
1445067713 31
1445067726 29
1445067726 17
1445067731 28
1445067731 19
1445067731 20
1445067731 31
1445067741 29
1445067741 17
1445067744 28
1445067744 19
1445067744 20
1445067744 31
1445067756 29
1445067756 17
1445067759 14
1445067759 28
1445067759 19
1445067759 20
1445067768 30
1445067768 23
1445067768 1
1445067818 4
1445067818 21
1445067819 15
1445067819 18
1445067819 10
