1445067639 8
1445067639 147
1445067639 16
1445067639 102
1445067639 83
1445067639 8
1445067640 147
1445067641 160
1445067642 82
1445067642 67
1445067642 22
1445067642 102
1445067642 3
1445067642 75
1445067642 25
1445067642 25
1445067642 154
1445067654 102
1445067654 25
1445067654 25
1445067654 102
1445067665 75
1445067665 25
1445067669 102
1445067669 25
1445067669 25
1445067669 102
1445067678 75
1445067678 25
1445067681 102
1445067681 25
1445067681 25
1445067681 102
1445067695 75
1445067695 25
1445067699 102
1445067699 25
1445067699 25
1445067699 102
1445067709 75
1445067709 25
1445067713 102
1445067713 25
1445067713 25
1445067713 102
1445067726 75
1445067726 25
1445067731 102
1445067731 25
1445067731 25
1445067731 102
1445067741 75
1445067741 25
1445067744 102
1445067744 25
1445067744 25
1445067744 102
1445067756 75
1445067756 25
1445067759 67
1445067759 102
1445067759 25
1445067759 25
1445067768 75
1445067768 102
1445067768 160
1445067818 129
1445067818 3
1445067819 16
1445067819 16
1445067819 111
