1445092097 25
1445092097 12
1445092097 16
1445092097 21
1445092097 6
1445092097 3
1445092098 2
1445092099 4
1445092100 8
1445092100 9
1445092100 7
1445092100 31
1445092100 10
1445092100 27
1445092100 22
1445092100 23
1445092100 14
1445092103 24
1445092103 15
1445092103 19
1445092103 31
1445092114 29
1445092114 17
1445092115 24
1445092115 15
1445092115 19
1445092115 31
1445092123 29
1445092123 17
1445092124 24
1445092124 15
1445092124 19
1445092124 31
1445092132 29
1445092132 17
1445092133 24
1445092133 15
1445092133 19
1445092133 31
1445092141 29
1445092141 17
1445092142 24
1445092142 15
1445092142 19
1445092142 31
1445092150 29
1445092150 17
1445092151 24
1445092151 15
1445092151 19
1445092151 31
1445092151 13
1445092160 29
1445092160 17
1445092160 24
1445092160 15
1445092160 19
1445092161 30
1445092161 28
1445092161 1
1445092186 5
1445092186 26
1445092186 18
1445092187 20
1445092187 11
