1445092097 8
1445092097 147
1445092097 16
1445092097 102
1445092097 83
1445092097 8
1445092098 147
1445092099 160
1445092100 82
1445092100 67
1445092100 22
1445092100 102
1445092100 3
1445092100 75
1445092100 25
1445092100 25
1445092100 154
1445092103 102
1445092103 25
1445092103 25
1445092103 102
1445092114 75
1445092114 25
1445092115 102
1445092115 25
1445092115 25
1445092115 102
1445092123 75
1445092123 25
1445092124 102
1445092124 25
1445092124 25
1445092124 102
1445092132 75
1445092132 25
1445092133 102
1445092133 25
1445092133 25
1445092133 102
1445092141 75
1445092141 25
1445092142 102
1445092142 25
1445092142 25
1445092142 102
1445092150 75
1445092150 25
1445092151 102
1445092151 25
1445092151 25
1445092151 102
1445092151 67
1445092160 75
1445092160 25
1445092160 102
1445092160 25
1445092160 25
1445092161 75
1445092161 102
1445092161 160
1445092186 129
1445092186 3
1445092186 16
1445092187 16
1445092187 111
