1445076578 20
1445076578 10
1445076578 15
1445076578 21
1445076578 6
1445076579 5
1445076580 3
1445076582 4
1445076583 9
1445076583 12
1445076586 8
1445076586 31
1445076586 11
1445076586 22
1445076586 23
1445076586 18
1445076586 13
1445076611 19
1445076611 17
1445076611 14
1445076611 31
1445076642 25
1445076642 16
1445076649 19
1445076649 17
1445076649 14
1445076649 31
1445076680 25
1445076680 16
1445076687 19
1445076687 17
1445076687 14
1445076687 31
1445076707 25
1445076707 16
1445076735 19
1445076735 17
1445076735 14
1445076735 31
1445076762 25
1445076762 16
1445076785 19
1445076785 17
1445076785 14
1445076785 31
1445076801 25
1445076801 16
1445076815 19
1445076815 17
1445076815 14
1445076815 31
1445076844 25
1445076844 16
1445076854 1
1445076854 35
1445076854 34
1445076854 34
1445076854 30
1445076854 32
1445076854 28
1445076854 44
1445076854 7
1445076854 41
1445076854 37
1445076854 40
1445076854 38
1445076854 39
1445076854 26
1445076854 36
1445076854 33
1445076854 33
1445076854 46
1445076854 46
1445076854 29
1445076854 45
1445076854 43
1445076854 42
1445076854 27
1445076854 24
1445076854 -1
1445076866 19
1445076866 17
1445076866 14
1445076866 31
1445076877 2
1445076893 25
1445076893 16
1445076897 2
1445076917 2
1445076937 2
1445076957 2
1445076977 2
1445076997 2
1445077017 2
1445077037 2
1445077057 2
1445077077 2
1445077097 2
1445077117 2
1445077137 2
1445077157 2
1445077177 2
1445077197 2
1445077217 2
1445077237 2
1445077257 2
1445077277 2
1445077297 2
1445077317 2
1445077337 2
1445077357 2
1445077377 2
1445077397 2
1445077417 2
1445077437 2
1445077457 2
1445077477 2
1445077497 2
1445077517 2
1445077537 2
1445077557 2
1445077577 2
1445077597 2
1445077617 2
1445077637 2
