1445236055 43
1445236055 40
1445236055 41
1445236055 44
1445236055 33
1445236056 27
1445236056 15
1445236057 29
1445236058 35
1445236058 39
1445236058 38
1445236058 34
1445236058 26
1445236058 1
1445236058 1
1445236058 2
1445236058 21
1445236058 19
1445236058 17
1445236058 3
1445236058 18
1445236058 11
1445236060 31
1445236060 12
1445236062 21
1445236062 19
1445236062 17
1445236062 3
1445236062 18
1445236062 11
1445236064 31
1445236064 9
1445236084 21
1445236084 19
1445236084 17
1445236084 3
1445236084 18
1445236084 11
1445236086 31
1445236086 6
1445236088 21
1445236088 19
1445236088 17
1445236088 3
1445236088 18
1445236088 11
1445236091 31
1445236091 16
1445236116 21
1445236116 19
1445236116 17
1445236116 3
1445236116 18
1445236116 11
1445236119 31
1445236119 7
1445236123 21
1445236123 19
1445236123 17
1445236123 3
1445236123 18
1445236123 11
1445236125 31
1445236125 8
1445236125 21
1445236125 19
1445236125 17
1445236125 3
1445236125 18
1445236125 11
1445236126 31
1445236126 14
1445236134 21
1445236134 19
1445236134 17
1445236134 3
1445236134 18
1445236134 11
1445236136 31
1445236136 10
1445236322 21
1445236322 24
1445236322 25
1445236323 3
1445236323 18
1445236323 11
1445236359 31
1445236359 22
1445236392 21
1445236392 24
1445236392 25
1445236392 3
1445236392 18
1445236392 11
1445236480 31
1445236480 23
1445236480 28
1445236480 13
1445236480 36
1445236480 32
1445236480 42
1445236480 5
1445236480 20
1445236895 30
1445236895 37
1445236895 4
1445236895 45
