1445162517 27
1445162517 9
1445162517 15
1445162517 23
1445162517 6
1445162517 5
1445162518 2
1445162518 4
1445162519 7
1445162519 10
1445162519 8
1445162520 30
1445162520 14
1445162520 24
1445162520 26
1445162520 28
1445162520 12
1445162524 22
1445162524 20
1445162524 17
1445162524 30
1445162536 31
1445162536 16
1445162539 22
1445162539 20
1445162539 17
1445162539 30
1445162548 31
1445162548 16
1445162550 22
1445162550 20
1445162550 17
1445162550 30
1445162562 31
1445162562 16
1445162564 22
1445162564 20
1445162564 17
1445162564 30
1445162574 31
1445162574 16
1445162576 22
1445162576 20
1445162576 17
1445162576 30
1445162586 31
1445162586 16
1445162589 22
1445162589 20
1445162589 17
1445162589 30
1445162599 31
1445162599 16
1445162600 22
1445162600 20
1445162600 17
1445162600 30
1445162610 31
1445162610 16
1445162611 11
1445162611 22
1445162611 20
1445162611 17
1445162619 29
1445162619 21
1445162619 1
1445162646 3
1445162646 25
1445162646 19
1445162646 18
1445162646 13
