1445247564 27
1445247564 10
1445247564 19
1445247564 26
1445247564 6
1445247564 5
1445247565 2
1445247566 3
1445247567 7
1445247567 13
1445247567 8
1445247567 31
1445247567 14
1445247567 22
1445247567 24
1445247567 28
1445247567 9
1445247571 25
1445247571 20
1445247571 17
1445247571 31
1445247581 29
1445247581 16
1445247582 25
1445247582 20
1445247582 17
1445247582 31
1445247591 29
1445247591 16
1445247594 25
1445247594 20
1445247594 17
1445247594 31
1445247605 29
1445247605 16
1445247607 25
1445247607 20
1445247607 17
1445247607 31
1445247617 29
1445247617 16
1445247618 25
1445247618 20
1445247618 17
1445247618 31
1445247629 29
1445247629 16
1445247630 25
1445247630 20
1445247630 17
1445247630 31
1445247641 29
1445247641 16
1445247642 25
1445247642 20
1445247642 17
1445247642 31
1445247651 29
1445247651 16
1445247652 12
1445247652 25
1445247652 20
1445247652 17
1445247660 30
1445247660 23
1445247660 1
1445247694 4
1445247694 21
1445247694 18
1445247694 15
1445247694 11
