1445162533 8
1445162534 147
1445162534 16
1445162534 102
1445162534 83
1445162534 8
1445162535 147
1445162537 160
1445162539 82
1445162539 67
1445162540 22
1445162541 102
1445162541 3
1445162541 75
1445162541 25
1445162541 25
1445162541 154
1445162555 102
1445162555 25
1445162555 25
1445162555 102
1445162592 75
1445162592 25
1445162598 102
1445162598 25
1445162598 25
1445162598 102
1445162634 75
1445162634 25
1445162641 102
1445162641 25
1445162641 25
1445162641 102
1445162676 75
1445162676 25
1445162681 102
1445162681 25
1445162681 25
1445162681 102
1445162715 75
1445162715 25
1445162723 102
1445162723 25
1445162723 25
1445162723 102
1445162752 75
1445162752 25
1445162757 102
1445162757 25
1445162757 25
1445162757 102
1445162794 75
1445162794 25
1445162798 102
1445162798 25
1445162798 25
1445162798 102
1445162821 20
1445162821 53
1445162821 15
1445162821 15
1445162821 44
1445162821 12
1445162821 91
1445162821 31
1445162821 36
1445162821 164
1445162821 106
1445162821 4
1445162821 106
1445162821 106
1445162821 144
1445162821 53
1445162821 53
1445162821 53
1445162821 51
1445162821 51
1445162821 152
1445162821 51
1445162821 136
1445162821 51
1445162821 152
1445162821 15
1445162821 170
1445162825 75
1445162825 25
1445162845 33
1445162865 33
1445162885 33
1445162905 33
1445162925 33
1445162945 33
1445162965 33
1445162985 33
1445163005 33
1445163025 33
1445163045 33
1445163065 33
1445163085 33
1445163105 33
1445163125 33
1445163145 33
1445163165 33
1445163185 33
1445163205 33
1445163225 33
1445163245 33
1445163265 33
1445163285 33
1445163305 33
1445163325 33
1445163345 33
1445163365 33
1445163385 33
1445163405 33
