1445089696 8
1445089696 147
1445089696 16
1445089696 102
1445089696 83
1445089696 8
1445089697 147
1445089698 160
1445089699 82
1445089699 67
1445089699 22
1445089699 102
1445089699 3
1445089699 75
1445089699 25
1445089699 25
1445089699 154
1445089702 102
1445089702 25
1445089702 25
1445089702 102
1445089712 75
1445089712 25
1445089713 102
1445089713 25
1445089713 25
1445089713 102
1445089722 75
1445089722 25
1445089723 102
1445089723 25
1445089723 25
1445089723 102
1445089733 75
1445089733 25
1445089734 102
1445089734 25
1445089734 25
1445089734 102
1445089742 75
1445089742 25
1445089743 102
1445089743 25
1445089743 25
1445089743 102
1445089752 75
1445089752 25
1445089753 102
1445089753 25
1445089753 25
1445089753 102
1445089754 67
1445089762 75
1445089762 25
1445089762 102
1445089762 25
1445089762 25
1445089763 75
1445089763 102
1445089763 160
1445089784 129
1445089784 3
