1445068415 8
1445068415 147
1445068415 16
1445068415 102
1445068415 83
1445068416 8
1445068416 147
1445068417 160
1445068418 82
1445068418 67
1445068418 22
1445068418 102
1445068418 3
1445068418 75
1445068418 25
1445068418 25
1445068418 154
1445068422 102
1445068422 25
1445068422 25
1445068422 102
1445068433 75
1445068433 25
1445068436 102
1445068436 25
1445068436 25
1445068436 102
1445068446 75
1445068446 25
1445068449 102
1445068449 25
1445068449 25
1445068449 102
1445068458 75
1445068458 25
1445068461 102
1445068461 25
1445068461 25
1445068461 102
1445068471 75
1445068471 25
1445068473 102
1445068473 25
1445068473 25
1445068473 102
1445068483 75
1445068483 25
1445068487 102
1445068487 25
1445068487 25
1445068487 102
1445068497 75
1445068497 25
1445068500 102
1445068500 25
1445068500 25
1445068500 102
1445068512 75
1445068512 25
1445068514 67
1445068514 102
1445068514 25
1445068514 25
1445068523 75
1445068523 102
1445068523 160
1445068554 129
1445068554 3
