1445236350 36
1445236350 30
1445236350 32
1445236350 33
1445236350 23
1445236350 22
1445236351 9
1445236351 19
1445236352 26
1445236352 31
1445236352 28
1445236352 24
1445236352 17
1445236352 14
1445236352 13
1445236352 14
1445236352 13
1445236352 1
1445236352 15
1445236352 2
1445236352 2
1445236352 12
1445236352 7
1445236352 12
1445236352 7
1445236355 18
1445236355 6
1445236355 14
1445236355 13
1445236355 2
1445236355 12
1445236355 7
1445236355 18
1445236355 11
1445236355 14
1445236355 13
1445236355 2
1445236355 12
1445236355 7
1445236356 18
1445236356 12
1445236356 7
1445236357 18
1445236357 5
1445236358 18
1445236358 12
1445236358 7
1445236360 18
1445236360 12
1445236360 7
1445236363 18
1445236363 12
1445236363 7
1445236365 18
1445236365 12
1445236365 7
1445236368 18
1445236368 12
1445236368 7
1445236371 18
1445236371 8
1445236371 20
1445236371 10
1445236389 27
1445236389 25
1445236389 34
1445236389 3
1445236389 16
1445236914 21
1445236914 29
1445236914 4
1445236914 35
