1445071666 8
1445071666 147
1445071666 16
1445071666 102
1445071666 83
1445071667 8
1445071667 147
1445071668 160
1445071669 82
1445071669 67
1445071669 22
1445071669 102
1445071669 3
1445071669 75
1445071669 25
1445071669 25
1445071669 154
1445071673 102
1445071673 25
1445071673 25
1445071673 102
1445071684 75
1445071684 25
1445071687 102
1445071687 25
1445071687 25
1445071687 102
1445071697 75
1445071697 25
1445071699 102
1445071699 25
1445071699 25
1445071699 102
1445071709 75
1445071709 25
1445071711 102
1445071711 25
1445071711 25
1445071711 102
1445071723 75
1445071723 25
1445071726 102
1445071726 25
1445071726 25
1445071726 102
1445071736 75
1445071736 25
1445071738 102
1445071738 25
1445071738 25
1445071738 102
1445071749 75
1445071749 25
1445071751 102
1445071751 25
1445071751 25
1445071751 102
1445071761 75
1445071761 25
1445071762 67
1445071762 102
1445071762 25
1445071762 25
1445071771 75
1445071771 102
1445071771 160
1445071803 129
1445071803 3
