1445247563 22
1445247563 9
1445247563 19
1445247563 23
1445247563 6
1445247563 5
1445247564 2
1445247565 4
1445247566 7
1445247566 10
1445247567 8
1445247567 30
1445247567 12
1445247567 27
1445247567 28
1445247567 26
1445247567 13
1445247572 24
1445247572 16
1445247572 17
1445247572 30
1445247583 29
1445247584 18
1445247586 24
1445247586 16
1445247586 17
1445247586 30
1445247597 29
1445247598 18
1445247601 24
1445247601 16
1445247601 17
1445247601 30
1445247611 29
1445247611 18
1445247613 24
1445247613 16
1445247613 17
1445247613 30
1445247624 29
1445247624 18
1445247626 24
1445247626 16
1445247626 17
1445247626 30
1445247635 29
1445247635 18
1445247637 24
1445247637 16
1445247637 17
1445247637 30
1445247645 29
1445247645 18
1445247647 24
1445247647 16
1445247647 17
1445247647 30
1445247656 29
1445247656 18
1445247658 11
1445247658 24
1445247658 16
1445247658 17
1445247668 31
1445247668 21
1445247668 1
1445247701 3
1445247701 25
1445247701 15
1445247701 20
1445247701 14
