1445241001 23
1445241002 13
1445241002 16
1445241002 24
1445241002 6
1445241002 3
1445241002 2
1445241003 4
1445241004 7
1445241004 9
1445241004 8
1445241004 27
1445241004 12
1445241004 21
1445241004 19
1445241004 20
1445241004 10
1445241009 22
1445241009 17
1445241009 14
1445241009 27
1445241020 26
1445241020 15
1445241021 22
1445241021 17
1445241021 14
1445241021 27
1445241031 26
1445241031 15
1445241033 22
1445241033 17
1445241033 14
1445241033 27
1445241042 26
1445241042 15
1445241043 22
1445241043 17
1445241043 14
1445241043 27
1445241053 26
1445241053 15
1445241054 22
1445241054 17
1445241054 14
1445241054 27
1445241064 26
1445241064 15
1445241066 22
1445241066 17
1445241066 14
1445241066 27
1445241076 26
1445241076 15
1445241077 22
1445241077 17
1445241077 14
1445241077 27
1445241086 26
1445241086 15
1445241087 11
1445241087 22
1445241087 17
1445241087 14
1445241095 28
1445241095 18
1445241095 1
1445241126 5
1445241126 25
