1445241001 8
1445241002 147
1445241002 16
1445241002 102
1445241002 83
1445241002 8
1445241002 147
1445241003 160
1445241004 82
1445241004 67
1445241004 22
1445241004 102
1445241004 3
1445241004 75
1445241004 25
1445241004 25
1445241004 154
1445241009 102
1445241009 25
1445241009 25
1445241009 102
1445241020 75
1445241020 25
1445241021 102
1445241021 25
1445241021 25
1445241021 102
1445241031 75
1445241031 25
1445241033 102
1445241033 25
1445241033 25
1445241033 102
1445241042 75
1445241042 25
1445241043 102
1445241043 25
1445241043 25
1445241043 102
1445241053 75
1445241053 25
1445241054 102
1445241054 25
1445241054 25
1445241054 102
1445241064 75
1445241064 25
1445241066 102
1445241066 25
1445241066 25
1445241066 102
1445241076 75
1445241076 25
1445241077 102
1445241077 25
1445241077 25
1445241077 102
1445241086 75
1445241086 25
1445241087 67
1445241087 102
1445241087 25
1445241087 25
1445241095 75
1445241095 102
1445241095 160
1445241126 129
1445241126 3
