1445247563 21
1445247563 14
1445247563 17
1445247563 22
1445247563 6
1445247563 4
1445247564 2
1445247565 5
1445247566 8
1445247566 13
1445247567 7
1445247567 30
1445247567 9
1445247567 27
1445247567 25
1445247567 23
1445247567 12
1445247572 28
1445247572 19
1445247572 15
1445247572 30
1445247583 29
1445247583 18
1445247585 28
1445247585 19
1445247585 15
1445247585 30
1445247597 29
1445247597 18
1445247598 28
1445247598 19
1445247598 15
1445247598 30
1445247609 29
1445247609 18
1445247611 28
1445247611 19
1445247611 15
1445247611 30
1445247622 29
1445247622 18
1445247624 28
1445247624 19
1445247624 15
1445247624 30
1445247634 29
1445247634 18
1445247635 28
1445247635 19
1445247635 15
1445247635 30
1445247645 29
1445247645 18
1445247646 28
1445247646 19
1445247646 15
1445247646 30
1445247655 29
1445247655 18
1445247657 10
1445247657 28
1445247657 19
1445247657 15
1445247665 31
1445247665 26
1445247665 1
1445247698 3
1445247699 24
1445247699 16
1445247699 20
1445247699 11
