1445247563 8
1445247563 147
1445247563 16
1445247563 102
1445247563 83
1445247563 8
1445247564 147
1445247565 160
1445247566 82
1445247566 67
1445247567 22
1445247567 102
1445247567 3
1445247567 75
1445247567 25
1445247567 25
1445247567 154
1445247572 102
1445247572 25
1445247572 25
1445247572 102
1445247583 75
1445247583 25
1445247585 102
1445247585 25
1445247585 25
1445247585 102
1445247597 75
1445247597 25
1445247598 102
1445247598 25
1445247598 25
1445247598 102
1445247609 75
1445247609 25
1445247611 102
1445247611 25
1445247611 25
1445247611 102
1445247622 75
1445247622 25
1445247624 102
1445247624 25
1445247624 25
1445247624 102
1445247634 75
1445247634 25
1445247635 102
1445247635 25
1445247635 25
1445247635 102
1445247645 75
1445247645 25
1445247646 102
1445247646 25
1445247646 25
1445247646 102
1445247655 75
1445247655 25
1445247657 67
1445247657 102
1445247657 25
1445247657 25
1445247665 75
1445247665 102
1445247665 160
1445247698 129
1445247699 3
1445247699 16
1445247699 16
1445247699 111
