1445241132 8
1445241132 147
1445241132 16
1445241132 102
1445241132 83
1445241132 8
1445241133 147
1445241133 160
1445241134 82
1445241134 67
1445241134 22
1445241134 102
1445241134 3
1445241134 75
1445241134 25
1445241134 25
1445241134 154
1445241139 102
1445241139 25
1445241139 25
1445241139 102
1445241151 75
1445241151 25
1445241154 102
1445241154 25
1445241154 25
1445241154 102
1445241164 75
1445241164 25
1445241166 102
1445241166 25
1445241166 25
1445241166 102
1445241175 75
1445241175 25
1445241177 102
1445241177 25
1445241177 25
1445241177 102
1445241186 75
1445241186 25
1445241188 102
1445241188 25
1445241188 25
1445241188 102
1445241198 75
1445241198 25
1445241200 102
1445241200 25
1445241200 25
1445241200 102
1445241212 75
1445241212 25
1445241214 102
1445241214 25
1445241214 25
1445241214 102
1445241224 75
1445241224 25
1445241225 67
1445241225 102
1445241225 25
1445241225 25
1445241233 75
1445241233 102
1445241233 160
1445241258 129
1445241258 3
