1445088709 21
1445088709 8
1445088709 14
1445088709 17
1445088709 4
1445088710 2
1445088713 1
1445088715 3
1445088718 5
1445088718 10
1445088720 6
1445088720 23
1445088720 9
1445088720 16
1445088720 18
1445088720 19
1445088720 7
1445088726 20
1445088726 12
1445088726 13
1445088726 23
1445088751 22
1445088751 15
1445088753 20
1445088753 12
1445088753 13
1445088753 23
1445088776 22
1445088776 15
1445088785 20
1445088785 12
1445088785 13
1445088785 23
1445088809 22
1445088809 15
1445088813 20
1445088813 12
1445088813 13
1445088813 23
1445088834 22
1445088834 15
1445088837 20
1445088837 12
1445088837 13
1445088837 23
1445088856 22
1445088856 15
1445088859 20
1445088859 12
1445088859 13
1445088859 23
1445088860 11
