1445068406 44
1445068406 44
1445068406 44
1445068406 44
1445068407 44
1445068408 44
1445068408 44
1445068408 44
1445068408 44
1445068408 44
1445068408 44
1445068408 44
1445068408 44
1445068408 44
1445068408 44
1445068408 44
1445068408 44
1445068408 44
1445068408 44
1445068408 44
1445068408 44
1445068408 5
1445068408 29
1445068408 17
1445068408 13
1445068408 14
1445068408 22
1445068408 16
1445068408 28
1445068408 10
1445068408 36
1445068408 35
1445068408 26
1445068408 19
1445068408 12
1445068408 44
1445068408 44
1445068408 3
1445068408 29
1445068408 17
1445068408 21
1445068408 22
1445068408 16
1445068408 28
1445068408 10
1445068408 36
1445068408 35
1445068408 26
1445068408 19
1445068408 12
1445068408 44
1445068408 44
1445068408 44
1445068408 44
1445068408 44
1445068408 44
1445068408 44
1445068408 44
1445068408 44
1445068408 44
1445068408 44
1445068409 44
1445068409 44
1445068409 44
1445068409 44
1445068409 44
1445068409 9
1445068409 44
1445068409 44
1445068409 44
1445068409 44
1445068409 44
1445068409 44
1445068409 44
1445068409 42
1445068409 2
1445068409 41
1445068409 44
1445068409 44
1445068409 44
1445068409 44
1445068409 44
1445068409 44
1445068409 44
1445068409 44
1445068409 44
1445068409 44
1445068409 44
1445068409 44
1445068409 44
1445068409 44
1445068409 44
1445068409 44
1445068409 44
1445068409 44
1445068410 44
1445068410 44
1445068410 44
1445068410 44
1445068410 44
1445068410 44
1445068410 44
1445068410 44
1445068410 44
1445068410 44
1445068410 44
1445068410 44
1445068410 44
1445068410 44
1445068410 44
1445068410 44
1445068410 44
1445068410 44
1445068410 44
1445068410 44
1445068410 44
1445068410 44
1445068410 44
1445068410 44
1445068410 44
1445068410 44
1445068410 44
1445068410 44
1445068410 44
1445068410 44
1445068410 44
1445068410 44
1445068410 44
1445068410 44
1445068410 44
1445068410 44
1445068410 44
1445068410 44
1445068410 44
1445068410 44
1445068410 44
1445068410 44
1445068410 44
1445068410 44
1445068410 44
1445068410 44
1445068411 44
1445068411 44
1445068411 44
1445068412 44
1445068412 44
1445068412 44
1445068412 44
1445068412 44
1445068412 44
1445068412 44
1445068412 44
1445068412 44
1445068412 44
1445068412 44
1445068412 44
1445068412 44
1445068412 44
1445068412 44
1445068412 44
1445068412 44
1445068412 44
1445068412 44
1445068412 44
1445068412 44
1445068412 44
1445068412 44
1445068412 44
1445068412 44
1445068412 44
1445068412 44
1445068412 44
1445068412 44
1445068412 44
1445068412 44
1445068412 44
1445068412 44
1445068412 44
1445068412 44
1445068412 44
1445068412 44
1445068412 44
1445068412 44
1445068412 44
1445068412 44
1445068412 44
1445068412 44
1445068412 44
1445068412 44
1445068412 44
1445068412 44
1445068412 44
1445068412 44
1445068412 44
1445068412 44
1445068412 44
1445068412 44
1445068412 44
1445068412 44
1445068412 44
1445068412 44
1445068412 44
1445068412 44
1445068412 44
1445068412 44
1445068412 44
1445068412 44
1445068412 44
1445068412 44
1445068412 44
1445068412 44
1445068412 44
1445068412 44
1445068412 44
1445068412 44
1445068412 44
1445068412 44
1445068412 44
1445068412 44
1445068412 44
1445068412 44
1445068412 44
1445068412 44
1445068412 44
1445068412 44
1445068412 44
1445068412 44
1445068412 44
1445068412 44
1445068412 44
1445068412 44
1445068412 44
1445068412 44
1445068412 44
1445068412 44
1445068412 44
1445068412 44
1445068412 44
1445068412 44
1445068412 44
1445068412 44
1445068412 44
1445068412 44
1445068412 44
1445068412 44
1445068412 44
1445068412 44
1445068412 44
1445068412 44
1445068412 44
1445068412 44
1445068412 44
1445068412 44
1445068412 44
1445068412 44
1445068412 44
1445068412 44
1445068412 44
1445068412 44
1445068412 44
1445068412 44
1445068412 44
1445068412 44
1445068413 44
1445068415 44
1445068415 44
1445068415 44
1445068415 44
1445068415 44
1445068415 44
1445068416 44
1445068416 44
1445068416 44
1445068416 44
1445068416 44
1445068416 44
1445068416 44
1445068416 44
1445068416 44
1445068416 44
1445068416 44
1445068416 44
1445068416 44
1445068416 44
1445068416 44
1445068416 44
1445068416 44
1445068416 44
1445068416 44
1445068416 44
1445068416 44
1445068416 44
1445068416 44
1445068416 44
1445068422 44
1445068422 44
1445068424 44
1445068424 44
1445068424 44
1445068424 44
1445068424 44
1445068424 44
1445068424 44
1445068424 44
1445068425 44
1445068425 44
1445068427 44
1445068427 44
1445068427 44
1445068427 44
1445068427 44
1445068427 44
1445068427 44
1445068427 44
1445068428 44
1445068428 44
1445068430 44
1445068430 44
1445068430 44
1445068430 44
1445068430 44
1445068430 44
1445068430 44
1445068430 44
1445068431 44
1445068431 44
1445068433 44
1445068433 44
1445068433 44
1445068433 44
1445068433 44
1445068433 44
1445068433 44
1445068433 44
1445068434 44
1445068434 44
1445068436 44
1445068436 44
1445068436 44
1445068436 44
1445068436 44
1445068436 44
1445068436 44
1445068436 44
1445068437 44
1445068437 44
1445068439 44
1445068439 44
1445068439 44
1445068439 44
1445068439 44
1445068439 44
1445068439 44
1445068439 44
1445068440 44
1445068440 44
1445068442 44
1445068442 44
1445068442 44
1445068442 44
1445068442 44
1445068442 44
1445068442 44
1445068442 44
1445068443 44
1445068443 44
1445068445 44
1445068445 44
1445068445 44
1445068445 44
1445068445 44
1445068445 44
1445068445 44
1445068445 44
1445068446 44
1445068446 44
1445068448 44
1445068448 44
1445068448 44
1445068448 44
1445068448 44
1445068448 44
1445068448 44
1445068448 44
1445068449 44
1445068450 44
1445068451 44
1445068451 44
1445068451 44
1445068451 44
1445068451 44
1445068451 44
1445068451 44
1445068451 44
1445068452 44
1445068453 44
1445068454 44
1445068454 44
1445068454 44
1445068454 44
1445068454 44
1445068454 44
1445068454 44
1445068454 44
1445068455 44
1445068456 44
1445068457 44
1445068457 44
1445068457 44
1445068457 44
1445068457 44
1445068457 44
1445068457 44
1445068457 44
1445068458 44
1445068459 44
1445068460 44
1445068460 44
1445068460 44
1445068460 44
1445068460 44
1445068460 44
1445068460 44
1445068460 44
1445068462 44
1445068462 44
1445068463 44
1445068463 44
1445068463 44
1445068463 44
1445068463 44
1445068463 44
1445068463 44
1445068463 44
1445068465 44
1445068465 44
1445068466 44
1445068466 44
1445068466 44
1445068466 44
1445068466 44
1445068466 44
1445068466 44
1445068466 44
1445068468 44
1445068468 44
1445068469 44
1445068469 44
1445068469 44
1445068469 44
1445068469 44
1445068469 44
1445068469 44
1445068471 44
1445068471 44
1445068472 44
1445068472 44
1445068472 44
1445068472 44
1445068472 44
1445068472 44
1445068472 44
1445068474 44
1445068474 44
1445068475 44
1445068475 44
1445068475 44
1445068475 44
1445068475 44
1445068475 44
1445068475 44
1445068475 44
1445068477 44
1445068477 44
1445068478 44
1445068478 44
1445068478 44
1445068478 44
1445068478 44
1445068478 44
1445068478 44
1445068478 44
1445068480 44
1445068480 44
1445068481 44
1445068481 44
1445068481 44
1445068481 44
1445068481 44
1445068481 44
1445068481 44
1445068481 44
1445068481 44
1445068481 44
1445068481 44
1445068481 44
1445068481 44
1445068481 44
1445068481 44
1445068481 44
1445068481 44
1445068481 44
1445068481 44
1445068481 44
1445068481 44
1445068481 44
1445068481 44
1445068481 44
1445068482 44
1445068482 44
1445068482 44
1445068482 44
1445068482 44
1445068482 44
1445068482 34
1445068482 38
1445068482 -1
1445068482 44
1445068482 44
1445068482 44
1445068483 44
1445068483 44
1445068483 44
1445068483 44
1445068483 44
1445068483 44
1445068483 44
1445068483 44
1445068483 44
1445068483 44
1445068483 44
1445068483 44
1445068483 44
1445068483 44
1445068483 44
1445068484 44
1445068484 44
1445068484 44
1445068484 44
1445068484 44
1445068484 44
1445068484 44
1445068484 44
1445068484 44
1445068484 44
1445068484 44
1445068484 44
1445068484 44
1445068484 44
1445068484 44
1445068484 44
1445068484 44
1445068484 44
1445068484 44
1445068484 44
1445068484 44
1445068484 44
1445068484 44
1445068485 44
1445068486 44
1445068486 44
1445068486 44
1445068486 44
1445068487 44
1445068487 44
1445068487 44
1445068487 44
1445068487 44
1445068487 44
1445068487 44
1445068487 44
1445068488 44
1445068488 44
1445068488 44
1445068489 44
1445068490 44
1445068490 44
1445068490 44
1445068490 44
1445068490 44
1445068490 44
1445068490 44
1445068490 44
1445068490 44
1445068491 44
1445068492 44
1445068492 44
1445068493 44
1445068493 44
1445068493 44
1445068493 44
1445068493 44
1445068493 44
1445068493 44
1445068494 44
1445068494 44
1445068494 44
1445068494 44
1445068495 44
1445068495 44
1445068496 44
1445068496 44
1445068496 44
1445068496 44
1445068496 44
1445068496 44
1445068496 44
1445068496 44
1445068496 44
1445068496 44
1445068496 44
1445068496 44
1445068496 44
1445068496 44
1445068497 44
1445068497 44
1445068497 44
1445068497 44
1445068497 44
1445068497 44
1445068497 44
1445068497 44
1445068497 44
1445068497 44
1445068497 44
1445068497 44
1445068497 44
1445068498 44
1445068498 44
1445068498 44
1445068498 44
1445068498 44
1445068498 44
1445068499 44
1445068499 44
1445068499 44
1445068499 44
1445068499 44
1445068499 44
1445068499 44
1445068499 44
1445068499 44
1445068500 44
1445068500 44
1445068500 44
1445068500 44
1445068500 44
1445068500 44
1445068501 44
1445068501 44
1445068501 44
1445068502 44
1445068502 44
1445068502 44
1445068502 44
1445068502 44
1445068502 44
1445068502 44
1445068503 44
1445068503 44
1445068503 44
1445068503 44
1445068504 44
1445068504 44
1445068504 44
1445068505 44
1445068505 44
1445068505 44
1445068505 44
1445068505 44
1445068505 44
1445068505 44
1445068506 44
1445068506 44
1445068506 44
1445068507 44
1445068507 44
1445068507 44
1445068508 44
1445068508 44
1445068508 44
1445068508 44
1445068508 44
1445068509 44
1445068509 44
1445068509 44
1445068509 44
1445068509 44
1445068509 44
1445068510 44
1445068510 44
1445068510 44
1445068511 44
1445068511 44
1445068511 44
1445068511 44
1445068511 44
1445068511 44
1445068511 44
1445068511 44
1445068511 44
1445068511 44
1445068511 44
1445068512 44
1445068512 44
1445068512 44
1445068512 44
1445068512 44
1445068512 44
1445068512 44
1445068512 44
1445068512 44
1445068513 44
1445068513 44
1445068513 44
1445068513 44
1445068513 44
1445068513 44
1445068513 44
1445068513 44
1445068513 44
1445068513 44
1445068513 44
1445068513 44
1445068513 44
1445068513 44
1445068513 44
1445068514 44
1445068514 44
1445068514 44
1445068514 44
1445068514 44
1445068515 44
1445068515 44
1445068515 44
1445068515 44
1445068515 44
1445068515 44
1445068515 44
1445068515 44
1445068515 44
1445068516 44
1445068516 44
1445068516 44
1445068516 44
1445068516 44
1445068516 44
1445068517 44
1445068517 44
1445068517 44
1445068518 44
1445068518 44
1445068518 44
1445068518 44
1445068518 44
1445068518 44
1445068518 44
1445068518 44
1445068518 44
1445068518 44
1445068519 44
1445068519 44
1445068520 44
1445068520 44
1445068520 44
1445068520 44
1445068521 44
1445068521 44
1445068521 44
1445068521 44
1445068521 44
1445068521 44
1445068521 44
1445068521 44
1445068521 44
1445068521 44
1445068522 44
1445068522 44
1445068523 44
1445068523 44
1445068523 44
1445068523 44
1445068524 44
1445068524 44
1445068524 44
1445068524 44
1445068524 44
1445068524 44
1445068524 44
1445068524 44
1445068524 44
1445068524 44
1445068525 44
1445068525 44
1445068525 44
1445068526 44
1445068526 44
1445068526 44
1445068526 44
1445068526 44
1445068526 44
1445068526 44
1445068526 44
1445068526 44
1445068526 44
1445068526 44
1445068526 44
1445068527 44
1445068527 44
1445068527 44
1445068527 44
1445068527 44
1445068527 44
1445068527 44
1445068527 44
1445068527 44
1445068527 44
1445068527 44
1445068527 44
1445068527 44
1445068528 44
1445068528 44
1445068528 44
1445068528 44
1445068528 44
1445068528 44
1445068528 44
1445068528 44
1445068528 44
1445068528 44
1445068528 44
1445068528 44
1445068528 44
1445068528 44
1445068529 44
1445068529 44
1445068530 44
1445068530 44
1445068530 44
1445068530 44
1445068530 44
1445068530 44
1445068530 44
1445068530 44
1445068530 44
1445068530 44
1445068530 44
1445068530 44
1445068530 44
1445068531 44
1445068531 44
1445068532 44
1445068532 44
1445068533 44
1445068533 44
1445068533 44
1445068533 44
1445068533 44
1445068533 44
1445068533 44
1445068533 44
1445068533 44
1445068533 44
1445068533 44
1445068533 44
1445068533 44
1445068533 44
1445068533 44
1445068534 44
1445068534 44
1445068535 44
1445068535 44
1445068535 44
1445068536 44
1445068536 44
1445068536 44
1445068536 44
1445068536 44
1445068536 44
1445068536 44
1445068536 44
1445068536 44
1445068536 44
1445068536 44
1445068536 44
1445068537 44
1445068537 44
1445068538 44
1445068538 44
1445068539 44
1445068539 44
1445068539 44
1445068539 44
1445068539 44
1445068539 44
1445068539 44
1445068539 44
1445068539 44
1445068539 44
1445068539 44
1445068539 44
1445068540 44
1445068540 44
1445068540 44
1445068541 44
1445068541 44
1445068542 44
1445068542 44
1445068542 44
1445068542 44
1445068542 44
1445068542 44
1445068542 44
1445068542 44
1445068542 44
1445068542 44
1445068542 44
1445068542 44
1445068543 44
1445068543 44
1445068543 44
1445068544 44
1445068544 44
1445068545 44
1445068545 44
1445068545 44
1445068545 44
1445068545 44
1445068545 44
1445068545 44
1445068545 44
1445068545 44
1445068545 44
1445068545 44
1445068545 44
1445068546 44
1445068546 44
1445068546 44
1445068547 44
1445068547 44
1445068548 44
1445068548 44
1445068548 44
1445068548 44
1445068548 44
1445068548 44
1445068548 44
1445068548 44
1445068548 44
1445068548 44
1445068548 44
1445068548 44
1445068549 44
1445068549 44
1445068549 44
1445068550 44
1445068550 44
1445068551 44
1445068551 44
1445068551 44
1445068551 44
1445068551 44
1445068551 44
1445068551 44
1445068551 44
1445068551 44
1445068551 44
1445068551 44
1445068551 44
1445068552 44
1445068552 44
1445068552 44
1445068553 44
1445068553 44
1445068554 44
1445068554 44
1445068554 44
1445068554 44
1445068554 44
1445068554 44
1445068554 44
1445068554 44
1445068554 44
1445068554 44
1445068554 44
1445068554 44
1445068554 44
1445068554 44
1445068554 44
1445068554 44
1445068554 44
1445068554 44
1445068554 44
1445068554 44
1445068554 44
1445068555 44
1445068555 44
1445068555 44
1445068555 44
1445068555 34
1445068555 38
1445068555 -1
1445068555 44
1445068555 44
1445068555 44
1445068556 44
1445068556 44
1445068556 44
1445068556 44
1445068556 44
1445068556 44
1445068556 44
1445068556 44
1445068557 44
1445068557 44
1445068557 44
1445068557 44
1445068557 44
1445068557 44
1445068557 44
1445068557 44
1445068557 44
1445068557 44
1445068557 44
1445068557 44
1445068557 44
1445068557 44
1445068557 44
1445068557 44
1445068557 44
1445068557 44
1445068557 44
1445068557 44
1445068557 44
1445068557 44
1445068557 44
1445068557 44
1445068558 44
1445068558 44
1445068558 44
1445068558 44
1445068558 44
1445068558 34
1445068558 38
1445068558 -1
1445068558 44
1445068558 44
1445068558 44
1445068559 44
1445068559 44
1445068559 44
1445068559 44
1445068559 34
1445068559 38
1445068559 -1
1445068559 44
1445068560 44
1445068560 44
1445068560 44
1445068560 44
1445068560 44
1445068560 44
1445068560 44
1445068561 44
1445068561 44
1445068561 44
1445068561 44
1445068561 44
1445068562 44
1445068562 44
1445068563 44
1445068563 44
1445068563 44
1445068563 44
1445068563 44
1445068563 44
1445068563 44
1445068563 44
1445068563 44
1445068563 44
1445068563 44
1445068563 44
1445068563 44
1445068563 44
1445068563 44
1445068563 44
1445068563 44
1445068563 44
1445068564 44
1445068564 44
1445068564 44
1445068564 44
1445068564 44
1445068564 44
1445068564 44
1445068564 44
1445068564 44
1445068564 44
1445068564 44
1445068564 44
1445068564 44
1445068564 44
1445068564 44
1445068564 44
1445068565 44
1445068565 44
1445068565 44
1445068565 44
1445068565 34
1445068565 38
1445068565 -1
1445068565 44
1445068565 44
1445068565 44
1445068565 44
1445068565 44
1445068565 44
1445068565 44
1445068566 44
1445068566 44
1445068566 44
1445068566 44
1445068566 44
1445068566 44
1445068566 44
1445068566 44
1445068566 44
1445068566 44
1445068566 44
1445068566 1
1445068566 44
1445068566 44
1445068566 8
1445068566 37
1445068566 33
1445068566 40
1445068566 32
1445068566 31
1445068566 25
1445068566 27
1445068566 23
1445068566 20
1445068566 18
1445068566 24
1445068566 44
1445068566 44
1445068566 44
1445068566 44
1445068566 44
1445068566 44
1445068566 44
1445068566 44
1445068566 44
1445068566 44
1445068566 44
1445068566 44
1445068566 44
1445068566 44
1445068566 44
1445068566 44
1445068566 44
1445068566 44
1445068566 1
1445068566 44
1445068566 44
1445068566 8
1445068566 37
1445068566 33
1445068566 40
1445068566 32
1445068566 31
1445068566 25
1445068566 27
1445068566 23
1445068566 20
1445068566 18
1445068566 24
1445068566 44
1445068566 44
1445068566 44
1445068566 44
1445068566 44
1445068566 44
1445068566 34
1445068566 38
1445068566 -1
1445068566 44
1445068566 34
1445068566 38
1445068566 -1
1445068566 44
1445068566 44
1445068567 44
1445068567 44
1445068567 44
1445068567 44
1445068567 44
1445068567 34
1445068567 38
1445068567 -1
1445068567 44
1445068567 44
1445068567 34
1445068567 38
1445068567 -1
1445068567 44
1445068567 44
1445068567 34
1445068567 38
1445068567 -1
1445068567 44
1445068568 44
1445068568 44
1445068569 44
1445068569 44
1445068569 44
1445068570 44
1445068570 44
1445068570 44
1445068571 44
1445068571 44
1445068572 44
1445068572 44
1445068572 44
1445068573 44
1445068573 44
1445068573 44
1445068574 44
1445068574 44
1445068575 44
1445068575 44
1445068575 44
1445068576 44
1445068576 44
1445068576 44
1445068576 44
1445068576 44
1445068576 44
1445068576 44
1445068576 44
1445068576 44
1445068576 44
1445068576 44
1445068576 44
1445068576 44
1445068576 44
1445068576 44
1445068576 44
1445068576 44
1445068576 44
1445068576 44
1445068576 44
1445068576 1
1445068576 44
1445068576 44
1445068576 8
1445068576 37
1445068576 33
1445068576 40
1445068576 32
1445068576 31
1445068576 25
1445068576 27
1445068576 23
1445068576 20
1445068576 18
1445068576 24
1445068576 44
1445068577 44
1445068577 44
1445068578 44
1445068578 44
1445068578 44
1445068578 44
1445068578 44
1445068578 34
1445068578 38
1445068578 -1
1445068578 44
1445068578 34
1445068578 38
1445068578 -1
1445068578 44
1445068579 44
1445068579 44
1445068579 44
1445068580 44
1445068581 44
1445068581 44
1445068582 44
1445068582 44
1445068582 44
1445068583 44
1445068584 44
1445068585 44
1445068585 44
1445068585 44
1445068586 44
1445068586 44
1445068587 44
1445068588 44
1445068588 44
1445068588 44
1445068589 44
1445068589 44
1445068590 44
1445068591 44
1445068591 44
1445068591 44
1445068592 44
1445068592 44
1445068593 44
1445068594 44
1445068594 44
1445068594 44
1445068595 44
1445068595 44
1445068596 44
1445068597 44
1445068597 44
1445068597 44
1445068598 44
1445068598 44
1445068599 44
1445068600 44
1445068600 44
1445068600 44
1445068601 44
1445068601 44
1445068602 44
1445068603 44
1445068603 44
1445068603 44
1445068604 44
1445068604 44
1445068605 44
1445068606 44
1445068606 44
1445068606 44
1445068606 44
1445068606 44
1445068606 44
1445068606 44
1445068606 44
1445068606 44
1445068606 44
1445068606 44
1445068606 44
1445068606 44
1445068606 44
1445068606 44
1445068606 44
1445068606 44
1445068606 44
1445068607 44
1445068607 44
1445068607 44
1445068607 44
1445068607 8
1445068607 37
1445068607 33
1445068607 40
1445068607 32
1445068607 31
1445068607 25
1445068607 27
1445068607 23
1445068607 20
1445068607 18
1445068607 24
1445068607 1
1445068607 44
1445068607 44
1445068608 44
1445068609 44
1445068609 44
1445068609 44
1445068609 34
1445068609 38
1445068609 -1
1445068609 44
1445068609 44
1445068609 34
1445068609 38
1445068609 -1
1445068609 44
1445068609 44
1445068610 44
1445068611 44
1445068612 44
1445068612 44
1445068613 44
1445068614 44
1445068615 44
1445068615 44
1445068616 44
1445068617 44
1445068618 44
1445068618 44
1445068619 44
1445068620 44
1445068621 44
1445068621 44
1445068622 44
1445068623 44
1445068624 44
1445068624 44
1445068625 44
1445068626 44
1445068627 44
1445068627 44
1445068628 44
1445068629 44
1445068630 44
1445068630 44
1445068631 44
1445068632 44
1445068633 44
1445068633 44
1445068634 44
1445068635 44
1445068635 44
1445068635 44
1445068636 44
1445068639 44
1445068642 44
1445068646 44
1445068649 44
1445068652 44
1445068655 44
1445068658 44
1445068661 44
1445068664 44
1445068667 44
1445068670 44
1445068673 44
1445068676 44
1445068679 44
1445068682 44
1445068682 44
1445068682 44
1445068682 44
1445068682 44
1445068682 44
1445068682 44
1445068682 44
1445068682 44
1445068682 44
1445068682 44
1445068682 44
1445068682 44
1445068682 44
1445068682 44
1445068682 44
1445068682 44
1445068682 44
1445068682 44
1445068682 44
1445068682 44
1445068682 44
1445068682 44
1445068682 44
1445068682 44
1445068682 44
1445068682 44
1445068683 44
1445068683 11
1445068683 44
1445068683 44
1445068683 11
1445068683 44
1445068683 30
1445068683 44
1445068683 30
1445068683 44
1445068683 7
1445068683 43
1445068683 44
1445068683 6
1445068683 39
1445068683 44
1445068683 4
1445068683 15
1445068683 44
1445068683 44
1445068683 44
1445068683 44
1445068684 44
1445068684 44
1445068684 44
1445068684 44
1445068684 44
1445068684 44
