1445068406 35
1445068406 35
1445068406 35
1445068406 35
1445068407 35
1445068408 35
1445068408 35
1445068408 35
1445068408 35
1445068408 35
1445068408 35
1445068408 35
1445068408 35
1445068408 35
1445068408 35
1445068408 35
1445068408 35
1445068408 35
1445068408 35
1445068408 35
1445068408 35
1445068408 8
1445068408 101
1445068408 72
1445068408 153
1445068408 98
1445068408 98
1445068408 98
1445068408 126
1445068408 98
1445068408 9
1445068408 137
1445068408 128
1445068408 98
1445068408 98
1445068408 35
1445068408 35
1445068408 82
1445068408 101
1445068408 72
1445068408 98
1445068408 98
1445068408 98
1445068408 126
1445068408 98
1445068408 9
1445068408 137
1445068408 128
1445068408 98
1445068408 98
1445068408 35
1445068408 35
1445068408 35
1445068408 35
1445068408 35
1445068408 35
1445068408 35
1445068408 35
1445068408 35
1445068408 35
1445068408 35
1445068409 35
1445068409 35
1445068409 35
1445068409 35
1445068409 35
1445068409 8
1445068409 35
1445068409 35
1445068409 35
1445068409 35
1445068409 35
1445068409 35
1445068409 35
1445068409 64
1445068409 5
1445068409 64
1445068409 35
1445068409 35
1445068409 35
1445068409 35
1445068409 35
1445068409 35
1445068409 35
1445068409 35
1445068409 35
1445068409 35
1445068409 35
1445068409 35
1445068409 35
1445068409 35
1445068409 35
1445068409 35
1445068409 35
1445068409 35
1445068410 35
1445068410 35
1445068410 35
1445068410 35
1445068410 35
1445068410 35
1445068410 35
1445068410 35
1445068410 35
1445068410 35
1445068410 35
1445068410 35
1445068410 35
1445068410 35
1445068410 35
1445068410 35
1445068410 35
1445068410 35
1445068410 35
1445068410 35
1445068410 35
1445068410 35
1445068410 35
1445068410 35
1445068410 35
1445068410 35
1445068410 35
1445068410 35
1445068410 35
1445068410 35
1445068410 35
1445068410 35
1445068410 35
1445068410 35
1445068410 35
1445068410 35
1445068410 35
1445068410 35
1445068410 35
1445068410 35
1445068410 35
1445068410 35
1445068410 35
1445068410 35
1445068410 35
1445068410 35
1445068411 35
1445068411 35
1445068411 35
1445068412 35
1445068412 35
1445068412 35
1445068412 35
1445068412 35
1445068412 35
1445068412 35
1445068412 35
1445068412 35
1445068412 35
1445068412 35
1445068412 35
1445068412 35
1445068412 35
1445068412 35
1445068412 35
1445068412 35
1445068412 35
1445068412 35
1445068412 35
1445068412 35
1445068412 35
1445068412 35
1445068412 35
1445068412 35
1445068412 35
1445068412 35
1445068412 35
1445068412 35
1445068412 35
1445068412 35
1445068412 35
1445068412 35
1445068412 35
1445068412 35
1445068412 35
1445068412 35
1445068412 35
1445068412 35
1445068412 35
1445068412 35
1445068412 35
1445068412 35
1445068412 35
1445068412 35
1445068412 35
1445068412 35
1445068412 35
1445068412 35
1445068412 35
1445068412 35
1445068412 35
1445068412 35
1445068412 35
1445068412 35
1445068412 35
1445068412 35
1445068412 35
1445068412 35
1445068412 35
1445068412 35
1445068412 35
1445068412 35
1445068412 35
1445068412 35
1445068412 35
1445068412 35
1445068412 35
1445068412 35
1445068412 35
1445068412 35
1445068412 35
1445068412 35
1445068412 35
1445068412 35
1445068412 35
1445068412 35
1445068412 35
1445068412 35
1445068412 35
1445068412 35
1445068412 35
1445068412 35
1445068412 35
1445068412 35
1445068412 35
1445068412 35
1445068412 35
1445068412 35
1445068412 35
1445068412 35
1445068412 35
1445068412 35
1445068412 35
1445068412 35
1445068412 35
1445068412 35
1445068412 35
1445068412 35
1445068412 35
1445068412 35
1445068412 35
1445068412 35
1445068412 35
1445068412 35
1445068412 35
1445068412 35
1445068412 35
1445068412 35
1445068412 35
1445068412 35
1445068412 35
1445068412 35
1445068412 35
1445068412 35
1445068412 35
1445068412 35
1445068412 35
1445068412 35
1445068413 35
1445068415 35
1445068415 35
1445068415 35
1445068415 35
1445068415 35
1445068415 35
1445068416 35
1445068416 35
1445068416 35
1445068416 35
1445068416 35
1445068416 35
1445068416 35
1445068416 35
1445068416 35
1445068416 35
1445068416 35
1445068416 35
1445068416 35
1445068416 35
1445068416 35
1445068416 35
1445068416 35
1445068416 35
1445068416 35
1445068416 35
1445068416 35
1445068416 35
1445068416 35
1445068416 35
1445068422 35
1445068422 35
1445068424 35
1445068424 35
1445068424 35
1445068424 35
1445068424 35
1445068424 35
1445068424 35
1445068424 35
1445068425 35
1445068425 35
1445068427 35
1445068427 35
1445068427 35
1445068427 35
1445068427 35
1445068427 35
1445068427 35
1445068427 35
1445068428 35
1445068428 35
1445068430 35
1445068430 35
1445068430 35
1445068430 35
1445068430 35
1445068430 35
1445068430 35
1445068430 35
1445068431 35
1445068431 35
1445068433 35
1445068433 35
1445068433 35
1445068433 35
1445068433 35
1445068433 35
1445068433 35
1445068433 35
1445068434 35
1445068434 35
1445068436 35
1445068436 35
1445068436 35
1445068436 35
1445068436 35
1445068436 35
1445068436 35
1445068436 35
1445068437 35
1445068437 35
1445068439 35
1445068439 35
1445068439 35
1445068439 35
1445068439 35
1445068439 35
1445068439 35
1445068439 35
1445068440 35
1445068440 35
1445068442 35
1445068442 35
1445068442 35
1445068442 35
1445068442 35
1445068442 35
1445068442 35
1445068442 35
1445068443 35
1445068443 35
1445068445 35
1445068445 35
1445068445 35
1445068445 35
1445068445 35
1445068445 35
1445068445 35
1445068445 35
1445068446 35
1445068446 35
1445068448 35
1445068448 35
1445068448 35
1445068448 35
1445068448 35
1445068448 35
1445068448 35
1445068448 35
1445068449 35
1445068450 35
1445068451 35
1445068451 35
1445068451 35
1445068451 35
1445068451 35
1445068451 35
1445068451 35
1445068451 35
1445068452 35
1445068453 35
1445068454 35
1445068454 35
1445068454 35
1445068454 35
1445068454 35
1445068454 35
1445068454 35
1445068454 35
1445068455 35
1445068456 35
1445068457 35
1445068457 35
1445068457 35
1445068457 35
1445068457 35
1445068457 35
1445068457 35
1445068457 35
1445068458 35
1445068459 35
1445068460 35
1445068460 35
1445068460 35
1445068460 35
1445068460 35
1445068460 35
1445068460 35
1445068460 35
1445068462 35
1445068462 35
1445068463 35
1445068463 35
1445068463 35
1445068463 35
1445068463 35
1445068463 35
1445068463 35
1445068463 35
1445068465 35
1445068465 35
1445068466 35
1445068466 35
1445068466 35
1445068466 35
1445068466 35
1445068466 35
1445068466 35
1445068466 35
1445068468 35
1445068468 35
1445068469 35
1445068469 35
1445068469 35
1445068469 35
1445068469 35
1445068469 35
1445068469 35
1445068471 35
1445068471 35
1445068472 35
1445068472 35
1445068472 35
1445068472 35
1445068472 35
1445068472 35
1445068472 35
1445068474 35
1445068474 35
1445068475 35
1445068475 35
1445068475 35
1445068475 35
1445068475 35
1445068475 35
1445068475 35
1445068475 35
1445068477 35
1445068477 35
1445068478 35
1445068478 35
1445068478 35
1445068478 35
1445068478 35
1445068478 35
1445068478 35
1445068478 35
1445068480 35
1445068480 35
1445068481 35
1445068481 35
1445068481 35
1445068481 35
1445068481 35
1445068481 35
1445068481 35
1445068481 35
1445068481 35
1445068481 35
1445068481 35
1445068481 35
1445068481 35
1445068481 35
1445068481 35
1445068481 35
1445068481 35
1445068481 35
1445068481 35
1445068481 35
1445068481 35
1445068481 35
1445068481 35
1445068481 35
1445068482 35
1445068482 35
1445068482 35
1445068482 35
1445068482 35
1445068482 35
1445068482 113
1445068482 119
1445068482 170
1445068482 35
1445068482 35
1445068482 35
1445068483 35
1445068483 35
1445068483 35
1445068483 35
1445068483 35
1445068483 35
1445068483 35
1445068483 35
1445068483 35
1445068483 35
1445068483 35
1445068483 35
1445068483 35
1445068483 35
1445068483 35
1445068484 35
1445068484 35
1445068484 35
1445068484 35
1445068484 35
1445068484 35
1445068484 35
1445068484 35
1445068484 35
1445068484 35
1445068484 35
1445068484 35
1445068484 35
1445068484 35
1445068484 35
1445068484 35
1445068484 35
1445068484 35
1445068484 35
1445068484 35
1445068484 35
1445068484 35
1445068484 35
1445068485 35
1445068486 35
1445068486 35
1445068486 35
1445068486 35
1445068487 35
1445068487 35
1445068487 35
1445068487 35
1445068487 35
1445068487 35
1445068487 35
1445068487 35
1445068488 35
1445068488 35
1445068488 35
1445068489 35
1445068490 35
1445068490 35
1445068490 35
1445068490 35
1445068490 35
1445068490 35
1445068490 35
1445068490 35
1445068490 35
1445068491 35
1445068492 35
1445068492 35
1445068493 35
1445068493 35
1445068493 35
1445068493 35
1445068493 35
1445068493 35
1445068493 35
1445068494 35
1445068494 35
1445068494 35
1445068494 35
1445068495 35
1445068495 35
1445068496 35
1445068496 35
1445068496 35
1445068496 35
1445068496 35
1445068496 35
1445068496 35
1445068496 35
1445068496 35
1445068496 35
1445068496 35
1445068496 35
1445068496 35
1445068496 35
1445068497 35
1445068497 35
1445068497 35
1445068497 35
1445068497 35
1445068497 35
1445068497 35
1445068497 35
1445068497 35
1445068497 35
1445068497 35
1445068497 35
1445068497 35
1445068498 35
1445068498 35
1445068498 35
1445068498 35
1445068498 35
1445068498 35
1445068499 35
1445068499 35
1445068499 35
1445068499 35
1445068499 35
1445068499 35
1445068499 35
1445068499 35
1445068499 35
1445068500 35
1445068500 35
1445068500 35
1445068500 35
1445068500 35
1445068500 35
1445068501 35
1445068501 35
1445068501 35
1445068502 35
1445068502 35
1445068502 35
1445068502 35
1445068502 35
1445068502 35
1445068502 35
1445068503 35
1445068503 35
1445068503 35
1445068503 35
1445068504 35
1445068504 35
1445068504 35
1445068505 35
1445068505 35
1445068505 35
1445068505 35
1445068505 35
1445068505 35
1445068505 35
1445068506 35
1445068506 35
1445068506 35
1445068507 35
1445068507 35
1445068507 35
1445068508 35
1445068508 35
1445068508 35
1445068508 35
1445068508 35
1445068509 35
1445068509 35
1445068509 35
1445068509 35
1445068509 35
1445068509 35
1445068510 35
1445068510 35
1445068510 35
1445068511 35
1445068511 35
1445068511 35
1445068511 35
1445068511 35
1445068511 35
1445068511 35
1445068511 35
1445068511 35
1445068511 35
1445068511 35
1445068512 35
1445068512 35
1445068512 35
1445068512 35
1445068512 35
1445068512 35
1445068512 35
1445068512 35
1445068512 35
1445068513 35
1445068513 35
1445068513 35
1445068513 35
1445068513 35
1445068513 35
1445068513 35
1445068513 35
1445068513 35
1445068513 35
1445068513 35
1445068513 35
1445068513 35
1445068513 35
1445068513 35
1445068514 35
1445068514 35
1445068514 35
1445068514 35
1445068514 35
1445068515 35
1445068515 35
1445068515 35
1445068515 35
1445068515 35
1445068515 35
1445068515 35
1445068515 35
1445068515 35
1445068516 35
1445068516 35
1445068516 35
1445068516 35
1445068516 35
1445068516 35
1445068517 35
1445068517 35
1445068517 35
1445068518 35
1445068518 35
1445068518 35
1445068518 35
1445068518 35
1445068518 35
1445068518 35
1445068518 35
1445068518 35
1445068518 35
1445068519 35
1445068519 35
1445068520 35
1445068520 35
1445068520 35
1445068520 35
1445068521 35
1445068521 35
1445068521 35
1445068521 35
1445068521 35
1445068521 35
1445068521 35
1445068521 35
1445068521 35
1445068521 35
1445068522 35
1445068522 35
1445068523 35
1445068523 35
1445068523 35
1445068523 35
1445068524 35
1445068524 35
1445068524 35
1445068524 35
1445068524 35
1445068524 35
1445068524 35
1445068524 35
1445068524 35
1445068524 35
1445068525 35
1445068525 35
1445068525 35
1445068526 35
1445068526 35
1445068526 35
1445068526 35
1445068526 35
1445068526 35
1445068526 35
1445068526 35
1445068526 35
1445068526 35
1445068526 35
1445068526 35
1445068527 35
1445068527 35
1445068527 35
1445068527 35
1445068527 35
1445068527 35
1445068527 35
1445068527 35
1445068527 35
1445068527 35
1445068527 35
1445068527 35
1445068527 35
1445068528 35
1445068528 35
1445068528 35
1445068528 35
1445068528 35
1445068528 35
1445068528 35
1445068528 35
1445068528 35
1445068528 35
1445068528 35
1445068528 35
1445068528 35
1445068528 35
1445068529 35
1445068529 35
1445068530 35
1445068530 35
1445068530 35
1445068530 35
1445068530 35
1445068530 35
1445068530 35
1445068530 35
1445068530 35
1445068530 35
1445068530 35
1445068530 35
1445068530 35
1445068531 35
1445068531 35
1445068532 35
1445068532 35
1445068533 35
1445068533 35
1445068533 35
1445068533 35
1445068533 35
1445068533 35
1445068533 35
1445068533 35
1445068533 35
1445068533 35
1445068533 35
1445068533 35
1445068533 35
1445068533 35
1445068533 35
1445068534 35
1445068534 35
1445068535 35
1445068535 35
1445068535 35
1445068536 35
1445068536 35
1445068536 35
1445068536 35
1445068536 35
1445068536 35
1445068536 35
1445068536 35
1445068536 35
1445068536 35
1445068536 35
1445068536 35
1445068537 35
1445068537 35
1445068538 35
1445068538 35
1445068539 35
1445068539 35
1445068539 35
1445068539 35
1445068539 35
1445068539 35
1445068539 35
1445068539 35
1445068539 35
1445068539 35
1445068539 35
1445068539 35
1445068540 35
1445068540 35
1445068540 35
1445068541 35
1445068541 35
1445068542 35
1445068542 35
1445068542 35
1445068542 35
1445068542 35
1445068542 35
1445068542 35
1445068542 35
1445068542 35
1445068542 35
1445068542 35
1445068542 35
1445068543 35
1445068543 35
1445068543 35
1445068544 35
1445068544 35
1445068545 35
1445068545 35
1445068545 35
1445068545 35
1445068545 35
1445068545 35
1445068545 35
1445068545 35
1445068545 35
1445068545 35
1445068545 35
1445068545 35
1445068546 35
1445068546 35
1445068546 35
1445068547 35
1445068547 35
1445068548 35
1445068548 35
1445068548 35
1445068548 35
1445068548 35
1445068548 35
1445068548 35
1445068548 35
1445068548 35
1445068548 35
1445068548 35
1445068548 35
1445068549 35
1445068549 35
1445068549 35
1445068550 35
1445068550 35
1445068551 35
1445068551 35
1445068551 35
1445068551 35
1445068551 35
1445068551 35
1445068551 35
1445068551 35
1445068551 35
1445068551 35
1445068551 35
1445068551 35
1445068552 35
1445068552 35
1445068552 35
1445068553 35
1445068553 35
1445068554 35
1445068554 35
1445068554 35
1445068554 35
1445068554 35
1445068554 35
1445068554 35
1445068554 35
1445068554 35
1445068554 35
1445068554 35
1445068554 35
1445068554 35
1445068554 35
1445068554 35
1445068554 35
1445068554 35
1445068554 35
1445068554 35
1445068554 35
1445068554 35
1445068555 35
1445068555 35
1445068555 35
1445068555 35
1445068555 113
1445068555 119
1445068555 170
1445068555 35
1445068555 35
1445068555 35
1445068556 35
1445068556 35
1445068556 35
1445068556 35
1445068556 35
1445068556 35
1445068556 35
1445068556 35
1445068557 35
1445068557 35
1445068557 35
1445068557 35
1445068557 35
1445068557 35
1445068557 35
1445068557 35
1445068557 35
1445068557 35
1445068557 35
1445068557 35
1445068557 35
1445068557 35
1445068557 35
1445068557 35
1445068557 35
1445068557 35
1445068557 35
1445068557 35
1445068557 35
1445068557 35
1445068557 35
1445068557 35
1445068558 35
1445068558 35
1445068558 35
1445068558 35
1445068558 35
1445068558 113
1445068558 119
1445068558 170
1445068558 35
1445068558 35
1445068558 35
1445068559 35
1445068559 35
1445068559 35
1445068559 35
1445068559 113
1445068559 119
1445068559 170
1445068559 35
1445068560 35
1445068560 35
1445068560 35
1445068560 35
1445068560 35
1445068560 35
1445068560 35
1445068561 35
1445068561 35
1445068561 35
1445068561 35
1445068561 35
1445068562 35
1445068562 35
1445068563 35
1445068563 35
1445068563 35
1445068563 35
1445068563 35
1445068563 35
1445068563 35
1445068563 35
1445068563 35
1445068563 35
1445068563 35
1445068563 35
1445068563 35
1445068563 35
1445068563 35
1445068563 35
1445068563 35
1445068563 35
1445068564 35
1445068564 35
1445068564 35
1445068564 35
1445068564 35
1445068564 35
1445068564 35
1445068564 35
1445068564 35
1445068564 35
1445068564 35
1445068564 35
1445068564 35
1445068564 35
1445068564 35
1445068564 35
1445068565 35
1445068565 35
1445068565 35
1445068565 35
1445068565 113
1445068565 119
1445068565 170
1445068565 35
1445068565 35
1445068565 35
1445068565 35
1445068565 35
1445068565 35
1445068565 35
1445068566 35
1445068566 35
1445068566 35
1445068566 35
1445068566 35
1445068566 35
1445068566 35
1445068566 35
1445068566 35
1445068566 35
1445068566 35
1445068566 89
1445068566 35
1445068566 35
1445068566 36
1445068566 164
1445068566 106
1445068566 4
1445068566 106
1445068566 106
1445068566 61
1445068566 15
1445068566 61
1445068566 61
1445068566 61
1445068566 61
1445068566 35
1445068566 35
1445068566 35
1445068566 35
1445068566 35
1445068566 35
1445068566 35
1445068566 35
1445068566 35
1445068566 35
1445068566 35
1445068566 35
1445068566 35
1445068566 35
1445068566 35
1445068566 35
1445068566 35
1445068566 35
1445068566 89
1445068566 35
1445068566 35
1445068566 36
1445068566 164
1445068566 106
1445068566 4
1445068566 106
1445068566 106
1445068566 61
1445068566 15
1445068566 61
1445068566 61
1445068566 61
1445068566 61
1445068566 35
1445068566 35
1445068566 35
1445068566 35
1445068566 35
1445068566 35
1445068566 113
1445068566 119
1445068566 170
1445068566 35
1445068566 113
1445068566 119
1445068566 170
1445068566 35
1445068566 35
1445068567 35
1445068567 35
1445068567 35
1445068567 35
1445068567 35
1445068567 113
1445068567 119
1445068567 170
1445068567 35
1445068567 35
1445068567 113
1445068567 119
1445068567 170
1445068567 35
1445068567 35
1445068567 113
1445068567 119
1445068567 170
1445068567 35
1445068568 35
1445068568 35
1445068569 35
1445068569 35
1445068569 35
1445068570 35
1445068570 35
1445068570 35
1445068571 35
1445068571 35
1445068572 35
1445068572 35
1445068572 35
1445068573 35
1445068573 35
1445068573 35
1445068574 35
1445068574 35
1445068575 35
1445068575 35
1445068575 35
1445068576 35
1445068576 35
1445068576 35
1445068576 35
1445068576 35
1445068576 35
1445068576 35
1445068576 35
1445068576 35
1445068576 35
1445068576 35
1445068576 35
1445068576 35
1445068576 35
1445068576 35
1445068576 35
1445068576 35
1445068576 35
1445068576 35
1445068576 35
1445068576 89
1445068576 35
1445068576 35
1445068576 36
1445068576 164
1445068576 106
1445068576 4
1445068576 106
1445068576 106
1445068576 61
1445068576 15
1445068576 61
1445068576 61
1445068576 61
1445068576 61
1445068576 35
1445068577 35
1445068577 35
1445068578 35
1445068578 35
1445068578 35
1445068578 35
1445068578 35
1445068578 113
1445068578 119
1445068578 170
1445068578 35
1445068578 113
1445068578 119
1445068578 170
1445068578 35
1445068579 35
1445068579 35
1445068579 35
1445068580 35
1445068581 35
1445068581 35
1445068582 35
1445068582 35
1445068582 35
1445068583 35
1445068584 35
1445068585 35
1445068585 35
1445068585 35
1445068586 35
1445068586 35
1445068587 35
1445068588 35
1445068588 35
1445068588 35
1445068589 35
1445068589 35
1445068590 35
1445068591 35
1445068591 35
1445068591 35
1445068592 35
1445068592 35
1445068593 35
1445068594 35
1445068594 35
1445068594 35
1445068595 35
1445068595 35
1445068596 35
1445068597 35
1445068597 35
1445068597 35
1445068598 35
1445068598 35
1445068599 35
1445068600 35
1445068600 35
1445068600 35
1445068601 35
1445068601 35
1445068602 35
1445068603 35
1445068603 35
1445068603 35
1445068604 35
1445068604 35
1445068605 35
1445068606 35
1445068606 35
1445068606 35
1445068606 35
1445068606 35
1445068606 35
1445068606 35
1445068606 35
1445068606 35
1445068606 35
1445068606 35
1445068606 35
1445068606 35
1445068606 35
1445068606 35
1445068606 35
1445068606 35
1445068606 35
1445068607 35
1445068607 35
1445068607 35
1445068607 35
1445068607 36
1445068607 164
1445068607 106
1445068607 4
1445068607 106
1445068607 106
1445068607 61
1445068607 15
1445068607 61
1445068607 61
1445068607 61
1445068607 61
1445068607 89
1445068607 35
1445068607 35
1445068608 35
1445068609 35
1445068609 35
1445068609 35
1445068609 113
1445068609 119
1445068609 170
1445068609 35
1445068609 35
1445068609 113
1445068609 119
1445068609 170
1445068609 35
1445068609 35
1445068610 35
1445068611 35
1445068612 35
1445068612 35
1445068613 35
1445068614 35
1445068615 35
1445068615 35
1445068616 35
1445068617 35
1445068618 35
1445068618 35
1445068619 35
1445068620 35
1445068621 35
1445068621 35
1445068622 35
1445068623 35
1445068624 35
1445068624 35
1445068625 35
1445068626 35
1445068627 35
1445068627 35
1445068628 35
1445068629 35
1445068630 35
1445068630 35
1445068631 35
1445068632 35
1445068633 35
1445068633 35
1445068634 35
1445068635 35
1445068635 35
1445068635 35
1445068636 35
1445068639 35
1445068642 35
1445068646 35
1445068649 35
1445068652 35
1445068655 35
1445068658 35
1445068661 35
1445068664 35
1445068667 35
1445068670 35
1445068673 35
1445068676 35
1445068679 35
1445068682 35
1445068682 35
1445068682 35
1445068682 35
1445068682 35
1445068682 35
1445068682 35
1445068682 35
1445068682 35
1445068682 35
1445068682 35
1445068682 35
1445068682 35
1445068682 35
1445068682 35
1445068682 35
1445068682 35
1445068682 35
1445068682 35
1445068682 35
1445068682 35
1445068682 35
1445068682 35
1445068682 35
1445068682 35
1445068682 35
1445068682 35
1445068683 35
1445068683 17
1445068683 35
1445068683 35
1445068683 17
1445068683 35
1445068683 130
1445068683 35
1445068683 130
1445068683 35
1445068683 34
1445068683 70
1445068683 35
1445068683 34
1445068683 130
1445068683 35
1445068683 34
1445068683 17
1445068683 35
1445068683 35
1445068683 35
1445068683 35
1445068684 35
1445068684 35
1445068684 35
1445068684 35
1445068684 35
1445068684 35
