1445089886 20
1445089886 10
1445089886 12
1445089886 15
1445089886 4
1445089886 3
1445089887 1
1445089887 2
1445089888 6
1445089888 9
1445089888 5
1445089888 22
1445089888 7
1445089888 18
1445089888 19
1445089888 16
1445089888 8
1445089891 17
1445089891 11
1445089891 14
1445089891 22
1445089902 21
1445089915 13
1445089916 17
1445089916 11
1445089916 14
1445089916 22
1445089925 21
1445089925 13
1445089926 17
1445089926 11
1445089926 14
1445089926 22
1445089933 21
1445089933 13
1445089935 17
1445089935 11
1445089935 14
1445089935 22
