1445089886 8
1445089886 147
1445089886 16
1445089886 102
1445089886 83
1445089886 8
1445089887 147
1445089887 160
1445089888 82
1445089888 67
1445089888 22
1445089888 102
1445089888 3
1445089888 75
1445089888 25
1445089888 25
1445089888 154
1445089891 102
1445089891 25
1445089891 25
1445089891 102
1445089902 75
1445089915 25
1445089916 102
1445089916 25
1445089916 25
1445089916 102
1445089925 75
1445089925 25
1445089926 102
1445089926 25
1445089926 25
1445089926 102
1445089933 75
1445089933 25
1445089935 102
1445089935 25
1445089935 25
1445089935 102
