1445088556 8
1445088556 147
1445088556 16
1445088556 102
1445088556 83
1445088557 8
1445088558 147
1445088561 160
1445088563 82
1445088564 67
1445088568 22
1445088569 102
1445088569 3
1445088569 75
1445088569 25
1445088569 25
1445088569 154
1445088577 102
1445088577 25
1445088577 25
1445088577 102
1445088619 75
1445088619 25
1445088623 102
1445088623 25
1445088623 25
1445088623 102
1445088665 75
1445088665 25
1445088670 102
1445088670 25
1445088670 25
1445088670 102
1445088718 75
1445088718 25
1445088723 102
1445088723 25
1445088723 25
1445088723 102
1445088748 75
1445088748 25
1445088750 102
1445088750 25
1445088750 25
1445088750 102
1445088771 75
1445088771 25
1445088775 102
1445088775 25
1445088775 25
1445088775 102
1445088777 67
1445088798 75
1445088798 25
1445088798 102
1445088798 25
1445088798 25
1445088802 75
1445088802 102
1445088802 160
1445088869 129
1445088870 3
1445088870 16
1445088870 16
1445088870 111
