1445163428 24
1445163428 14
1445163428 16
1445163428 22
1445163428 6
1445163429 4
1445163429 2
1445163430 5
1445163430 8
1445163430 13
1445163431 7
1445163431 30
1445163431 10
1445163431 26
1445163431 27
1445163431 21
1445163431 12
1445163435 28
1445163435 17
1445163435 18
1445163435 30
1445163447 31
1445163447 19
1445163449 28
1445163449 17
1445163449 18
1445163449 30
1445163460 31
1445163460 19
1445163462 28
1445163462 17
1445163462 18
1445163462 30
1445163474 31
1445163474 19
1445163476 28
1445163476 17
1445163476 18
1445163476 30
1445163488 31
1445163488 19
1445163490 28
1445163490 17
1445163490 18
1445163490 30
1445163500 31
1445163500 19
1445163502 28
1445163502 17
1445163502 18
1445163502 30
1445163511 31
1445163511 19
1445163513 28
1445163513 17
1445163513 18
1445163513 30
1445163523 31
1445163523 19
1445163524 9
1445163524 28
1445163524 17
1445163524 18
1445163532 29
1445163532 23
1445163532 1
1445163562 3
1445163562 25
1445163562 20
1445163562 15
1445163562 11
