1445247559 66
1445247560 76
1445247560 3
1445247561 74
1445247562 65
1445247562 62
1445247562 51
1445247562 46
1445247562 42
1445247562 37
1445247562 47
1445247562 45
1445247562 41
1445247562 39
1445247562 61
1445247562 61
1445247562 61
1445247562 15
1445247562 38
1445247563 85
1445247563 72
1445247563 73
1445247563 53
1445247563 11
1445247563 44
1445247563 60
1445247563 43
1445247563 50
1445247563 58
1445247563 70
1445247563 25
1445247563 88
1445247563 86
1445247563 48
1445247563 75
1445247563 40
1445247563 78
1445247563 22
1445247563 16
1445247563 87
1445247563 84
1445247563 83
1445247563 90
1445247563 12
1445247564 89
1445247564 64
1445247565 81
1445247565 55
1445247565 58
1445247565 70
1445247565 86
1445247565 88
1445247565 77
1445247565 80
1445247565 79
1445247565 54
1445247565 71
1445247565 82
1445247565 35
1445247565 56
1445247565 24
1445247565 29
1445247565 26
1445247565 13
1445247565 13
1445247565 18
1445247565 13
1445247565 13
1445247565 18
1445247565 13
1445247565 13
1445247565 18
1445247565 13
1445247565 13
1445247565 18
1445247565 13
1445247565 13
1445247565 18
1445247565 13
1445247565 13
1445247565 18
1445247565 13
1445247565 13
1445247565 18
1445247565 13
1445247565 13
1445247565 18
1445247565 13
1445247565 13
1445247565 18
1445247565 13
1445247565 13
1445247565 18
1445247565 18
1445247565 14
1445247565 14
1445247565 14
1445247565 14
1445247565 14
1445247565 14
1445247565 14
1445247565 14
1445247565 14
1445247565 14
1445247565 14
1445247565 67
1445247565 69
1445247566 5
1445247566 7
1445247566 9
1445247566 52
1445247566 33
1445247567 52
1445247567 33
1445247568 52
1445247568 33
1445247569 52
1445247569 33
1445247571 52
1445247571 33
1445247572 63
1445247572 27
1445247572 59
1445247572 52
1445247572 33
1445247572 6
1445247572 17
1445247572 1
1445247572 2
1445247572 8
1445247572 31
1445247572 36
1445247572 21
1445247572 10
1445247572 68
1445247572 23
1445247573 9
1445247573 52
1445247573 33
1445247573 28
1445247573 4
1445247573 19
1445247573 57
1445247573 20
1445247574 63
1445247574 27
1445247574 59
1445247574 52
1445247574 33
1445247574 6
1445247574 17
1445247574 21
1445247574 10
1445247574 68
1445247574 23
1445247574 28
1445247574 4
1445247574 19
1445247574 57
1445247574 20
1445247575 9
1445247575 52
1445247575 33
1445247576 52
1445247576 33
1445247577 52
1445247577 33
1445247578 52
1445247578 33
1445247579 52
1445247579 33
1445247580 30
1445247580 32
1445247580 34
1445247580 52
1445247580 33
1445247581 52
1445247581 33
1445247582 52
1445247582 33
1445247584 52
1445247584 33
1445247585 52
1445247585 33
1445247586 52
1445247586 33
1445247587 52
1445247587 33
1445247588 52
1445247588 33
1445247589 52
1445247589 33
1445247590 52
1445247590 33
1445247590 30
1445247591 32
1445247591 34
1445247591 52
1445247591 33
1445247592 49
1445247593 52
1445247593 33
1445247594 52
1445247594 33
1445247595 52
1445247595 33
1445247595 49
1445247596 52
1445247596 33
1445247597 52
1445247597 33
1445247598 49
1445247599 52
1445247599 33
1445247600 52
1445247600 33
1445247601 52
1445247601 33
1445247601 49
1445247602 52
1445247602 33
1445247603 52
1445247603 33
1445247604 52
1445247604 33
1445247604 49
1445247605 49
1445247605 52
1445247605 33
1445247607 52
1445247607 33
1445247607 49
1445247608 52
1445247608 33
1445247608 49
1445247609 52
1445247609 33
1445247610 52
1445247610 33
1445247610 49
1445247611 52
1445247611 33
1445247611 49
1445247612 52
1445247612 33
1445247613 52
1445247613 33
1445247614 49
1445247615 52
1445247615 33
1445247616 52
1445247616 33
1445247617 49
1445247618 52
1445247618 33
1445247619 52
1445247619 33
1445247619 49
1445247620 52
1445247620 33
1445247620 49
1445247621 52
1445247621 33
1445247623 52
1445247623 33
1445247623 49
1445247624 52
1445247624 33
1445247625 52
1445247625 33
1445247626 52
1445247626 33
1445247626 49
1445247627 52
1445247627 33
1445247628 52
1445247628 33
1445247629 49
1445247629 52
1445247629 33
1445247629 49
1445247630 52
1445247630 33
1445247631 52
1445247631 33
1445247632 49
1445247632 52
1445247632 33
1445247633 49
1445247633 52
1445247633 33
1445247634 52
1445247634 33
1445247636 52
1445247636 33
1445247636 49
1445247638 49
1445247639 49
1445247639 52
1445247639 33
1445247642 49
1445247645 49
1445247647 52
1445247647 33
1445247648 49
1445247648 52
1445247648 33
1445247649 52
1445247649 33
1445247651 30
1445247651 52
1445247651 33
1445247651 49
1445247651 49
1445247652 52
1445247652 33
1445247653 52
1445247653 33
1445247654 52
1445247654 33
1445247654 49
1445247655 52
1445247655 33
1445247655 49
1445247656 52
1445247656 33
1445247657 49
1445247657 52
1445247657 33
1445247659 52
1445247659 33
1445247660 49
1445247660 52
1445247660 33
1445247660 49
1445247661 52
1445247661 33
1445247662 52
1445247662 33
1445247663 52
1445247663 33
1445247663 49
1445247664 52
1445247664 33
1445247665 49
1445247666 52
1445247666 33
1445247667 49
1445247667 52
1445247667 33
1445247668 52
1445247668 33
1445247669 49
1445247669 52
1445247669 33
1445247670 49
1445247670 52
1445247670 33
1445247671 52
1445247671 33
1445247672 52
1445247672 33
1445247673 49
1445247673 52
1445247673 33
1445247673 49
1445247674 52
1445247674 33
1445247675 52
1445247675 33
1445247676 49
1445247676 52
1445247676 33
1445247677 49
1445247677 52
1445247677 33
1445247678 52
1445247678 33
1445247679 49
1445247679 52
1445247679 33
1445247680 52
1445247680 33
1445247681 49
1445247681 52
1445247681 33
1445247682 49
1445247683 52
1445247683 33
1445247684 52
1445247684 33
1445247685 49
1445247685 52
1445247685 33
1445247685 49
1445247686 52
1445247686 33
