1445247559 49
1445247560 3
1445247560 82
1445247561 3
1445247562 37
1445247562 118
1445247562 49
1445247562 49
1445247562 49
1445247562 49
1445247562 49
1445247562 49
1445247562 49
1445247562 49
1445247562 22
1445247562 22
1445247562 22
1445247562 60
1445247562 49
1445247563 8
1445247563 147
1445247563 16
1445247563 45
1445247563 82
1445247563 8
1445247563 49
1445247563 73
1445247563 8
1445247563 147
1445247563 84
1445247563 8
1445247563 166
1445247563 166
1445247563 151
1445247563 8
1445247563 147
1445247563 96
1445247563 96
1445247563 96
1445247563 155
1445247563 155
1445247563 8
1445247563 64
1445247563 5
1445247564 64
1445247564 49
1445247565 96
1445247565 45
1445247565 147
1445247565 84
1445247565 166
1445247565 166
1445247565 118
1445247565 118
1445247565 118
1445247565 50
1445247565 38
1445247565 38
1445247565 37
1445247565 8
1445247565 73
1445247565 110
1445247565 73
1445247565 151
1445247565 151
1445247565 109
1445247565 151
1445247565 151
1445247565 109
1445247565 151
1445247565 151
1445247565 109
1445247565 151
1445247565 151
1445247565 109
1445247565 151
1445247565 151
1445247565 109
1445247565 151
1445247565 151
1445247565 109
1445247565 151
1445247565 151
1445247565 109
1445247565 151
1445247565 151
1445247565 109
1445247565 151
1445247565 151
1445247565 109
1445247565 151
1445247565 151
1445247565 109
1445247565 109
1445247565 7
1445247565 7
1445247565 7
1445247565 7
1445247565 7
1445247565 7
1445247565 7
1445247565 7
1445247565 7
1445247565 7
1445247565 7
1445247565 38
1445247565 38
1445247566 156
1445247566 37
1445247566 37
1445247566 37
1445247566 37
1445247567 37
1445247567 37
1445247568 37
1445247568 37
1445247569 37
1445247569 37
1445247571 37
1445247571 37
1445247572 37
1445247572 151
1445247572 38
1445247572 37
1445247572 37
1445247572 37
1445247572 151
1445247572 105
1445247572 105
1445247572 110
1445247572 105
1445247572 45
1445247572 7
1445247572 110
1445247572 95
1445247572 86
1445247573 37
1445247573 37
1445247573 37
1445247573 37
1445247573 27
1445247573 7
1445247573 45
1445247573 109
1445247574 37
1445247574 151
1445247574 38
1445247574 37
1445247574 37
1445247574 37
1445247574 151
1445247574 7
1445247574 110
1445247574 95
1445247574 86
1445247574 37
1445247574 27
1445247574 7
1445247574 45
1445247574 109
1445247575 37
1445247575 37
1445247575 37
1445247576 37
1445247576 37
1445247577 37
1445247577 37
1445247578 37
1445247578 37
1445247579 37
1445247579 37
1445247580 82
1445247580 132
1445247580 132
1445247580 37
1445247580 37
1445247581 37
1445247581 37
1445247582 37
1445247582 37
1445247584 37
1445247584 37
1445247585 37
1445247585 37
1445247586 37
1445247586 37
1445247587 37
1445247587 37
1445247588 37
1445247588 37
1445247589 37
1445247589 37
1445247590 37
1445247590 37
1445247590 82
1445247591 132
1445247591 132
1445247591 37
1445247591 37
1445247592 55
1445247593 37
1445247593 37
1445247594 37
1445247594 37
1445247595 37
1445247595 37
1445247595 55
1445247596 37
1445247596 37
1445247597 37
1445247597 37
1445247598 55
1445247599 37
1445247599 37
1445247600 37
1445247600 37
1445247601 37
1445247601 37
1445247601 55
1445247602 37
1445247602 37
1445247603 37
1445247603 37
1445247604 37
1445247604 37
1445247604 55
1445247605 55
1445247605 37
1445247605 37
1445247607 37
1445247607 37
1445247607 55
1445247608 37
1445247608 37
1445247608 55
1445247609 37
1445247609 37
1445247610 37
1445247610 37
1445247610 55
1445247611 37
1445247611 37
1445247611 55
1445247612 37
1445247612 37
1445247613 37
1445247613 37
1445247614 55
1445247615 37
1445247615 37
1445247616 37
1445247616 37
1445247617 55
1445247618 37
1445247618 37
1445247619 37
1445247619 37
1445247619 55
1445247620 37
1445247620 37
1445247620 55
1445247621 37
1445247621 37
1445247623 37
1445247623 37
1445247623 55
1445247624 37
1445247624 37
1445247625 37
1445247625 37
1445247626 37
1445247626 37
1445247626 55
1445247627 37
1445247627 37
1445247628 37
1445247628 37
1445247629 55
1445247629 37
1445247629 37
1445247629 55
1445247630 37
1445247630 37
1445247631 37
1445247631 37
1445247632 55
1445247632 37
1445247632 37
1445247633 55
1445247633 37
1445247633 37
1445247634 37
1445247634 37
1445247636 37
1445247636 37
1445247636 55
1445247638 55
1445247639 55
1445247639 37
1445247639 37
1445247642 55
1445247645 55
1445247647 37
1445247647 37
1445247648 55
1445247648 37
1445247648 37
1445247649 37
1445247649 37
1445247651 82
1445247651 37
1445247651 37
1445247651 55
1445247651 55
1445247652 37
1445247652 37
1445247653 37
1445247653 37
1445247654 37
1445247654 37
1445247654 55
1445247655 37
1445247655 37
1445247655 55
1445247656 37
1445247656 37
1445247657 55
1445247657 37
1445247657 37
1445247659 37
1445247659 37
1445247660 55
1445247660 37
1445247660 37
1445247660 55
1445247661 37
1445247661 37
1445247662 37
1445247662 37
1445247663 37
1445247663 37
1445247663 55
1445247664 37
1445247664 37
1445247665 55
1445247666 37
1445247666 37
1445247667 55
1445247667 37
1445247667 37
1445247668 37
1445247668 37
1445247669 55
1445247669 37
1445247669 37
1445247670 55
1445247670 37
1445247670 37
1445247671 37
1445247671 37
1445247672 37
1445247672 37
1445247673 55
1445247673 37
1445247673 37
1445247673 55
1445247674 37
1445247674 37
1445247675 37
1445247675 37
1445247676 55
1445247676 37
1445247676 37
1445247677 55
1445247677 37
1445247677 37
1445247678 37
1445247678 37
1445247679 55
1445247679 37
1445247679 37
1445247680 37
1445247680 37
1445247681 55
1445247681 37
1445247681 37
1445247682 55
1445247683 37
1445247683 37
1445247684 37
1445247684 37
1445247685 55
1445247685 37
1445247685 37
1445247685 55
1445247686 37
1445247686 37
