1445072794 25
1445072794 9
1445072794 15
1445072794 21
1445072794 6
1445072794 4
1445072794 2
1445072795 3
1445072795 7
1445072795 13
1445072796 8
1445072796 28
1445072796 12
1445072796 20
1445072796 22
1445072796 24
1445072796 11
1445072799 19
1445072799 17
1445072799 14
1445072799 28
1445072809 26
1445072809 16
1445072811 19
1445072811 17
1445072811 14
1445072811 28
1445072822 26
1445072822 16
1445072823 19
1445072823 17
1445072823 14
1445072823 28
1445072833 26
1445072833 16
1445072836 19
1445072836 17
1445072836 14
1445072836 28
1445072845 26
1445072845 16
1445072846 19
1445072846 17
1445072846 14
1445072846 28
1445072856 26
1445072856 16
1445072857 19
1445072857 17
1445072857 14
1445072857 28
1445072866 26
1445072866 16
1445072867 19
1445072867 17
1445072867 14
1445072867 28
1445072876 26
1445072876 16
1445072877 10
1445072877 19
1445072877 17
1445072877 14
1445072885 27
1445072885 18
1445072885 1
1445072923 5
1445072924 23
