1445175202 23
1445175202 8
1445175202 16
1445175202 22
1445175202 5
1445175203 3
1445175204 2
1445175206 4
1445175207 6
1445175207 9
1445175208 7
1445175209 24
1445175209 12
1445175209 20
1445175209 17
1445175209 19
1445175209 11
1445175219 18
1445175219 13
1445175219 14
1445175219 24
1445175249 25
1445175249 15
1445175254 18
1445175254 13
1445175254 14
1445175254 24
1445175284 25
1445175284 15
1445175289 18
1445175289 13
1445175289 14
1445175289 24
1445175318 25
1445175318 15
1445175323 18
1445175323 13
1445175323 14
1445175323 24
1445175352 25
1445175353 15
1445175357 18
1445175357 13
1445175357 14
1445175357 24
1445175387 25
1445175388 15
1445175392 18
1445175392 13
1445175392 14
1445175392 24
1445175393 10
1445175421 25
1445175421 15
1445175421 18
1445175421 13
1445175421 14
1445175426 26
1445175426 21
1445175426 1
