1445175202 8
1445175202 147
1445175202 16
1445175202 102
1445175202 83
1445175203 8
1445175204 147
1445175206 160
1445175207 82
1445175207 67
1445175208 22
1445175209 102
1445175209 3
1445175209 75
1445175209 25
1445175209 25
1445175209 154
1445175219 102
1445175219 25
1445175219 25
1445175219 102
1445175249 75
1445175249 25
1445175254 102
1445175254 25
1445175254 25
1445175254 102
1445175284 75
1445175284 25
1445175289 102
1445175289 25
1445175289 25
1445175289 102
1445175318 75
1445175318 25
1445175323 102
1445175323 25
1445175323 25
1445175323 102
1445175352 75
1445175353 25
1445175357 102
1445175357 25
1445175357 25
1445175357 102
1445175387 75
1445175388 25
1445175392 102
1445175392 25
1445175392 25
1445175392 102
1445175393 67
1445175421 75
1445175421 25
1445175421 102
1445175421 25
1445175421 25
1445175426 75
1445175426 102
1445175426 160
