1445241369 8
1445241369 147
1445241369 16
1445241369 102
1445241369 83
1445241369 8
1445241370 147
1445241370 160
1445241371 82
1445241371 67
1445241371 22
1445241371 102
1445241371 3
1445241371 75
1445241371 25
1445241371 25
1445241372 154
1445241375 102
1445241375 25
1445241375 25
1445241375 102
1445241386 75
1445241386 25
1445241388 102
1445241388 25
1445241388 25
1445241388 102
1445241400 75
1445241400 25
1445241403 102
1445241403 25
1445241403 25
1445241403 102
1445241413 75
1445241413 25
1445241415 102
1445241415 25
1445241415 25
1445241415 102
1445241423 75
1445241423 25
1445241425 102
1445241425 25
1445241425 25
1445241425 102
1445241435 75
1445241435 25
1445241436 102
1445241436 25
1445241436 25
1445241436 102
1445241445 75
1445241445 25
1445241448 102
1445241448 25
1445241448 25
1445241448 102
1445241459 75
1445241459 25
1445241461 67
1445241461 102
1445241461 25
1445241461 25
1445241469 75
1445241486 102
1445241486 160
1445241509 129
1445241509 3
1445241509 16
1445241509 16
1445241509 111
