1445071724 23
1445071724 21
1445071724 22
1445071724 24
1445071724 17
1445071725 14
1445071725 5
1445071726 13
1445071728 18
1445071728 20
1445071728 19
1445071728 16
1445071728 15
1445071728 8
1445071728 10
1445071728 11
1445071728 1
1445071728 9
1445071728 3
1445071779 12
1445071779 7
1445071792 10
1445071792 11
1445071792 8
1445071792 1
1445071792 9
1445071792 3
1445071799 8
1445071799 10
1445071799 11
1445071800 1
1445071800 9
1445071800 3
1445071800 8
1445071802 8
1445071804 8
1445071807 8
1445071861 12
1445071861 6
1445071861 10
1445071861 11
1445071861 1
1445071861 9
1445071861 3
1445071874 12
1445071874 2
1445071874 10
1445071874 11
1445071874 1
1445071874 9
1445071874 3
1445071945 12
1445071945 9
1445071945 3
1445071952 12
1445071952 9
1445071953 3
1445071981 12
1445071981 9
1445071981 3
1445071988 12
1445071988 4
1445072007 12
1445072007 9
1445072007 3
1445072035 12
1445072035 9
1445072035 3
