1445235785 23
1445235785 10
1445235785 16
1445235785 24
1445235785 6
1445235785 4
1445235786 2
1445235786 5
1445235787 7
1445235787 12
1445235787 8
1445235787 28
1445235787 13
1445235787 18
1445235787 22
1445235787 20
1445235787 9
1445235789 21
1445235789 15
1445235789 14
1445235789 28
1445235796 26
1445235796 17
1445235797 21
1445235797 15
1445235797 14
1445235797 28
1445235805 26
1445235805 17
1445235805 21
1445235805 15
1445235805 14
1445235805 28
1445235814 26
1445235814 17
1445235814 21
1445235814 15
1445235814 14
1445235814 28
1445235822 26
1445235822 17
1445235823 21
1445235823 15
1445235823 14
1445235823 28
1445235831 26
1445235831 17
1445235832 21
1445235832 15
1445235832 14
1445235832 28
1445235832 11
1445235842 26
1445235842 17
1445235842 21
1445235842 15
1445235842 14
1445235843 27
1445235843 25
1445235843 1
1445235875 3
1445235875 19
