1445235785 8
1445235785 147
1445235785 16
1445235785 102
1445235785 83
1445235785 8
1445235786 147
1445235786 160
1445235787 82
1445235787 67
1445235787 22
1445235787 102
1445235787 3
1445235787 75
1445235787 25
1445235787 25
1445235787 154
1445235789 102
1445235789 25
1445235789 25
1445235789 102
1445235796 75
1445235796 25
1445235797 102
1445235797 25
1445235797 25
1445235797 102
1445235805 75
1445235805 25
1445235805 102
1445235805 25
1445235805 25
1445235805 102
1445235814 75
1445235814 25
1445235814 102
1445235814 25
1445235814 25
1445235814 102
1445235822 75
1445235822 25
1445235823 102
1445235823 25
1445235823 25
1445235823 102
1445235831 75
1445235831 25
1445235832 102
1445235832 25
1445235832 25
1445235832 102
1445235832 67
1445235842 75
1445235842 25
1445235842 102
1445235842 25
1445235842 25
1445235843 75
1445235843 102
1445235843 160
1445235875 129
1445235875 3
