1445092286 43
1445092286 37
1445092286 39
1445092286 42
1445092286 29
1445092287 20
1445092287 7
1445092289 22
1445092290 33
1445092290 38
1445092290 35
1445092290 30
1445092290 26
1445092290 15
1445092290 19
1445092290 16
1445092290 4
1445092290 18
1445092290 11
1445092291 16
1445092297 25
1445092297 13
1445092297 15
1445092297 19
1445092297 4
1445092297 18
1445092297 11
1445092300 25
1445092300 18
1445092300 11
1445092303 25
1445092303 18
1445092303 11
1445092306 25
1445092306 18
1445092306 11
1445092307 16
1445092307 15
1445092307 19
1445092307 4
1445092307 18
1445092307 11
1445092309 25
1445092309 10
1445092309 25
1445092309 18
1445092309 11
1445092312 25
1445092312 6
1445092320 16
1445092320 15
1445092320 19
1445092320 4
1445092320 18
1445092320 11
1445092322 25
1445092322 9
1445092336 16
1445092336 15
1445092336 19
1445092336 4
1445092336 18
1445092336 11
1445092338 25
1445092338 8
1445092370 16
1445092370 15
1445092370 19
1445092377 4
1445092377 18
1445092377 11
1445092379 25
1445092379 24
1445092379 14
1445092379 12
1445092379 32
1445092379 31
1445092379 41
1445092379 5
1445092379 17
1445092412 36
1445092412 40
1445092412 50
1445092412 3
1445092413 1
1445092413 56
1445092413 59
1445092413 59
1445092413 48
1445092413 58
1445092413 46
1445092413 65
1445092413 34
1445092413 64
1445092413 60
1445092413 62
1445092413 63
1445092413 61
1445092413 49
1445092413 57
1445092413 55
1445092413 55
1445092413 68
1445092413 68
1445092413 47
1445092413 66
1445092413 69
1445092413 67
1445092413 53
1445092413 44
1445092413 -1
1445092436 2
1445092454 21
1445092454 54
1445092454 51
1445092454 52
1445092454 45
1445092454 23
1445092454 28
1445092456 2
1445092476 2
1445092496 2
1445092516 2
1445092536 2
1445092556 2
1445092576 2
1445092596 2
1445092616 2
1445092636 2
1445092656 2
1445092676 2
1445092696 2
1445092716 2
1445092736 2
1445092756 2
1445092773 27
1445092776 2
1445092796 2
1445092816 2
1445092836 2
1445092856 2
1445092876 2
1445092896 2
1445092916 2
1445092936 2
1445092956 2
1445092976 2
1445092996 2
1445093016 2
1445093036 2
1445093056 2
1445093076 2
