1445092286 8
1445092286 147
1445092286 16
1445092286 102
1445092286 83
1445092287 8
1445092287 147
1445092289 160
1445092290 82
1445092290 67
1445092290 154
1445092290 0
1445092290 58
1445092290 78
1445092290 78
1445092290 58
1445092290 60
1445092290 60
1445092290 167
1445092291 58
1445092297 167
1445092297 1
1445092297 78
1445092297 78
1445092297 60
1445092297 60
1445092297 167
1445092300 167
1445092300 60
1445092300 167
1445092303 167
1445092303 60
1445092303 167
1445092306 167
1445092306 60
1445092306 167
1445092307 58
1445092307 78
1445092307 78
1445092307 60
1445092307 60
1445092307 167
1445092309 167
1445092309 1
1445092309 167
1445092309 60
1445092309 167
1445092312 167
1445092312 1
1445092320 58
1445092320 78
1445092320 78
1445092320 60
1445092320 60
1445092320 167
1445092322 167
1445092322 1
1445092336 58
1445092336 78
1445092336 78
1445092336 60
1445092336 60
1445092336 167
1445092338 167
1445092338 1
1445092370 58
1445092370 78
1445092370 78
1445092377 60
1445092377 60
1445092377 167
1445092379 167
1445092379 58
1445092379 1
1445092379 0
1445092379 120
1445092379 120
1445092379 102
1445092379 160
1445092379 60
1445092412 14
1445092412 162
1445092412 142
1445092412 168
1445092413 20
1445092413 53
1445092413 15
1445092413 15
1445092413 44
1445092413 12
1445092413 91
1445092413 31
1445092413 36
1445092413 164
1445092413 106
1445092413 4
1445092413 106
1445092413 106
1445092413 144
1445092413 53
1445092413 53
1445092413 53
1445092413 51
1445092413 51
1445092413 152
1445092413 51
1445092413 136
1445092413 51
1445092413 152
1445092413 15
1445092413 170
1445092436 33
1445092454 168
1445092454 158
1445092454 117
1445092454 117
1445092454 149
1445092454 168
1445092454 168
1445092456 33
1445092476 33
1445092496 33
1445092516 33
1445092536 33
1445092556 33
1445092576 33
1445092596 33
1445092616 33
1445092636 33
1445092656 33
1445092676 33
1445092696 33
1445092716 33
1445092736 33
1445092756 33
1445092773 129
1445092776 33
1445092796 33
1445092816 33
1445092836 33
1445092856 33
1445092876 33
1445092896 33
1445092916 33
1445092936 33
1445092956 33
1445092976 33
1445092996 33
1445093016 33
1445093036 33
1445093056 33
1445093076 33
