1445088356 22
1445088357 13
1445088357 19
1445088357 28
1445088357 6
1445088357 3
1445088358 2
1445088358 4
1445088359 7
1445088359 11
1445088359 8
1445088360 31
1445088360 10
1445088360 27
1445088360 25
1445088360 26
1445088360 9
1445088362 23
1445088362 18
1445088362 16
1445088362 31
1445088371 29
1445088371 17
1445088372 23
1445088372 18
1445088372 16
1445088372 31
1445088380 29
1445088380 17
1445088381 23
1445088381 18
1445088381 16
1445088381 31
1445088392 29
1445088392 17
1445088393 23
1445088393 18
1445088393 16
1445088393 31
1445088403 29
1445088403 17
1445088404 23
1445088404 18
1445088404 16
1445088404 31
1445088412 29
1445088412 17
1445088413 23
1445088413 18
1445088413 16
1445088413 31
1445088413 14
1445088421 29
1445088421 17
1445088421 23
1445088421 18
1445088421 16
1445088422 30
1445088422 24
1445088422 1
1445088451 5
1445088451 21
1445088451 20
1445088451 15
1445088451 12
