1445088270 20
1445088271 9
1445088271 11
1445088271 15
1445088271 4
1445088272 3
1445088274 1
1445088277 2
1445088279 5
1445088279 7
1445088283 6
1445088283 22
1445088283 8
1445088283 17
1445088283 19
1445088283 16
1445088283 10
1445088291 18
1445088291 14
1445088291 12
1445088291 22
1445088332 21
1445088332 13
1445088337 18
1445088337 14
1445088337 12
1445088337 22
1445088379 21
1445088379 13
1445088384 18
1445088384 14
1445088384 12
1445088384 22
1445088423 21
1445088423 13
1445088427 18
1445088427 14
1445088427 12
1445088427 22
1445088466 21
1445088467 13
1445088471 18
1445088471 14
1445088471 12
1445088471 22
