1445088270 8
1445088271 147
1445088271 16
1445088271 102
1445088271 83
1445088272 8
1445088274 147
1445088277 160
1445088279 82
1445088279 67
1445088283 22
1445088283 102
1445088283 3
1445088283 75
1445088283 25
1445088283 25
1445088283 154
1445088291 102
1445088291 25
1445088291 25
1445088291 102
1445088332 75
1445088332 25
1445088337 102
1445088337 25
1445088337 25
1445088337 102
1445088379 75
1445088379 25
1445088384 102
1445088384 25
1445088384 25
1445088384 102
1445088423 75
1445088423 25
1445088427 102
1445088427 25
1445088427 25
1445088427 102
1445088466 75
1445088467 25
1445088471 102
1445088471 25
1445088471 25
1445088471 102
