1445094785 15
1445094785 10
1445094785 12
1445094785 18
1445094785 4
1445094785 3
1445094786 1
1445094787 2
1445094787 6
1445094787 9
1445094787 5
1445094787 22
1445094787 8
1445094787 20
1445094787 19
1445094787 17
1445094787 7
1445094790 16
1445094790 14
1445094790 13
1445094790 22
1445094800 21
1445094800 11
1445094801 16
1445094801 14
1445094801 13
1445094801 22
1445094813 21
1445094813 11
1445094814 16
1445094814 14
1445094814 13
1445094814 22
1445094824 21
1445094824 11
1445094826 16
1445094826 14
1445094826 13
1445094826 22
1445094836 21
1445094836 11
1445094838 16
1445094838 14
1445094838 13
1445094838 22
