1445162638 8
1445162638 147
1445162638 16
1445162638 102
1445162638 83
1445162638 8
1445162638 147
1445162639 160
1445162639 82
1445162639 67
1445162639 22
1445162640 102
1445162640 3
1445162640 75
1445162640 25
1445162640 25
1445162640 154
1445162642 102
1445162642 25
1445162642 25
1445162642 102
1445162652 75
1445162652 25
1445162654 102
1445162654 25
1445162654 25
1445162654 102
1445162664 75
1445162664 25
1445162665 102
1445162665 25
1445162665 25
1445162665 102
1445162675 75
1445162675 25
1445162677 102
1445162677 25
1445162677 25
1445162677 102
1445162686 75
1445162686 25
1445162688 102
1445162688 25
1445162688 25
1445162688 102
1445162698 75
1445162698 25
1445162700 102
1445162700 25
1445162700 25
1445162700 102
1445162708 75
1445162708 25
1445162710 102
1445162710 25
1445162710 25
1445162710 102
1445162717 20
1445162717 53
1445162717 15
1445162717 15
1445162717 44
1445162717 12
1445162717 91
1445162717 31
1445162717 36
1445162717 164
1445162717 106
1445162717 4
1445162717 106
1445162717 106
1445162717 144
1445162717 53
1445162717 53
1445162717 53
1445162717 51
1445162717 51
1445162717 152
1445162717 51
1445162717 136
1445162717 51
1445162717 152
1445162717 15
1445162717 170
1445162719 75
1445162719 25
1445162740 33
1445162760 33
1445162780 33
1445162800 33
1445162820 33
1445162840 33
1445162860 33
1445162880 33
1445162900 33
1445162920 33
1445162940 33
1445162960 33
1445162980 33
1445163000 33
1445163020 33
1445163040 33
1445163060 33
1445163080 33
1445163100 33
1445163120 33
1445163140 33
1445163160 33
1445163180 33
1445163200 33
1445163220 33
1445163240 33
1445163260 33
1445163280 33
1445163300 33
1445163320 33
1445163340 33
1445163360 33
1445163380 33
1445163400 33
1445163420 33
