1445175956 8
1445175957 147
1445175957 16
1445175957 102
1445175957 83
1445175957 8
1445175957 147
1445175957 160
1445175958 82
1445175958 67
1445175958 22
1445175958 102
1445175958 3
1445175958 75
1445175958 25
1445175958 25
1445175958 154
1445175961 102
1445175961 25
1445175961 25
1445175961 102
1445175968 75
1445175968 25
1445175969 102
1445175969 25
1445175969 25
1445175969 102
1445175977 75
1445175977 25
1445175978 102
1445175978 25
1445175978 25
1445175978 102
1445175985 75
1445175985 25
1445175986 102
1445175986 25
1445175986 25
1445175986 102
1445175993 75
1445175993 25
1445175994 102
1445175994 25
1445175994 25
1445175994 102
1445176001 75
1445176001 25
1445176002 102
1445176002 25
1445176002 25
1445176002 102
1445176003 67
1445176010 75
1445176010 25
1445176010 102
1445176010 25
1445176010 25
1445176010 75
1445176010 102
1445176010 160
1445176032 129
1445176032 3
