1445235710 22
1445235710 9
1445235710 18
1445235710 24
1445235710 5
1445235710 4
1445235711 2
1445235713 3
1445235714 6
1445235715 8
1445235717 7
1445235717 29
1445235717 12
1445235717 26
1445235717 21
1445235717 20
1445235717 10
1445235727 23
1445235727 16
1445235727 14
1445235727 29
1445235747 28
1445235747 15
1445235756 23
1445235756 16
1445235756 14
1445235756 29
1445235789 28
1445235789 15
1445235800 23
1445235800 16
1445235800 14
1445235800 29
1445235835 28
1445235835 15
1445235847 23
1445235847 16
1445235847 14
1445235847 29
1445235879 28
1445235879 15
1445235894 23
1445235894 16
1445235894 14
1445235894 29
1445235924 28
1445235924 15
1445235932 23
1445235932 16
1445235932 14
1445235932 29
1445235934 11
1445235956 28
1445235956 15
1445235956 23
1445235956 16
1445235956 14
1445235960 27
1445235960 25
1445235961 1
1445236003 11
1445236003 17
1445236003 19
1445236003 13
