1445235710 8
1445235710 147
1445235710 16
1445235710 102
1445235710 83
1445235710 8
1445235711 147
1445235713 160
1445235714 82
1445235715 67
1445235717 22
1445235717 102
1445235717 3
1445235717 75
1445235717 25
1445235717 25
1445235717 154
1445235727 102
1445235727 25
1445235727 25
1445235727 102
1445235747 75
1445235747 25
1445235756 102
1445235756 25
1445235756 25
1445235756 102
1445235789 75
1445235789 25
1445235800 102
1445235800 25
1445235800 25
1445235800 102
1445235835 75
1445235835 25
1445235847 102
1445235847 25
1445235847 25
1445235847 102
1445235879 75
1445235879 25
1445235894 102
1445235894 25
1445235894 25
1445235894 102
1445235924 75
1445235924 25
1445235932 102
1445235932 25
1445235932 25
1445235932 102
1445235934 67
1445235956 75
1445235956 25
1445235956 102
1445235956 25
1445235956 25
1445235960 75
1445235960 102
1445235961 160
1445236003 67
1445236003 16
1445236003 16
1445236003 111
