1445247779 25
1445247779 13
1445247779 17
1445247779 23
1445247779 6
1445247779 4
1445247779 2
1445247780 3
1445247781 7
1445247781 9
1445247781 8
1445247782 26
1445247782 11
1445247782 20
1445247782 19
1445247782 18
1445247782 12
1445247785 22
1445247785 14
1445247785 16
1445247785 26
1445247797 28
1445247797 15
1445247799 22
1445247799 14
1445247799 16
1445247799 26
1445247808 28
1445247808 15
1445247811 22
1445247811 14
1445247811 16
1445247811 26
1445247821 28
1445247821 15
1445247823 22
1445247823 14
1445247823 16
1445247823 26
1445247832 28
1445247832 15
1445247834 22
1445247834 14
1445247834 16
1445247834 26
1445247844 28
1445247844 15
1445247846 22
1445247846 14
1445247846 16
1445247846 26
1445247855 28
1445247855 15
1445247857 22
1445247857 14
1445247857 16
1445247857 26
1445247869 28
1445247869 15
1445247870 10
1445247870 22
1445247870 14
1445247870 16
1445247882 27
1445247882 24
1445247882 1
1445247921 5
1445247921 21
