1445247779 8
1445247779 147
1445247779 16
1445247779 102
1445247779 83
1445247779 8
1445247779 147
1445247780 160
1445247781 82
1445247781 67
1445247781 22
1445247782 102
1445247782 3
1445247782 75
1445247782 25
1445247782 25
1445247782 154
1445247785 102
1445247785 25
1445247785 25
1445247785 102
1445247797 75
1445247797 25
1445247799 102
1445247799 25
1445247799 25
1445247799 102
1445247808 75
1445247808 25
1445247811 102
1445247811 25
1445247811 25
1445247811 102
1445247821 75
1445247821 25
1445247823 102
1445247823 25
1445247823 25
1445247823 102
1445247832 75
1445247832 25
1445247834 102
1445247834 25
1445247834 25
1445247834 102
1445247844 75
1445247844 25
1445247846 102
1445247846 25
1445247846 25
1445247846 102
1445247855 75
1445247855 25
1445247857 102
1445247857 25
1445247857 25
1445247857 102
1445247869 75
1445247869 25
1445247870 67
1445247870 102
1445247870 25
1445247870 25
1445247882 75
1445247882 102
1445247882 160
1445247921 129
1445247921 3
