1445094683 8
1445094683 147
1445094683 16
1445094684 102
1445094684 83
1445094684 8
1445094685 147
1445094686 160
1445094688 82
1445094688 67
1445094688 22
1445094688 102
1445094688 3
1445094688 75
1445094688 25
1445094688 25
1445094688 154
1445094692 102
1445094692 25
1445094692 25
1445094692 102
1445094703 75
1445094703 25
1445094704 102
1445094704 25
1445094704 25
1445094704 102
1445094712 75
1445094712 25
1445094714 102
1445094714 25
1445094714 25
1445094714 102
1445094723 75
1445094723 25
1445094724 102
1445094724 25
1445094724 25
1445094724 102
1445094733 75
1445094733 25
1445094733 102
1445094733 25
1445094733 25
1445094733 102
1445094742 75
1445094742 25
1445094742 102
1445094742 25
1445094742 25
1445094742 102
1445094743 67
1445094750 75
1445094750 25
1445094750 102
1445094750 25
1445094750 25
1445094751 75
1445094751 102
1445094751 160
1445094781 129
1445094781 3
