1445094585 8
1445094585 147
1445094585 16
1445094585 102
1445094585 83
1445094585 8
1445094586 147
1445094587 160
1445094589 82
1445094589 67
1445094589 22
1445094589 102
1445094589 3
1445094589 75
1445094589 25
1445094589 25
1445094589 154
1445094592 102
1445094592 25
1445094592 25
1445094592 102
1445094600 75
1445094600 25
1445094601 102
1445094601 25
1445094601 25
1445094601 102
1445094609 75
1445094610 25
1445094611 102
1445094611 25
1445094611 25
1445094611 102
1445094619 75
1445094619 25
1445094620 102
1445094620 25
1445094620 25
1445094620 102
1445094628 75
1445094628 25
1445094630 102
1445094630 25
1445094630 25
1445094630 102
1445094638 75
1445094638 25
1445094639 102
1445094639 25
1445094639 25
1445094639 102
1445094640 67
1445094647 75
1445094647 25
1445094647 102
1445094647 25
1445094647 25
1445094648 75
1445094648 102
1445094648 160
1445094678 129
1445094678 3
