1445088259 22
1445088260 11
1445088260 14
1445088260 19
1445088260 6
1445088260 5
1445088260 2
1445088262 4
1445088263 8
1445088263 9
1445088264 7
1445088264 27
1445088264 13
1445088264 23
1445088264 24
1445088264 18
1445088264 10
1445088266 21
1445088266 17
1445088266 15
1445088266 27
1445088278 26
1445088278 16
1445088279 21
1445088279 17
1445088279 15
1445088279 27
1445088288 26
1445088288 16
1445088288 21
1445088288 17
1445088288 15
1445088288 27
1445088297 26
1445088297 16
1445088298 21
1445088298 17
1445088298 15
1445088298 27
1445088306 26
1445088306 16
1445088307 21
1445088307 17
1445088307 15
1445088307 27
1445088315 26
1445088315 16
1445088316 21
1445088316 17
1445088316 15
1445088316 27
1445088316 12
1445088324 26
1445088324 16
1445088324 21
1445088324 17
1445088324 15
1445088325 28
1445088325 20
1445088325 1
1445088349 3
1445088349 25
