1445088259 8
1445088260 147
1445088260 16
1445088260 102
1445088260 83
1445088260 8
1445088260 147
1445088262 160
1445088263 82
1445088263 67
1445088264 22
1445088264 102
1445088264 3
1445088264 75
1445088264 25
1445088264 25
1445088264 154
1445088266 102
1445088266 25
1445088266 25
1445088266 102
1445088278 75
1445088278 25
1445088279 102
1445088279 25
1445088279 25
1445088279 102
1445088288 75
1445088288 25
1445088288 102
1445088288 25
1445088288 25
1445088288 102
1445088297 75
1445088297 25
1445088298 102
1445088298 25
1445088298 25
1445088298 102
1445088306 75
1445088306 25
1445088307 102
1445088307 25
1445088307 25
1445088307 102
1445088315 75
1445088315 25
1445088316 102
1445088316 25
1445088316 25
1445088316 102
1445088316 67
1445088324 75
1445088324 25
1445088324 102
1445088324 25
1445088324 25
1445088325 75
1445088325 102
1445088325 160
1445088349 129
1445088349 3
