1445073088 23
1445073088 10
1445073088 15
1445073088 24
1445073088 6
1445073089 3
1445073089 2
1445073090 5
1445073091 8
1445073091 11
1445073091 7
1445073092 29
1445073092 12
1445073092 27
1445073092 21
1445073092 26
1445073092 14
1445073104 22
1445073104 16
1445073104 20
1445073104 29
1445073116 31
1445073116 18
1445073125 22
1445073125 16
1445073125 20
1445073125 29
1445073137 31
1445073137 18
1445073146 22
1445073146 16
1445073146 20
1445073146 29
1445073157 31
1445073157 18
1445073162 22
1445073162 16
1445073162 20
1445073162 29
1445073173 31
1445073173 18
1445073177 22
1445073177 16
1445073177 20
1445073177 29
1445073189 31
1445073189 18
1445073193 22
1445073193 16
1445073193 20
1445073193 29
1445073203 31
1445073203 18
1445073206 22
1445073206 16
1445073206 20
1445073206 29
1445073217 31
1445073217 18
1445073219 9
1445073219 22
1445073219 16
1445073219 20
1445073227 30
1445073227 25
1445073227 1
1445073255 4
1445073255 28
1445073255 19
1445073255 17
1445073255 13
