1445073088 8
1445073088 147
1445073088 16
1445073088 102
1445073088 83
1445073089 8
1445073089 147
1445073090 160
1445073091 82
1445073091 67
1445073091 22
1445073092 102
1445073092 3
1445073092 75
1445073092 25
1445073092 25
1445073092 154
1445073104 102
1445073104 25
1445073104 25
1445073104 102
1445073116 75
1445073116 25
1445073125 102
1445073125 25
1445073125 25
1445073125 102
1445073137 75
1445073137 25
1445073146 102
1445073146 25
1445073146 25
1445073146 102
1445073157 75
1445073157 25
1445073162 102
1445073162 25
1445073162 25
1445073162 102
1445073173 75
1445073173 25
1445073177 102
1445073177 25
1445073177 25
1445073177 102
1445073189 75
1445073189 25
1445073193 102
1445073193 25
1445073193 25
1445073193 102
1445073203 75
1445073203 25
1445073206 102
1445073206 25
1445073206 25
1445073206 102
1445073217 75
1445073217 25
1445073219 67
1445073219 102
1445073219 25
1445073219 25
1445073227 75
1445073227 102
1445073227 160
1445073255 129
1445073255 3
1445073255 16
1445073255 16
1445073255 111
