1445248365 28
1445248365 12
1445248366 15
1445248366 23
1445248366 6
1445248366 3
1445248366 2
1445248367 5
1445248367 8
1445248367 10
1445248368 7
1445248368 30
1445248368 14
1445248368 21
1445248368 27
1445248368 25
1445248368 13
1445248372 26
1445248372 17
1445248372 20
1445248372 30
1445248383 29
1445248383 16
1445248386 26
1445248386 17
1445248386 20
1445248386 30
1445248400 29
1445248400 16
1445248402 26
1445248402 17
1445248402 20
1445248402 30
1445248413 29
1445248413 16
1445248415 26
1445248415 17
1445248415 20
1445248415 30
1445248425 29
1445248425 16
1445248427 26
1445248427 17
1445248427 20
1445248427 30
1445248436 29
1445248436 16
1445248438 26
1445248438 17
1445248438 20
1445248438 30
1445248447 29
1445248447 16
1445248448 26
1445248448 17
1445248448 20
1445248448 30
1445248459 29
1445248459 16
1445248459 11
1445248459 26
1445248459 17
1445248459 20
1445248466 31
1445248466 22
1445248466 1
1445248495 4
1445248495 24
1445248496 19
1445248496 18
1445248496 9
