1445248365 8
1445248365 147
1445248366 16
1445248366 102
1445248366 83
1445248366 8
1445248366 147
1445248367 160
1445248367 82
1445248367 67
1445248368 22
1445248368 102
1445248368 3
1445248368 75
1445248368 25
1445248368 25
1445248368 154
1445248372 102
1445248372 25
1445248372 25
1445248372 102
1445248383 75
1445248383 25
1445248386 102
1445248386 25
1445248386 25
1445248386 102
1445248400 75
1445248400 25
1445248402 102
1445248402 25
1445248402 25
1445248402 102
1445248413 75
1445248413 25
1445248415 102
1445248415 25
1445248415 25
1445248415 102
1445248425 75
1445248425 25
1445248427 102
1445248427 25
1445248427 25
1445248427 102
1445248436 75
1445248436 25
1445248438 102
1445248438 25
1445248438 25
1445248438 102
1445248447 75
1445248447 25
1445248448 102
1445248448 25
1445248448 25
1445248448 102
1445248459 75
1445248459 25
1445248459 67
1445248459 102
1445248459 25
1445248459 25
1445248466 75
1445248466 102
1445248466 160
1445248495 129
1445248495 3
1445248496 16
1445248496 16
1445248496 111
