1445094486 22
1445094486 11
1445094486 17
1445094486 21
1445094486 6
1445094486 5
1445094487 2
1445094487 3
1445094488 7
1445094488 12
1445094489 8
1445094489 31
1445094489 10
1445094489 27
1445094489 28
1445094489 26
1445094489 14
1445094491 25
1445094491 16
1445094491 19
1445094491 31
1445094501 30
1445094502 15
1445094503 25
1445094503 16
1445094503 19
1445094503 31
1445094513 30
1445094513 15
1445094515 25
1445094515 16
1445094515 19
1445094515 31
1445094524 30
1445094524 15
1445094525 25
1445094525 16
1445094525 19
1445094525 31
1445094534 30
1445094534 15
1445094536 25
1445094536 16
1445094536 19
1445094536 31
1445094545 30
1445094545 15
1445094546 25
1445094546 16
1445094546 19
1445094546 31
1445094547 9
1445094555 30
1445094555 15
1445094555 25
1445094555 16
1445094555 19
1445094556 29
1445094556 24
1445094556 1
1445094604 4
1445094604 23
1445094604 18
1445094604 20
1445094604 13
