1445094486 8
1445094486 147
1445094486 16
1445094486 102
1445094486 83
1445094486 8
1445094487 147
1445094487 160
1445094488 82
1445094488 67
1445094489 22
1445094489 102
1445094489 3
1445094489 75
1445094489 25
1445094489 25
1445094489 154
1445094491 102
1445094491 25
1445094491 25
1445094491 102
1445094501 75
1445094502 25
1445094503 102
1445094503 25
1445094503 25
1445094503 102
1445094513 75
1445094513 25
1445094515 102
1445094515 25
1445094515 25
1445094515 102
1445094524 75
1445094524 25
1445094525 102
1445094525 25
1445094525 25
1445094525 102
1445094534 75
1445094534 25
1445094536 102
1445094536 25
1445094536 25
1445094536 102
1445094545 75
1445094545 25
1445094546 102
1445094546 25
1445094546 25
1445094546 102
1445094547 67
1445094555 75
1445094555 25
1445094555 102
1445094555 25
1445094555 25
1445094556 75
1445094556 102
1445094556 160
1445094604 129
1445094604 3
1445094604 16
1445094604 16
1445094604 111
