1445247582 23
1445247583 11
1445247583 17
1445247583 24
1445247583 7
1445247583 6
1445247593 4
1445247595 5
1445247596 9
1445247596 13
1445247596 8
1445247597 28
1445247597 14
1445247597 19
1445247597 21
1445247597 20
1445247597 12
1445247636 22
1445247636 18
1445247636 15
1445247636 28
1445247671 32
1445247671 16
1445247689 22
1445247689 18
1445247689 15
1445247689 28
1445247690 1
1445247690 33
1445247690 37
1445247690 37
1445247690 31
1445247690 34
1445247690 27
1445247690 44
1445247690 10
1445247690 39
1445247690 42
1445247690 40
1445247690 38
1445247690 41
1445247690 26
1445247690 36
1445247690 35
1445247690 35
1445247690 45
1445247690 45
1445247690 30
1445247690 43
1445247690 47
1445247690 46
1445247690 29
1445247690 25
1445247690 -1
1445247714 3
1445247732 32
1445247732 16
1445247734 3
1445247739 22
1445247739 18
1445247739 15
1445247739 28
1445247754 3
1445247774 3
1445247779 32
1445247779 16
1445247786 22
1445247786 18
1445247786 15
1445247786 28
1445247794 3
1445247814 3
1445247829 32
1445247829 16
1445247834 3
1445247837 22
1445247837 18
1445247837 15
1445247837 28
1445247854 3
1445247874 3
1445247882 32
1445247883 16
1445247891 22
1445247891 18
1445247891 15
1445247891 28
1445247894 3
1445247914 3
1445247934 3
1445247937 32
1445247937 16
1445247943 22
1445247943 18
1445247943 15
1445247943 28
1445247954 3
1445247974 3
1445247985 32
1445247985 16
1445247994 3
1445248014 3
1445248034 3
1445248054 3
1445248074 3
1445248094 3
1445248114 3
1445248134 3
1445248154 3
1445248174 2
1445248194 2
1445248213 2
1445248233 2
1445248253 2
1445248272 2
1445248292 2
1445248312 2
1445248332 2
1445248351 2
