1445088259 27
1445088259 14
1445088259 15
1445088259 23
1445088259 6
1445088259 4
1445088260 2
1445088260 3
1445088261 8
1445088261 10
1445088261 7
1445088262 30
1445088262 11
1445088262 24
1445088262 21
1445088262 22
1445088262 13
1445088264 26
1445088264 18
1445088264 20
1445088264 30
1445088273 31
1445088273 16
1445088275 26
1445088275 18
1445088275 20
1445088275 30
1445088283 31
1445088283 16
1445088284 26
1445088284 18
1445088284 20
1445088284 30
1445088293 31
1445088293 16
1445088294 26
1445088294 18
1445088294 20
1445088294 30
1445088303 31
1445088303 16
1445088304 26
1445088304 18
1445088304 20
1445088304 30
1445088315 31
1445088315 16
1445088316 26
1445088316 18
1445088316 20
1445088316 30
1445088316 9
1445088326 31
1445088326 16
1445088326 26
1445088326 18
1445088326 20
1445088327 29
1445088327 25
1445088327 1
1445088351 5
1445088352 28
1445088352 19
1445088352 17
1445088352 12
