1445088259 8
1445088259 147
1445088259 16
1445088259 102
1445088259 83
1445088259 8
1445088260 147
1445088260 160
1445088261 82
1445088261 67
1445088261 22
1445088262 102
1445088262 3
1445088262 75
1445088262 25
1445088262 25
1445088262 154
1445088264 102
1445088264 25
1445088264 25
1445088264 102
1445088273 75
1445088273 25
1445088275 102
1445088275 25
1445088275 25
1445088275 102
1445088283 75
1445088283 25
1445088284 102
1445088284 25
1445088284 25
1445088284 102
1445088293 75
1445088293 25
1445088294 102
1445088294 25
1445088294 25
1445088294 102
1445088303 75
1445088303 25
1445088304 102
1445088304 25
1445088304 25
1445088304 102
1445088315 75
1445088315 25
1445088316 102
1445088316 25
1445088316 25
1445088316 102
1445088316 67
1445088326 75
1445088326 25
1445088326 102
1445088326 25
1445088326 25
1445088327 75
1445088327 102
1445088327 160
1445088351 129
1445088352 3
1445088352 16
1445088352 16
1445088352 111
