1445175958 27
1445175958 9
1445175958 19
1445175958 26
1445175958 6
1445175958 4
1445175959 2
1445175961 5
1445175962 7
1445175962 10
1445175963 8
1445175963 30
1445175963 11
1445175963 25
1445175963 24
1445175963 21
1445175963 12
1445175966 28
1445175966 18
1445175966 16
1445175966 30
1445175981 31
1445175981 17
1445175983 28
1445175983 18
1445175983 16
1445175983 30
1445176000 31
1445176000 17
1445176002 28
1445176002 18
1445176002 16
1445176002 30
1445176020 31
1445176020 17
1445176022 28
1445176022 18
1445176022 16
1445176022 30
1445176039 31
1445176039 17
1445176041 28
1445176041 18
1445176041 16
1445176041 30
1445176058 31
1445176058 17
1445176060 28
1445176060 18
1445176060 16
1445176060 30
1445176061 14
1445176076 31
1445176076 17
1445176076 28
1445176076 18
1445176076 16
1445176078 29
1445176078 23
1445176078 1
1445176125 3
1445176125 22
1445176125 15
1445176125 20
1445176125 13
