1445175958 8
1445175958 147
1445175958 16
1445175958 102
1445175958 83
1445175958 8
1445175959 147
1445175961 160
1445175962 82
1445175962 67
1445175963 22
1445175963 102
1445175963 3
1445175963 75
1445175963 25
1445175963 25
1445175963 154
1445175966 102
1445175966 25
1445175966 25
1445175966 102
1445175981 75
1445175981 25
1445175983 102
1445175983 25
1445175983 25
1445175983 102
1445176000 75
1445176000 25
1445176002 102
1445176002 25
1445176002 25
1445176002 102
1445176020 75
1445176020 25
1445176022 102
1445176022 25
1445176022 25
1445176022 102
1445176039 75
1445176039 25
1445176041 102
1445176041 25
1445176041 25
1445176041 102
1445176058 75
1445176058 25
1445176060 102
1445176060 25
1445176060 25
1445176060 102
1445176061 67
1445176076 75
1445176076 25
1445176076 102
1445176076 25
1445176076 25
1445176078 75
1445176078 102
1445176078 160
1445176125 129
1445176125 3
1445176125 16
1445176125 16
1445176125 111
