1445248526 8
1445248526 147
1445248526 16
1445248526 102
1445248526 83
1445248526 8
1445248530 147
1445248531 160
1445248531 82
1445248531 67
1445248531 22
1445248531 102
1445248531 3
1445248531 75
1445248531 25
1445248531 25
1445248531 154
1445248533 102
1445248533 25
1445248533 25
1445248533 102
1445248543 75
1445248543 25
1445248544 102
1445248544 25
1445248544 25
1445248544 102
1445248553 75
1445248553 25
1445248554 67
1445248554 102
1445248554 25
1445248554 25
1445248561 75
1445248561 102
1445248561 160
1445248572 129
1445248573 3
1445248573 16
1445248573 16
1445248573 111
