1445071887 22
1445071887 14
1445071887 19
1445071887 21
1445071887 6
1445071887 4
1445071887 2
1445071888 5
1445071888 7
1445071888 9
1445071888 8
1445071888 31
1445071888 12
1445071888 26
1445071888 23
1445071888 28
1445071888 11
1445071891 25
1445071891 18
1445071891 17
1445071891 31
1445071901 30
1445071901 20
1445071903 25
1445071903 18
1445071903 17
1445071903 31
1445071916 30
1445071916 20
1445071917 25
1445071917 18
1445071917 17
1445071917 31
1445071931 30
1445071931 20
1445071933 25
1445071933 18
1445071933 17
1445071933 31
1445071941 30
1445071941 20
1445071943 25
1445071943 18
1445071943 17
1445071943 31
1445071952 30
1445071952 20
1445071954 25
1445071954 18
1445071954 17
1445071954 31
1445071963 30
1445071963 20
1445071965 25
1445071965 18
1445071965 17
1445071965 31
1445071974 30
1445071974 20
1445071975 13
1445071975 25
1445071975 18
1445071975 17
1445071983 29
1445071983 24
1445071983 1
1445072023 3
1445072023 27
1445072023 16
1445072023 15
1445072023 10
