1445071887 8
1445071887 147
1445071887 16
1445071887 102
1445071887 83
1445071887 8
1445071887 147
1445071888 160
1445071888 82
1445071888 67
1445071888 22
1445071888 102
1445071888 3
1445071888 75
1445071888 25
1445071888 25
1445071888 154
1445071891 102
1445071891 25
1445071891 25
1445071891 102
1445071901 75
1445071901 25
1445071903 102
1445071903 25
1445071903 25
1445071903 102
1445071916 75
1445071916 25
1445071917 102
1445071917 25
1445071917 25
1445071917 102
1445071931 75
1445071931 25
1445071933 102
1445071933 25
1445071933 25
1445071933 102
1445071941 75
1445071941 25
1445071943 102
1445071943 25
1445071943 25
1445071943 102
1445071952 75
1445071952 25
1445071954 102
1445071954 25
1445071954 25
1445071954 102
1445071963 75
1445071963 25
1445071965 102
1445071965 25
1445071965 25
1445071965 102
1445071974 75
1445071974 25
1445071975 67
1445071975 102
1445071975 25
1445071975 25
1445071983 75
1445071983 102
1445071983 160
1445072023 129
1445072023 3
1445072023 16
1445072023 16
1445072023 111
