1445162516 21
1445162516 9
1445162516 17
1445162516 27
1445162516 6
1445162517 4
1445162517 2
1445162517 5
1445162518 7
1445162518 11
1445162518 8
1445162518 30
1445162518 10
1445162518 28
1445162518 24
1445162518 25
1445162518 14
1445162522 26
1445162522 16
1445162522 18
1445162522 30
1445162532 29
1445162532 19
1445162534 26
1445162534 16
1445162534 18
1445162534 30
1445162543 29
1445162543 19
1445162545 12
1445162545 26
1445162545 16
1445162545 18
1445162552 31
1445162552 23
1445162552 1
1445162565 3
1445162565 22
1445162565 20
1445162565 15
1445162565 13
