1445236916 18
1445236916 11
1445236916 15
1445236916 22
1445236916 6
1445236917 4
1445236917 2
1445236917 5
1445236918 7
1445236918 9
1445236918 8
1445236918 28
1445236918 10
1445236918 20
1445236918 19
1445236918 24
1445236918 13
1445236920 21
1445236920 17
1445236920 16
1445236920 28
1445236930 27
1445236930 14
1445236932 21
1445236932 17
1445236932 16
1445236932 28
1445236940 27
1445236940 14
1445236941 21
1445236941 17
1445236941 16
1445236941 28
1445236949 27
1445236949 14
1445236950 21
1445236950 17
1445236950 16
1445236950 28
1445236958 27
1445236958 14
1445236959 21
1445236959 17
1445236959 16
1445236959 28
1445236966 27
1445236966 14
1445236967 21
1445236967 17
1445236967 16
1445236967 28
1445236967 12
1445236974 27
1445236974 14
1445236974 21
1445236974 17
1445236974 16
1445236975 26
1445236975 25
1445236975 1
1445237023 3
1445237023 23
