1445236916 8
1445236916 147
1445236916 16
1445236916 102
1445236916 83
1445236917 8
1445236917 147
1445236917 160
1445236918 82
1445236918 67
1445236918 22
1445236918 102
1445236918 3
1445236918 75
1445236918 25
1445236918 25
1445236918 154
1445236920 102
1445236920 25
1445236920 25
1445236920 102
1445236930 75
1445236930 25
1445236932 102
1445236932 25
1445236932 25
1445236932 102
1445236940 75
1445236940 25
1445236941 102
1445236941 25
1445236941 25
1445236941 102
1445236949 75
1445236949 25
1445236950 102
1445236950 25
1445236950 25
1445236950 102
1445236958 75
1445236958 25
1445236959 102
1445236959 25
1445236959 25
1445236959 102
1445236966 75
1445236966 25
1445236967 102
1445236967 25
1445236967 25
1445236967 102
1445236967 67
1445236974 75
1445236974 25
1445236974 102
1445236974 25
1445236974 25
1445236975 75
1445236975 102
1445236975 160
1445237023 129
1445237023 3
