1445071670 8
1445071670 147
1445071670 16
1445071670 102
1445071670 83
1445071670 8
1445071671 147
1445071673 160
1445071675 82
1445071675 67
1445071677 22
1445071678 102
1445071678 3
1445071678 75
1445071678 25
1445071678 25
1445071678 154
1445071698 102
1445071698 25
1445071698 25
1445071698 102
1445071717 75
1445071717 25
1445071741 102
1445071741 25
1445071741 25
1445071741 102
1445071782 75
1445071783 25
1445071812 102
1445071812 25
1445071812 25
1445071812 102
1445071856 75
1445071856 25
1445071876 102
1445071876 25
1445071876 25
1445071876 102
1445071915 75
1445071915 25
1445071937 102
1445071937 25
1445071937 25
1445071937 102
1445071977 75
1445071977 25
1445071991 102
1445071991 25
1445071991 25
1445071991 102
