1445241011 25
1445241011 12
1445241011 18
1445241011 24
1445241011 6
1445241011 3
1445241012 2
1445241014 4
1445241016 8
1445241016 11
1445241017 7
1445241017 29
1445241017 13
1445241017 21
1445241017 28
1445241017 23
1445241017 14
1445241033 26
1445241033 16
1445241033 19
1445241033 29
1445241058 31
1445241058 17
1445241063 26
1445241063 16
1445241063 19
1445241063 29
1445241090 31
1445241090 17
1445241096 26
1445241096 16
1445241096 19
1445241096 29
1445241118 31
1445241118 17
1445241122 26
1445241122 16
1445241122 19
1445241122 29
1445241145 31
1445241145 17
1445241150 26
1445241150 16
1445241150 19
1445241150 29
1445241174 31
1445241174 17
1445241178 26
1445241178 16
1445241178 19
1445241178 29
1445241205 31
1445241205 17
1445241210 26
1445241210 16
1445241210 19
1445241210 29
1445241235 31
1445241235 17
1445241237 9
1445241237 26
1445241237 16
1445241237 19
1445241255 30
1445241255 22
1445241256 1
1445241339 5
1445241340 27
1445241340 20
1445241340 15
1445241340 10
