1445241011 8
1445241011 147
1445241011 16
1445241011 102
1445241011 83
1445241011 8
1445241012 147
1445241014 160
1445241016 82
1445241016 67
1445241017 22
1445241017 102
1445241017 3
1445241017 75
1445241017 25
1445241017 25
1445241017 154
1445241033 102
1445241033 25
1445241033 25
1445241033 102
1445241058 75
1445241058 25
1445241063 102
1445241063 25
1445241063 25
1445241063 102
1445241090 75
1445241090 25
1445241096 102
1445241096 25
1445241096 25
1445241096 102
1445241118 75
1445241118 25
1445241122 102
1445241122 25
1445241122 25
1445241122 102
1445241145 75
1445241145 25
1445241150 102
1445241150 25
1445241150 25
1445241150 102
1445241174 75
1445241174 25
1445241178 102
1445241178 25
1445241178 25
1445241178 102
1445241205 75
1445241205 25
1445241210 102
1445241210 25
1445241210 25
1445241210 102
1445241235 75
1445241235 25
1445241237 67
1445241237 102
1445241237 25
1445241237 25
1445241255 75
1445241255 102
1445241256 160
1445241339 129
1445241340 3
1445241340 16
1445241340 16
1445241340 111
