1445247571 16
1445247571 10
1445247571 14
1445247571 18
1445247571 4
1445247571 3
1445247572 1
1445247573 2
1445247574 5
1445247575 7
1445247578 6
1445247578 22
1445247578 8
1445247578 15
1445247578 20
1445247578 17
1445247578 9
1445247635 19
1445247635 11
1445247635 13
1445247635 22
1445247669 21
1445247669 12
1445247678 19
1445247678 11
1445247678 13
1445247678 22
1445247720 21
1445247722 12
1445247728 19
1445247728 11
1445247728 13
1445247728 22
1445247771 21
1445247771 12
1445247777 19
1445247777 11
1445247777 13
1445247777 22
1445247821 21
1445247821 12
1445247829 19
1445247829 11
1445247829 13
1445247829 22
1445247877 21
1445247877 12
1445247884 19
1445247884 11
1445247884 13
1445247884 22
