1445247571 8
1445247571 147
1445247571 16
1445247571 102
1445247571 83
1445247571 8
1445247572 147
1445247573 160
1445247574 82
1445247575 67
1445247578 22
1445247578 102
1445247578 3
1445247578 75
1445247578 25
1445247578 25
1445247578 154
1445247635 102
1445247635 25
1445247635 25
1445247635 102
1445247669 75
1445247669 25
1445247678 102
1445247678 25
1445247678 25
1445247678 102
1445247720 75
1445247722 25
1445247728 102
1445247728 25
1445247728 25
1445247728 102
1445247771 75
1445247771 25
1445247777 102
1445247777 25
1445247777 25
1445247777 102
1445247821 75
1445247821 25
1445247829 102
1445247829 25
1445247829 25
1445247829 102
1445247877 75
1445247877 25
1445247884 102
1445247884 25
1445247884 25
1445247884 102
