1445076844 21
1445076844 10
1445076844 12
1445076844 20
1445076844 4
1445076845 3
1445076852 1
1445076853 2
1445076853 5
1445076853 11
1445076854 6
1445076854 22
1445076854 9
1445076854 18
1445076854 19
1445076854 17
1445076854 8
1445076856 16
1445076856 14
1445076856 15
1445076856 22
1445076865 23
1445076865 13
1445076866 16
1445076866 14
1445076866 15
1445076866 22
1445076876 23
1445076876 13
1445076877 16
1445076877 14
1445076877 15
1445076877 22
1445076888 23
1445076888 13
1445076889 16
1445076889 14
1445076889 15
1445076889 22
1445076899 23
1445076899 13
1445076900 16
1445076900 14
1445076900 15
1445076900 22
1445076909 23
1445076909 13
1445076910 16
1445076910 14
1445076910 15
1445076910 22
1445076920 23
1445076920 13
1445076921 16
1445076921 14
1445076921 15
1445076921 22
1445076930 23
1445076930 13
1445076932 7
1445076932 16
1445076932 14
1445076932 15
