1445076844 8
1445076844 147
1445076844 16
1445076844 102
1445076844 83
1445076845 8
1445076852 147
1445076853 160
1445076853 82
1445076853 67
1445076854 22
1445076854 102
1445076854 3
1445076854 75
1445076854 25
1445076854 25
1445076854 154
1445076856 102
1445076856 25
1445076856 25
1445076856 102
1445076865 75
1445076865 25
1445076866 102
1445076866 25
1445076866 25
1445076866 102
1445076876 75
1445076876 25
1445076877 102
1445076877 25
1445076877 25
1445076877 102
1445076888 75
1445076888 25
1445076889 102
1445076889 25
1445076889 25
1445076889 102
1445076899 75
1445076899 25
1445076900 102
1445076900 25
1445076900 25
1445076900 102
1445076909 75
1445076909 25
1445076910 102
1445076910 25
1445076910 25
1445076910 102
1445076920 75
1445076920 25
1445076921 102
1445076921 25
1445076921 25
1445076921 102
1445076930 75
1445076930 25
1445076932 67
1445076932 102
1445076932 25
1445076932 25
