1445091999 53
1445092000 53
1445092000 53
1445092001 53
1445092002 53
1445092002 53
1445092002 18
1445092002 53
1445092002 53
1445092002 53
1445092002 53
1445092002 53
1445092002 53
1445092002 53
1445092002 23
1445092002 23
1445092002 23
1445092002 9
1445092002 53
1445092003 32
1445092003 27
1445092003 28
1445092003 53
1445092003 53
1445092003 53
1445092003 53
1445092003 53
1445092003 53
1445092003 20
1445092003 26
1445092003 12
1445092003 53
1445092003 34
1445092003 39
1445092003 29
1445092003 16
1445092003 30
1445092003 7
1445092003 6
1445092003 33
1445092003 36
1445092003 35
1445092003 52
1445092004 3
1445092004 45
1445092004 53
1445092005 31
1445092005 20
1445092005 53
1445092005 53
1445092005 53
1445092005 34
1445092005 39
1445092005 26
1445092005 53
1445092006 22
1445092006 53
1445092006 53
1445092006 53
1445092006 24
1445092006 53
1445092006 53
1445092006 53
1445092006 11
1445092006 4
1445092006 53
1445092006 4
1445092006 4
1445092006 53
1445092006 2
1445092006 10
1445092006 4
1445092006 53
1445092006 11
1445092006 4
1445092006 53
1445092006 10
1445092006 4
1445092006 53
1445092006 4
1445092006 4
1445092006 53
1445092006 11
1445092006 4
1445092006 53
1445092006 10
1445092006 4
1445092006 53
1445092006 4
1445092006 4
1445092006 53
1445092006 4
1445092006 4
1445092006 53
1445092006 53
1445092006 53
1445092006 53
1445092006 53
1445092006 53
1445092006 53
1445092006 53
1445092006 53
1445092006 53
1445092006 53
1445092006 53
1445092006 53
1445092006 53
1445092006 53
1445092007 53
1445092007 53
1445092007 53
1445092007 53
1445092008 53
1445092008 53
1445092009 53
1445092009 53
1445092010 53
1445092010 53
1445092011 53
1445092011 53
1445092012 53
1445092012 53
1445092013 53
1445092013 53
1445092014 53
1445092014 53
1445092015 53
1445092015 53
1445092016 53
1445092016 53
1445092017 53
1445092017 53
1445092018 53
1445092018 53
1445092020 53
1445092020 53
1445092021 53
1445092021 53
1445092022 53
1445092022 53
1445092023 53
1445092023 53
1445092024 53
1445092024 53
1445092025 53
1445092025 53
1445092026 53
1445092026 53
1445092028 53
1445092028 53
1445092029 53
1445092029 53
1445092030 53
1445092030 53
1445092031 53
1445092031 53
1445092032 53
1445092032 53
1445092033 53
1445092033 53
1445092034 53
1445092034 53
1445092035 53
1445092035 53
1445092036 53
1445092036 53
1445092037 53
1445092037 53
1445092038 53
1445092038 53
1445092039 53
1445092039 53
1445092040 53
1445092040 53
1445092041 53
1445092041 53
1445092042 53
1445092042 53
1445092043 53
1445092043 53
1445092045 53
1445092045 53
1445092046 53
1445092046 53
1445092047 53
1445092047 53
1445092048 53
1445092048 53
1445092049 53
1445092049 53
1445092050 53
1445092050 53
1445092051 53
1445092051 53
1445092052 53
1445092052 53
1445092053 53
1445092053 53
1445092054 53
1445092054 53
1445092055 53
1445092055 53
1445092056 53
1445092056 53
1445092057 53
1445092057 53
1445092059 53
1445092059 53
1445092060 53
1445092060 53
1445092061 53
1445092061 53
1445092062 53
1445092062 53
1445092063 53
1445092063 53
1445092064 53
1445092064 53
1445092065 53
1445092065 53
1445092066 53
1445092066 53
1445092067 53
1445092067 53
1445092068 53
1445092068 53
1445092069 53
1445092069 53
1445092070 53
1445092070 53
1445092071 53
1445092071 53
1445092072 53
1445092072 53
1445092073 53
1445092073 53
1445092074 53
1445092074 53
1445092075 53
1445092075 53
1445092076 53
1445092076 53
1445092077 53
1445092077 53
1445092079 53
1445092079 53
1445092080 53
1445092080 53
1445092081 53
1445092081 53
1445092082 53
1445092082 53
1445092083 53
1445092083 53
1445092084 53
1445092084 53
1445092085 53
1445092085 53
1445092086 53
1445092086 53
1445092087 53
1445092087 53
1445092088 53
1445092088 53
1445092089 53
1445092089 53
1445092090 53
1445092090 53
1445092091 53
1445092091 53
1445092092 53
1445092092 53
1445092093 53
1445092093 53
1445092094 53
1445092094 53
1445092095 53
1445092095 53
1445092096 53
1445092096 53
1445092097 53
1445092097 53
1445092098 53
1445092098 53
1445092099 53
1445092099 53
1445092101 53
1445092101 53
1445092102 53
1445092102 53
1445092103 53
1445092103 53
1445092104 53
1445092104 53
1445092105 53
1445092105 53
1445092106 53
1445092106 53
1445092107 53
1445092107 53
1445092108 53
1445092108 53
1445092109 53
1445092109 53
1445092110 53
1445092110 53
1445092111 53
1445092111 53
1445092112 53
1445092112 53
1445092113 53
1445092113 53
1445092114 53
1445092114 53
1445092115 53
1445092115 53
1445092116 53
1445092116 53
1445092118 53
1445092118 53
1445092119 53
1445092119 53
1445092120 53
1445092120 53
1445092121 53
1445092121 53
1445092122 53
1445092122 53
1445092123 53
1445092123 53
1445092124 53
1445092124 53
1445092125 53
1445092125 53
1445092126 53
1445092126 53
1445092127 53
1445092127 53
1445092128 53
1445092128 53
1445092129 53
1445092129 53
1445092130 53
1445092130 53
1445092131 53
1445092131 53
1445092132 53
1445092132 53
1445092132 53
1445092132 53
1445092132 53
1445092132 53
1445092133 4
1445092133 53
1445092133 53
1445092133 53
1445092133 53
1445092133 53
1445092133 53
1445092133 4
1445092133 53
1445092133 53
1445092133 53
1445092133 53
1445092133 53
1445092133 8
1445092133 8
1445092134 53
1445092134 53
1445092134 53
1445092134 53
1445092134 53
1445092134 53
1445092134 53
1445092134 53
1445092134 53
1445092134 53
1445092134 53
1445092134 53
1445092134 53
1445092135 53
1445092135 53
1445092136 53
1445092136 53
1445092136 53
1445092136 53
1445092136 53
1445092136 4
1445092136 53
1445092136 53
1445092136 53
1445092136 8
1445092136 53
1445092136 53
1445092136 53
1445092136 53
1445092136 53
1445092137 53
1445092137 53
1445092137 53
1445092138 15
1445092138 13
1445092138 14
1445092138 15
1445092138 13
1445092138 14
1445092138 53
1445092138 53
1445092139 53
1445092139 53
1445092140 15
1445092140 13
1445092140 14
1445092140 53
1445092140 53
1445092141 53
1445092141 53
1445092142 53
1445092142 53
1445092143 53
1445092143 53
1445092144 53
1445092144 53
1445092145 19
1445092145 19
1445092145 53
1445092145 53
1445092146 53
1445092146 53
1445092147 19
1445092147 53
1445092147 53
1445092148 19
1445092148 19
1445092149 53
1445092149 53
1445092150 53
1445092150 53
1445092150 19
1445092151 53
1445092151 53
1445092151 19
1445092151 19
1445092152 53
1445092152 53
1445092153 53
1445092153 53
1445092153 19
1445092154 53
1445092154 53
1445092154 19
1445092154 19
1445092155 53
1445092155 53
1445092156 53
1445092156 53
1445092156 19
1445092157 19
1445092157 53
1445092157 53
1445092157 19
1445092158 53
1445092158 53
1445092159 53
1445092159 53
1445092159 19
1445092160 19
1445092160 53
1445092160 53
1445092161 19
1445092161 53
1445092161 53
1445092162 53
1445092162 53
1445092162 19
1445092163 19
1445092163 53
1445092163 53
1445092164 19
1445092164 53
1445092164 53
1445092165 53
1445092165 53
1445092165 19
1445092166 19
1445092166 53
1445092166 53
1445092167 19
1445092167 53
1445092167 53
1445092168 53
1445092168 53
1445092168 19
1445092169 19
1445092169 53
1445092169 53
1445092170 19
1445092170 53
1445092170 53
1445092171 19
1445092172 53
1445092172 53
1445092172 19
1445092173 53
1445092173 53
1445092173 19
1445092174 53
1445092174 53
1445092174 19
1445092175 53
1445092175 53
1445092175 19
1445092176 19
1445092176 53
1445092176 53
1445092177 53
1445092177 53
1445092177 19
1445092178 53
1445092178 53
1445092178 19
1445092179 19
1445092179 53
1445092179 53
1445092180 53
1445092180 53
1445092181 19
1445092181 53
1445092181 53
1445092181 19
1445092182 19
1445092182 53
1445092182 53
1445092183 53
1445092183 53
1445092184 19
1445092184 53
1445092184 53
1445092184 19
1445092185 19
1445092185 53
1445092185 53
1445092186 53
1445092186 53
1445092187 19
1445092187 19
1445092187 53
1445092187 53
1445092188 19
1445092188 53
1445092188 53
1445092189 53
1445092189 53
1445092190 19
1445092190 19
1445092190 53
1445092190 53
1445092191 19
1445092191 53
1445092191 53
1445092191 53
1445092191 53
1445092191 53
1445092191 4
1445092191 53
1445092192 53
1445092192 53
1445092192 8
1445092192 53
1445092192 53
1445092192 53
1445092192 53
1445092192 53
1445092193 53
1445092193 53
1445092193 53
1445092193 53
1445092193 53
1445092193 53
1445092193 4
1445092193 53
1445092193 19
1445092193 53
1445092193 53
1445092193 8
1445092193 53
1445092193 53
1445092193 53
1445092193 53
1445092193 53
1445092193 19
1445092194 53
1445092194 53
1445092194 53
1445092194 53
1445092194 53
1445092194 53
1445092194 4
1445092194 53
1445092194 53
1445092194 53
1445092194 8
1445092194 19
1445092194 53
1445092194 53
1445092194 53
1445092194 53
1445092194 53
1445092195 53
1445092195 53
1445092195 53
1445092195 53
1445092195 53
1445092195 53
1445092195 4
1445092195 53
1445092195 53
1445092195 53
1445092195 8
1445092195 53
1445092195 53
1445092195 53
1445092195 53
1445092195 53
1445092195 15
1445092195 13
1445092195 14
1445092196 19
1445092196 53
1445092196 53
1445092196 53
1445092196 15
1445092196 13
1445092196 14
1445092196 19
1445092197 53
1445092197 53
1445092197 53
1445092197 53
1445092197 53
1445092197 4
1445092197 53
1445092197 53
1445092197 53
1445092197 8
1445092197 53
1445092197 53
1445092197 53
1445092197 53
1445092197 53
1445092197 19
1445092197 19
1445092198 19
1445092198 53
1445092198 53
1445092198 53
1445092198 15
1445092198 13
1445092198 14
1445092199 19
1445092199 53
1445092199 53
1445092199 19
1445092199 19
1445092200 15
1445092200 13
1445092200 14
1445092200 53
1445092200 53
1445092200 19
1445092201 53
1445092201 53
1445092201 53
1445092201 53
1445092201 53
1445092201 4
1445092201 53
1445092201 53
1445092201 53
1445092201 8
1445092201 53
1445092201 53
1445092201 53
1445092201 53
1445092201 53
1445092201 15
1445092201 13
1445092201 14
1445092202 19
1445092202 53
1445092202 53
1445092202 53
1445092203 19
1445092203 19
1445092203 53
1445092203 53
1445092204 53
1445092204 53
1445092205 19
1445092205 19
1445092205 15
1445092205 13
1445092205 14
1445092205 19
1445092205 19
1445092205 53
1445092205 53
1445092206 19
1445092206 19
1445092206 53
1445092206 53
1445092208 53
1445092208 53
1445092208 19
1445092208 19
1445092208 19
1445092208 19
1445092208 19
1445092209 53
1445092209 53
1445092209 19
1445092209 19
1445092210 53
1445092210 53
1445092210 19
1445092211 53
1445092211 53
1445092211 19
1445092211 19
1445092211 19
1445092211 19
1445092211 19
1445092212 19
1445092212 53
1445092212 53
1445092212 19
1445092212 19
1445092213 53
1445092213 53
1445092213 19
1445092214 53
1445092214 53
1445092214 53
1445092214 53
1445092214 53
1445092214 4
1445092214 53
1445092214 19
1445092214 19
1445092214 53
1445092214 53
1445092214 8
1445092214 53
1445092214 53
1445092214 53
1445092214 53
1445092214 53
1445092214 19
1445092214 19
1445092215 19
1445092215 19
1445092215 53
1445092215 19
1445092215 19
1445092216 19
1445092217 19
1445092217 19
1445092217 19
1445092217 19
1445092218 19
1445092218 19
1445092218 19
1445092218 19
1445092219 19
1445092220 19
1445092220 19
1445092220 19
1445092221 19
1445092221 19
1445092221 19
1445092221 19
1445092221 19
1445092222 15
1445092222 13
1445092222 14
1445092222 19
1445092223 19
1445092223 19
1445092224 19
1445092224 19
1445092225 19
1445092225 19
1445092226 19
1445092226 19
1445092226 19
1445092227 19
1445092227 19
1445092227 19
1445092227 19
1445092228 19
1445092228 19
1445092229 19
1445092229 19
1445092229 19
1445092230 19
1445092230 19
1445092231 19
1445092231 19
1445092232 19
1445092232 19
1445092232 19
1445092233 19
1445092233 19
1445092234 19
1445092234 19
1445092235 19
1445092235 19
1445092236 19
1445092236 19
1445092236 19
1445092237 19
1445092237 19
1445092238 19
1445092239 19
1445092239 19
1445092239 19
1445092240 19
1445092240 19
1445092241 19
1445092241 19
1445092241 19
1445092242 19
1445092242 19
1445092242 19
1445092242 19
1445092243 19
1445092243 19
1445092243 19
1445092244 19
1445092244 19
1445092244 19
1445092245 19
1445092245 19
1445092245 19
1445092245 19
1445092246 19
1445092246 19
1445092246 19
1445092247 19
1445092248 19
1445092248 19
1445092248 19
1445092248 19
1445092249 19
1445092249 19
1445092249 19
1445092250 19
1445092250 19
1445092250 19
1445092251 19
1445092251 19
1445092251 19
1445092251 19
1445092251 19
1445092251 19
1445092252 19
1445092252 19
1445092253 19
1445092253 19
1445092253 19
1445092254 19
1445092254 19
1445092254 19
1445092254 19
1445092254 19
1445092254 19
1445092255 19
1445092255 19
1445092256 19
1445092256 19
1445092256 19
1445092257 19
1445092257 19
1445092257 19
1445092257 19
1445092257 19
1445092258 19
1445092258 19
1445092259 19
1445092259 19
1445092260 19
1445092260 19
1445092260 19
1445092260 19
1445092260 19
1445092261 19
1445092261 19
1445092262 19
1445092263 19
1445092263 19
1445092263 19
1445092264 19
1445092264 19
1445092265 19
1445092266 19
1445092266 19
1445092266 19
1445092267 19
1445092267 19
1445092268 19
1445092269 19
1445092269 19
1445092269 19
1445092270 19
1445092271 19
1445092271 19
1445092272 19
1445092272 19
1445092272 19
1445092273 19
1445092274 19
1445092274 19
1445092275 19
1445092275 19
1445092275 19
1445092276 19
1445092277 19
1445092277 19
1445092278 19
1445092278 19
1445092278 19
1445092278 19
1445092278 19
1445092278 19
1445092279 19
1445092279 19
1445092280 19
1445092280 21
1445092280 19
1445092280 53
1445092280 53
1445092280 53
1445092280 8
1445092280 53
1445092280 53
1445092280 53
1445092280 53
1445092280 53
1445092280 53
1445092280 53
1445092280 53
1445092280 19
1445092281 19
1445092281 53
1445092281 53
1445092281 53
1445092281 4
1445092281 4
1445092281 53
1445092281 19
1445092281 19
1445092281 53
1445092281 53
1445092281 53
1445092281 53
1445092281 53
1445092281 49
1445092281 51
1445092281 -1
1445092281 19
1445092282 19
1445092282 19
1445092282 21
1445092282 53
1445092282 53
1445092282 53
1445092282 8
1445092282 19
1445092282 19
1445092282 21
1445092282 53
1445092282 53
1445092282 53
1445092282 8
1445092282 53
1445092282 53
1445092282 53
1445092282 53
1445092282 53
1445092282 19
1445092282 19
1445092282 53
1445092282 53
1445092282 53
1445092282 53
1445092282 21
1445092282 53
1445092282 53
1445092282 53
1445092282 8
1445092283 53
1445092283 53
1445092283 53
1445092283 53
1445092283 19
1445092283 19
1445092283 53
1445092283 53
1445092283 53
1445092283 53
1445092283 53
1445092283 53
1445092283 53
1445092283 53
1445092283 53
1445092283 49
1445092283 51
1445092283 -1
1445092283 53
1445092283 49
1445092283 51
1445092283 -1
1445092283 4
1445092283 53
1445092283 4
1445092283 53
1445092283 53
1445092283 53
1445092283 53
1445092283 53
1445092283 8
1445092283 8
1445092284 53
1445092284 53
1445092284 53
1445092284 53
1445092284 53
1445092284 53
1445092284 53
1445092284 53
1445092284 53
1445092284 19
1445092284 19
1445092284 19
1445092284 21
1445092284 53
1445092284 53
1445092284 53
1445092284 8
1445092284 53
1445092284 53
1445092284 53
1445092284 53
1445092284 49
1445092284 51
1445092284 -1
1445092285 19
1445092285 53
1445092285 53
1445092285 53
1445092285 53
1445092285 19
1445092285 53
1445092286 15
1445092286 13
1445092286 14
1445092286 19
1445092287 53
1445092287 53
1445092287 53
1445092287 49
1445092287 51
1445092287 -1
1445092287 19
1445092287 15
1445092287 13
1445092287 14
1445092287 19
1445092288 19
1445092288 19
1445092289 19
1445092290 19
1445092290 19
1445092290 21
1445092290 53
1445092290 53
1445092290 53
1445092290 8
1445092290 19
1445092290 17
1445092291 53
1445092291 53
1445092291 53
1445092291 53
1445092291 19
1445092291 53
1445092292 17
1445092292 53
1445092292 53
1445092292 53
1445092292 49
1445092292 51
1445092292 -1
1445092293 17
1445092293 19
1445092293 19
1445092293 19
1445092294 17
1445092295 17
1445092296 17
1445092296 19
1445092296 19
1445092297 19
1445092297 17
1445092298 19
1445092298 17
1445092299 17
1445092299 19
1445092299 19
1445092300 19
1445092300 17
1445092301 17
1445092302 17
1445092302 19
1445092303 19
1445092303 19
1445092303 17
1445092304 17
1445092306 19
1445092306 17
1445092306 19
1445092306 19
1445092306 19
1445092306 21
1445092306 53
1445092306 53
1445092306 53
1445092306 8
1445092306 53
1445092306 53
1445092306 53
1445092306 53
1445092307 17
1445092307 53
1445092308 17
1445092309 19
1445092309 19
1445092309 17
1445092309 53
1445092309 53
1445092309 19
1445092309 53
1445092309 49
1445092309 51
1445092309 -1
1445092310 17
1445092311 17
1445092312 19
1445092312 19
1445092312 19
1445092312 17
1445092313 17
1445092314 17
1445092315 19
1445092315 19
1445092315 19
1445092315 17
1445092316 17
1445092317 17
1445092318 19
1445092318 19
1445092318 19
1445092319 17
1445092319 19
1445092319 21
1445092319 53
1445092319 53
1445092319 53
1445092319 8
1445092319 53
1445092319 53
1445092319 53
1445092319 53
1445092320 53
1445092320 17
1445092321 17
1445092321 53
1445092321 53
1445092321 53
1445092321 49
1445092321 51
1445092321 -1
1445092321 19
1445092321 19
1445092321 19
1445092322 17
1445092323 17
1445092324 17
1445092324 19
1445092324 19
1445092324 19
1445092325 17
1445092326 17
1445092327 17
1445092327 19
1445092327 19
1445092327 19
1445092328 17
1445092329 17
1445092330 19
1445092330 19
1445092330 17
1445092330 19
1445092330 19
1445092331 17
1445092333 17
1445092333 19
1445092334 19
1445092334 19
1445092334 17
1445092335 19
1445092335 21
1445092335 53
1445092335 53
1445092335 53
1445092335 8
1445092335 17
1445092335 53
1445092335 53
1445092335 53
1445092335 53
1445092335 53
1445092335 53
1445092335 53
1445092335 53
1445092335 8
1445092335 53
1445092335 53
1445092335 1
1445092335 25
1445092335 47
1445092335 44
1445092335 48
1445092335 46
1445092335 50
1445092335 43
1445092335 42
1445092335 41
1445092335 40
1445092335 38
1445092335 37
1445092335 5
1445092335 53
1445092336 53
1445092336 17
1445092336 19
1445092337 17
1445092337 53
1445092337 53
1445092337 53
1445092337 53
1445092337 49
1445092337 51
1445092337 -1
1445092337 53
1445092337 49
1445092337 51
1445092337 -1
1445092338 17
1445092339 17
1445092340 19
1445092340 17
1445092341 17
1445092342 17
1445092343 19
1445092343 17
1445092344 17
1445092345 17
1445092346 19
1445092346 17
1445092348 17
1445092349 17
1445092349 19
1445092350 17
1445092351 17
1445092352 17
1445092352 19
1445092353 17
1445092354 17
1445092355 17
1445092355 19
1445092356 17
1445092357 17
1445092358 19
1445092358 17
1445092359 17
1445092360 17
1445092361 19
1445092361 17
1445092362 17
1445092363 17
1445092364 19
1445092364 17
1445092365 17
1445092367 17
1445092367 19
1445092368 17
1445092369 17
1445092369 15
1445092369 19
1445092369 21
1445092369 53
1445092369 53
1445092369 53
1445092369 8
1445092369 53
1445092369 53
1445092369 53
1445092369 53
1445092370 53
1445092370 17
1445092370 19
1445092371 53
1445092371 17
1445092371 53
1445092371 53
1445092371 49
1445092371 51
1445092371 -1
1445092372 17
1445092373 17
1445092373 19
1445092374 17
1445092375 17
1445092376 17
1445092376 19
1445092377 17
1445092378 17
1445092379 19
1445092379 19
1445092380 19
1445092383 19
1445092386 19
1445092389 19
1445092392 19
1445092395 19
1445092398 19
1445092401 19
1445092404 19
1445092407 19
1445092410 19
