1445092010 17
1445092010 8
1445092010 11
1445092010 18
1445092010 4
1445092010 3
1445092011 1
1445092013 2
1445092015 6
1445092016 10
1445092020 5
1445092021 22
1445092021 7
1445092021 16
1445092021 20
1445092021 19
1445092021 9
1445092028 15
1445092028 12
1445092028 14
1445092028 22
1445092060 21
1445092060 13
1445092065 15
1445092065 12
1445092065 14
1445092065 22
1445092094 21
1445092094 13
1445092098 15
1445092098 12
1445092098 14
1445092098 22
1445092127 21
1445092127 13
1445092132 15
1445092132 12
1445092132 14
1445092132 22
