1445092010 8
1445092010 147
1445092010 16
1445092010 102
1445092010 83
1445092010 8
1445092011 147
1445092013 160
1445092015 82
1445092016 67
1445092020 22
1445092021 102
1445092021 3
1445092021 75
1445092021 25
1445092021 25
1445092021 154
1445092028 102
1445092028 25
1445092028 25
1445092028 102
1445092060 75
1445092060 25
1445092065 102
1445092065 25
1445092065 25
1445092065 102
1445092094 75
1445092094 25
1445092098 102
1445092098 25
1445092098 25
1445092098 102
1445092127 75
1445092127 25
1445092132 102
1445092132 25
1445092132 25
1445092132 102
