1445162651 25
1445162651 13
1445162651 19
1445162651 23
1445162651 8
1445162651 6
1445162652 4
1445162652 7
1445162653 11
1445162653 15
1445162654 10
1445162654 35
1445162654 12
1445162654 26
1445162654 21
1445162654 27
1445162654 14
1445162658 22
1445162658 18
1445162658 17
1445162658 35
1445162672 33
1445162672 20
1445162674 22
1445162674 18
1445162674 17
1445162674 35
1445162684 33
1445162684 20
1445162685 16
1445162685 22
1445162685 18
1445162685 17
1445162694 29
1445162694 24
1445162694 3
1445162704 5
1445162727 1
1445162727 40
1445162727 37
1445162727 37
1445162727 36
1445162727 38
1445162727 28
1445162727 50
1445162727 9
1445162727 42
1445162727 45
1445162727 44
1445162727 46
1445162727 43
1445162727 34
1445162727 41
1445162727 39
1445162727 39
1445162727 51
1445162727 51
1445162727 31
1445162727 49
1445162727 47
1445162727 48
1445162727 30
1445162727 32
1445162727 -1
1445162747 2
1445162767 2
1445162787 2
1445162807 2
1445162827 2
1445162847 2
1445162867 2
1445162887 2
1445162907 2
1445162927 2
1445162947 2
1445162967 2
1445162987 2
1445163007 2
1445163027 2
1445163047 2
1445163067 2
1445163087 2
1445163107 2
1445163127 2
1445163147 2
1445163167 2
1445163187 2
1445163207 2
1445163227 2
1445163247 2
1445163267 2
1445163287 2
1445163307 2
1445163327 2
1445163347 2
1445163367 2
1445163387 2
1445163407 2
