1445175336 8
1445175336 147
1445175336 16
1445175336 102
1445175336 83
1445175336 8
1445175337 147
1445175337 160
1445175338 82
1445175338 67
1445175339 22
1445175339 102
1445175339 3
1445175339 75
1445175339 25
1445175339 25
1445175339 154
1445175342 102
1445175342 25
1445175342 25
1445175342 102
1445175353 75
1445175353 25
1445175355 102
1445175355 25
1445175355 25
1445175355 102
1445175364 75
1445175364 25
1445175366 102
1445175366 25
1445175366 25
1445175366 102
1445175374 75
1445175374 25
1445175376 102
1445175376 25
1445175376 25
1445175376 102
1445175385 75
1445175385 25
1445175387 102
1445175387 25
1445175387 25
1445175387 102
1445175396 75
1445175396 25
1445175397 102
1445175397 25
1445175397 25
1445175397 102
1445175397 67
1445175406 75
1445175406 25
1445175406 102
1445175406 25
1445175406 25
1445175407 75
1445175430 102
1445175430 160
1445175466 129
1445175466 3
1445175466 16
1445175466 16
1445175466 111
