1445241455 21
1445241455 11
1445241455 20
1445241455 23
1445241455 6
1445241455 3
1445241456 2
1445241456 4
1445241457 7
1445241457 9
1445241457 8
1445241458 31
1445241458 10
1445241458 25
1445241458 24
1445241458 28
1445241458 14
1445241461 22
1445241461 16
1445241461 18
1445241461 31
1445241473 29
1445241486 15
1445241488 22
1445241488 16
1445241488 18
1445241488 31
1445241501 29
1445241501 15
1445241504 22
1445241504 16
1445241504 18
1445241504 31
1445241513 29
1445241513 15
1445241515 22
1445241515 16
1445241515 18
1445241515 31
1445241524 29
1445241524 15
1445241526 22
1445241526 16
1445241526 18
1445241526 31
1445241535 29
1445241535 15
1445241536 22
1445241536 16
1445241536 18
1445241536 31
1445241545 29
1445241545 15
1445241546 22
1445241546 16
1445241546 18
1445241546 31
1445241555 29
1445241555 15
1445241557 13
1445241557 22
1445241557 16
1445241557 18
1445241564 30
1445241564 27
1445241564 1
1445241589 5
1445241589 26
1445241589 17
1445241589 19
1445241589 12
