1445241455 8
1445241455 147
1445241455 16
1445241455 102
1445241455 83
1445241455 8
1445241456 147
1445241456 160
1445241457 82
1445241457 67
1445241457 22
1445241458 102
1445241458 3
1445241458 75
1445241458 25
1445241458 25
1445241458 154
1445241461 102
1445241461 25
1445241461 25
1445241461 102
1445241473 75
1445241486 25
1445241488 102
1445241488 25
1445241488 25
1445241488 102
1445241501 75
1445241501 25
1445241504 102
1445241504 25
1445241504 25
1445241504 102
1445241513 75
1445241513 25
1445241515 102
1445241515 25
1445241515 25
1445241515 102
1445241524 75
1445241524 25
1445241526 102
1445241526 25
1445241526 25
1445241526 102
1445241535 75
1445241535 25
1445241536 102
1445241536 25
1445241536 25
1445241536 102
1445241545 75
1445241545 25
1445241546 102
1445241546 25
1445241546 25
1445241546 102
1445241555 75
1445241555 25
1445241557 67
1445241557 102
1445241557 25
1445241557 25
1445241564 75
1445241564 102
1445241564 160
1445241589 129
1445241589 3
1445241589 16
1445241589 16
1445241589 111
