1445092200 27
1445092201 13
1445092201 15
1445092201 23
1445092201 6
1445092201 4
1445092202 2
1445092203 3
1445092204 7
1445092204 14
1445092204 8
1445092204 31
1445092204 9
1445092204 28
1445092204 21
1445092204 26
1445092204 10
1445092206 22
1445092206 20
1445092206 17
1445092206 31
1445092214 29
1445092214 19
1445092215 22
1445092215 20
1445092215 17
1445092215 31
1445092223 29
1445092223 19
1445092224 22
1445092224 20
1445092224 17
1445092224 31
1445092232 29
1445092232 19
1445092233 22
1445092233 20
1445092233 17
1445092233 31
1445092241 29
1445092241 19
1445092242 22
1445092242 20
1445092242 17
1445092242 31
1445092250 29
1445092250 19
1445092250 22
1445092250 20
1445092250 17
1445092250 31
1445092251 12
1445092258 29
1445092258 19
1445092258 22
1445092258 20
1445092258 17
1445092259 30
1445092259 24
1445092259 1
1445092284 5
1445092284 25
1445092284 16
1445092284 18
1445092284 11
