1445092200 8
1445092201 147
1445092201 16
1445092201 102
1445092201 83
1445092201 8
1445092202 147
1445092203 160
1445092204 82
1445092204 67
1445092204 22
1445092204 102
1445092204 3
1445092204 75
1445092204 25
1445092204 25
1445092204 154
1445092206 102
1445092206 25
1445092206 25
1445092206 102
1445092214 75
1445092214 25
1445092215 102
1445092215 25
1445092215 25
1445092215 102
1445092223 75
1445092223 25
1445092224 102
1445092224 25
1445092224 25
1445092224 102
1445092232 75
1445092232 25
1445092233 102
1445092233 25
1445092233 25
1445092233 102
1445092241 75
1445092241 25
1445092242 102
1445092242 25
1445092242 25
1445092242 102
1445092250 75
1445092250 25
1445092250 102
1445092250 25
1445092250 25
1445092250 102
1445092251 67
1445092258 75
1445092258 25
1445092258 102
1445092258 25
1445092258 25
1445092259 75
1445092259 102
1445092259 160
1445092284 129
1445092284 3
1445092284 16
1445092284 16
1445092284 111
