1445236907 27
1445236907 27
1445236907 27
1445236907 27
1445236909 27
1445236909 27
1445236909 27
1445236909 27
1445236909 27
1445236909 27
1445236909 27
1445236909 27
1445236909 27
1445236909 27
1445236909 27
1445236909 27
1445236909 27
1445236909 27
1445236909 27
1445236909 27
1445236909 27
1445236909 27
1445236909 27
1445236910 27
1445236910 27
1445236910 27
1445236910 27
1445236910 27
1445236910 27
1445236910 27
1445236910 27
1445236910 27
1445236910 27
1445236910 27
1445236910 6
1445236910 27
1445236910 27
1445236910 27
1445236910 27
1445236910 27
1445236910 27
1445236910 27
1445236910 25
1445236910 1
1445236910 22
1445236910 27
1445236911 27
1445236911 27
1445236911 27
1445236911 27
1445236911 27
1445236911 27
1445236911 27
1445236911 27
1445236911 27
1445236911 27
1445236911 27
1445236911 27
1445236911 27
1445236911 27
1445236911 27
1445236911 27
1445236911 27
1445236911 27
1445236911 27
1445236911 27
1445236911 27
1445236911 27
1445236911 27
1445236911 27
1445236911 27
1445236911 27
1445236911 27
1445236911 27
1445236911 27
1445236911 27
1445236911 27
1445236911 27
1445236911 27
1445236911 27
1445236911 27
1445236911 27
1445236911 27
1445236911 27
1445236911 27
1445236911 27
1445236911 27
1445236911 27
1445236911 27
1445236911 27
1445236911 27
1445236911 27
1445236911 27
1445236911 27
1445236911 27
1445236911 27
1445236911 27
1445236911 27
1445236911 27
1445236911 27
1445236911 27
1445236911 27
1445236911 27
1445236911 27
1445236911 27
1445236911 27
1445236911 27
1445236911 27
1445236912 27
1445236912 27
1445236912 27
1445236912 27
1445236913 27
1445236913 27
1445236913 27
1445236913 27
1445236913 27
1445236913 27
1445236913 27
1445236913 27
1445236913 27
1445236913 27
1445236913 27
1445236913 27
1445236913 27
1445236913 27
1445236913 27
1445236913 27
1445236913 27
1445236913 27
1445236913 27
1445236913 27
1445236913 27
1445236913 27
1445236913 27
1445236913 27
1445236913 27
1445236913 27
1445236913 27
1445236913 27
1445236913 27
1445236913 27
1445236913 27
1445236913 27
1445236913 27
1445236913 27
1445236913 27
1445236913 27
1445236913 27
1445236913 27
1445236913 27
1445236913 27
1445236913 27
1445236913 27
1445236913 27
1445236913 27
1445236913 27
1445236913 27
1445236913 27
1445236913 27
1445236913 27
1445236913 27
1445236913 27
1445236913 27
1445236913 27
1445236913 27
1445236913 27
1445236913 27
1445236913 27
1445236913 27
1445236913 27
1445236913 27
1445236913 27
1445236913 27
1445236913 27
1445236913 27
1445236913 27
1445236913 27
1445236913 27
1445236913 27
1445236913 27
1445236913 27
1445236913 27
1445236913 27
1445236913 27
1445236913 27
1445236913 27
1445236913 27
1445236913 27
1445236913 27
1445236913 27
1445236913 27
1445236913 27
1445236913 27
1445236913 27
1445236913 27
1445236913 27
1445236913 27
1445236913 27
1445236913 27
1445236913 27
1445236913 27
1445236913 27
1445236913 27
1445236913 27
1445236913 27
1445236913 27
1445236913 27
1445236913 27
1445236914 27
1445236914 27
1445236914 27
1445236915 27
1445236915 27
1445236916 27
1445236916 27
1445236916 27
1445236916 27
1445236916 27
1445236916 27
1445236916 27
1445236916 27
1445236916 27
1445236916 27
1445236916 27
1445236916 27
1445236916 27
1445236916 27
1445236916 27
1445236917 27
1445236917 27
1445236917 27
1445236917 27
1445236917 27
1445236917 27
1445236917 27
1445236917 27
1445236917 27
1445236917 27
1445236917 27
1445236917 27
1445236917 27
1445236917 27
1445236917 27
1445236917 27
1445236917 27
1445236917 27
1445236917 27
1445236917 27
1445236917 27
1445236917 27
1445236917 27
1445236917 27
1445236917 27
1445236917 27
1445236917 27
1445236918 27
1445236918 27
1445236919 27
1445236919 27
1445236919 27
1445236919 27
1445236919 27
1445236919 27
1445236919 27
1445236919 27
1445236919 27
1445236919 27
1445236919 27
1445236919 27
1445236919 27
1445236919 27
1445236919 27
1445236919 27
1445236920 27
1445236920 27
1445236920 27
1445236920 27
1445236923 27
1445236923 27
1445236923 27
1445236923 27
1445236923 27
1445236924 27
1445236924 27
1445236924 27
1445236924 27
1445236924 27
1445236924 27
1445236924 27
1445236924 27
1445236927 27
1445236927 27
1445236927 27
1445236927 27
1445236927 27
1445236927 27
1445236927 27
1445236927 27
1445236927 27
1445236930 27
1445236930 27
1445236930 27
1445236930 27
1445236930 27
1445236930 27
1445236930 27
1445236930 27
1445236930 27
1445236932 27
1445236933 27
1445236933 27
1445236933 27
1445236933 27
1445236933 27
1445236933 27
1445236933 27
1445236933 27
1445236933 27
1445236935 27
1445236936 27
1445236936 27
1445236936 27
1445236936 27
1445236936 27
1445236936 27
1445236936 27
1445236936 27
1445236936 27
1445236938 27
1445236939 27
1445236939 27
1445236939 27
1445236939 27
1445236939 27
1445236939 27
1445236939 27
1445236939 27
1445236939 27
1445236941 27
1445236942 27
1445236942 27
1445236942 27
1445236942 27
1445236942 27
1445236942 27
1445236942 27
1445236942 27
1445236942 27
1445236944 27
1445236945 27
1445236945 27
1445236945 27
1445236945 27
1445236945 27
1445236945 27
1445236945 27
1445236945 27
1445236945 27
1445236947 27
1445236948 27
1445236948 27
1445236948 27
1445236948 27
1445236948 27
1445236948 27
1445236948 27
1445236948 27
1445236948 27
1445236950 27
1445236951 27
1445236951 27
1445236951 27
1445236951 27
1445236951 27
1445236951 27
1445236951 27
1445236951 27
1445236951 27
1445236953 27
1445236954 27
1445236954 27
1445236954 27
1445236954 27
1445236954 27
1445236954 27
1445236954 27
1445236954 27
1445236954 27
1445236956 27
1445236957 27
1445236957 27
1445236957 27
1445236957 27
1445236957 27
1445236957 27
1445236957 27
1445236957 27
1445236957 27
1445236959 27
1445236960 27
1445236960 27
1445236960 27
1445236960 27
1445236960 27
1445236960 27
1445236960 27
1445236960 27
1445236960 27
1445236962 27
1445236963 27
1445236963 27
1445236963 27
1445236963 27
1445236963 27
1445236963 27
1445236963 27
1445236963 27
1445236963 27
1445236965 27
1445236966 27
1445236966 27
1445236966 27
1445236966 27
1445236966 27
1445236966 27
1445236966 27
1445236966 27
1445236966 27
1445236966 27
1445236966 27
1445236967 27
1445236968 27
1445236968 27
1445236969 27
1445236969 27
1445236969 27
1445236969 27
1445236969 27
1445236969 27
1445236969 27
1445236969 27
1445236970 27
1445236971 27
1445236972 27
1445236972 27
1445236972 27
1445236972 27
1445236972 27
1445236972 27
1445236972 27
1445236972 27
1445236973 27
1445236974 27
1445236974 27
1445236975 27
1445236975 27
1445236975 27
1445236975 27
1445236975 27
1445236975 27
1445236975 27
1445236975 27
1445236975 27
1445236975 27
1445236976 27
1445236977 27
1445236978 27
1445236978 27
1445236978 27
1445236978 27
1445236978 27
1445236978 27
1445236978 27
1445236978 27
1445236978 27
1445236979 27
1445236980 27
1445236981 27
1445236981 27
1445236981 27
1445236981 27
1445236981 27
1445236981 27
1445236981 27
1445236981 27
1445236981 27
1445236981 27
1445236981 27
1445236982 27
1445236982 27
1445236982 27
1445236984 27
1445236984 27
1445236984 27
1445236984 27
1445236984 27
1445236984 27
1445236984 27
1445236984 27
1445236984 27
1445236985 27
1445236987 27
1445236987 27
1445236987 27
1445236987 27
1445236987 27
1445236987 27
1445236987 27
1445236987 27
1445236988 27
1445236988 27
1445236990 27
1445236990 27
1445236990 27
1445236990 27
1445236990 27
1445236990 27
1445236990 27
1445236990 27
1445236991 27
1445236991 27
1445236993 27
1445236993 27
1445236993 27
1445236993 27
1445236993 27
1445236993 27
1445236993 27
1445236993 27
1445236993 27
1445236994 27
1445236994 27
1445236996 27
1445236996 27
1445236996 27
1445236996 27
1445236996 27
1445236996 27
1445236996 27
1445236996 27
1445236997 27
1445236997 27
1445236999 27
1445236999 27
1445236999 27
1445236999 27
1445236999 27
1445236999 27
1445236999 27
1445236999 27
1445237000 27
1445237000 27
1445237002 27
1445237002 27
1445237002 27
1445237002 27
1445237002 27
1445237002 27
1445237002 27
1445237002 27
1445237003 27
1445237003 27
1445237005 27
1445237005 27
1445237005 27
1445237005 27
1445237005 27
1445237005 27
1445237005 27
1445237005 27
1445237005 27
1445237005 27
1445237005 27
1445237005 27
1445237005 27
1445237005 27
1445237005 27
1445237005 27
1445237005 27
1445237006 27
1445237006 27
1445237006 27
1445237006 27
1445237006 27
1445237006 27
1445237006 27
1445237007 27
1445237007 27
1445237007 27
1445237007 27
1445237007 21
1445237007 16
1445237007 -1
1445237008 27
1445237008 27
1445237008 27
1445237008 27
1445237008 27
1445237008 27
1445237008 27
1445237008 27
1445237008 27
1445237008 27
1445237008 27
1445237008 27
1445237008 27
1445237008 27
1445237008 27
1445237008 27
1445237008 27
1445237008 27
1445237008 27
1445237008 27
1445237008 27
1445237009 27
1445237009 27
1445237009 27
1445237011 27
1445237011 27
1445237011 27
1445237011 27
1445237011 27
1445237011 27
1445237011 27
1445237011 27
1445237011 27
1445237011 27
1445237011 27
1445237011 27
1445237011 27
1445237011 27
1445237011 27
1445237011 27
1445237011 27
1445237011 27
1445237011 27
1445237012 27
1445237012 27
1445237012 27
1445237012 27
1445237013 27
1445237013 27
1445237013 27
1445237013 21
1445237013 16
1445237013 -1
1445237013 27
1445237014 27
1445237014 27
1445237014 27
1445237014 27
1445237014 27
1445237014 27
1445237014 27
1445237014 27
1445237014 27
1445237014 27
1445237014 27
1445237014 27
1445237014 27
1445237014 27
1445237014 27
1445237014 27
1445237014 27
1445237015 27
1445237015 27
1445237015 27
1445237015 27
1445237015 27
1445237015 21
1445237015 16
1445237015 -1
1445237015 27
1445237016 27
1445237017 27
1445237017 27
1445237017 27
1445237017 27
1445237017 27
1445237017 27
1445237017 27
1445237017 27
1445237017 27
1445237017 27
1445237017 27
1445237017 5
1445237017 18
1445237017 23
1445237017 24
1445237017 17
1445237017 20
1445237017 14
1445237017 15
1445237017 10
1445237017 11
1445237017 8
1445237017 9
1445237017 27
1445237017 27
1445237017 27
1445237017 27
1445237018 27
1445237018 27
1445237018 27
1445237018 27
1445237018 27
1445237018 27
1445237018 27
1445237018 21
1445237018 16
1445237018 -1
1445237018 27
1445237018 27
1445237019 27
1445237019 27
1445237019 27
1445237019 27
1445237019 27
1445237019 27
1445237019 27
1445237019 27
1445237019 27
1445237019 27
1445237019 27
1445237019 27
1445237020 27
1445237020 27
1445237020 27
1445237020 21
1445237020 16
1445237020 -1
1445237020 27
1445237021 27
1445237021 27
1445237021 27
1445237021 27
1445237021 27
1445237021 27
1445237021 27
1445237021 27
1445237021 27
1445237021 27
1445237021 27
1445237021 27
1445237021 27
1445237022 27
1445237022 27
1445237022 27
1445237022 27
1445237022 27
1445237022 27
1445237023 27
1445237023 27
1445237023 27
1445237023 27
1445237023 27
1445237023 27
1445237023 27
1445237023 27
1445237023 27
1445237023 27
1445237023 27
1445237023 27
1445237023 27
1445237023 27
1445237023 21
1445237023 16
1445237023 -1
1445237023 27
1445237024 27
1445237024 27
1445237024 27
1445237024 27
1445237024 27
1445237024 27
1445237024 27
1445237024 21
1445237024 16
1445237024 -1
1445237024 27
1445237025 27
1445237026 27
1445237026 27
1445237026 27
1445237026 27
1445237026 27
1445237026 27
1445237026 27
1445237026 27
1445237026 27
1445237026 27
1445237026 27
1445237026 27
1445237027 27
1445237027 27
1445237027 27
1445237027 27
1445237027 27
1445237027 27
1445237027 21
1445237027 16
1445237027 -1
1445237027 27
1445237028 27
1445237028 27
1445237028 27
1445237028 27
1445237028 27
1445237028 27
1445237028 27
1445237028 27
1445237028 27
1445237028 27
1445237028 27
1445237028 27
1445237029 27
1445237029 27
1445237029 27
1445237029 21
1445237029 16
1445237029 -1
1445237029 27
1445237030 27
1445237030 27
1445237032 27
1445237032 27
1445237032 27
1445237032 27
1445237032 27
1445237032 27
1445237032 27
1445237032 27
1445237032 27
1445237032 27
1445237032 27
1445237032 27
1445237033 27
1445237033 27
1445237033 27
1445237033 27
1445237033 27
1445237033 21
1445237033 16
1445237033 -1
1445237034 27
1445237035 27
1445237036 27
1445237036 27
1445237037 27
1445237038 27
1445237039 27
1445237040 27
1445237040 27
1445237041 27
1445237042 27
1445237043 27
1445237043 27
1445237044 27
1445237045 27
1445237046 27
1445237046 27
1445237047 27
1445237048 27
1445237049 27
1445237049 27
1445237050 27
1445237051 27
1445237052 27
1445237052 27
1445237053 27
1445237054 27
1445237055 27
1445237055 27
1445237056 27
1445237057 27
1445237058 27
1445237058 27
1445237059 27
1445237060 27
1445237061 27
1445237061 27
1445237062 27
1445237063 27
1445237064 27
1445237064 27
1445237065 27
1445237065 27
1445237065 27
1445237067 27
1445237070 27
1445237073 27
1445237076 27
1445237079 27
1445237082 27
1445237085 27
1445237088 27
1445237091 27
1445237094 27
1445237097 27
1445237100 27
1445237103 27
1445237106 27
1445237109 27
1445237112 27
1445237115 27
1445237118 27
1445237121 27
1445237124 27
1445237127 27
1445237131 27
1445237134 27
1445237137 27
1445237140 27
1445237143 27
1445237146 27
1445237149 27
1445237152 27
1445237155 27
1445237158 27
1445237161 27
1445237164 27
1445237167 27
1445237170 27
1445237173 27
1445237176 27
1445237179 27
1445237182 27
1445237185 27
1445237188 27
1445237191 27
1445237194 27
1445237197 27
1445237200 27
1445237203 27
1445237206 27
1445237209 27
1445237212 27
1445237215 27
1445237218 27
1445237221 27
1445237224 27
1445237228 27
1445237231 27
1445237234 27
1445237237 27
1445237240 27
1445237243 27
1445237246 27
1445237249 27
1445237252 27
1445237255 27
1445237258 27
1445237261 27
1445237264 27
1445237267 27
1445237270 27
1445237273 27
1445237276 27
1445237279 27
1445237282 27
1445237285 27
1445237288 27
1445237291 27
1445237294 27
1445237297 27
1445237300 27
1445237303 27
1445237306 27
1445237309 27
1445237312 27
1445237316 27
1445237319 27
1445237322 27
1445237325 27
1445237328 27
1445237331 27
1445237334 27
1445237337 27
1445237340 27
1445237343 27
1445237346 27
1445237349 27
1445237352 27
1445237355 27
1445237358 27
1445237361 27
1445237364 27
1445237367 27
1445237370 27
1445237373 27
1445237376 27
1445237379 27
1445237382 27
1445237385 27
1445237386 27
1445237386 27
1445237386 27
1445237386 27
1445237386 27
1445237386 27
1445237386 27
1445237386 27
1445237386 27
1445237386 27
1445237386 27
1445237386 27
1445237386 27
1445237386 27
1445237386 27
1445237386 27
1445237386 27
1445237386 27
1445237386 27
1445237386 27
1445237386 27
1445237386 27
1445237386 27
1445237386 27
1445237386 27
1445237386 27
1445237386 27
1445237386 7
1445237387 27
1445237387 27
1445237387 7
1445237387 27
1445237387 13
1445237387 27
1445237387 13
1445237387 27
1445237387 4
1445237387 26
1445237387 27
1445237387 3
1445237387 19
1445237387 27
1445237387 2
1445237387 12
1445237387 27
1445237387 27
1445237387 27
1445237387 27
1445237388 27
1445237388 27
1445237388 27
1445237388 27
1445237388 27
1445237388 27
