1445236907 35
1445236907 35
1445236907 35
1445236907 35
1445236909 35
1445236909 35
1445236909 35
1445236909 35
1445236909 35
1445236909 35
1445236909 35
1445236909 35
1445236909 35
1445236909 35
1445236909 35
1445236909 35
1445236909 35
1445236909 35
1445236909 35
1445236909 35
1445236909 35
1445236909 35
1445236909 35
1445236910 35
1445236910 35
1445236910 35
1445236910 35
1445236910 35
1445236910 35
1445236910 35
1445236910 35
1445236910 35
1445236910 35
1445236910 35
1445236910 8
1445236910 35
1445236910 35
1445236910 35
1445236910 35
1445236910 35
1445236910 35
1445236910 35
1445236910 64
1445236910 5
1445236910 64
1445236910 35
1445236911 35
1445236911 35
1445236911 35
1445236911 35
1445236911 35
1445236911 35
1445236911 35
1445236911 35
1445236911 35
1445236911 35
1445236911 35
1445236911 35
1445236911 35
1445236911 35
1445236911 35
1445236911 35
1445236911 35
1445236911 35
1445236911 35
1445236911 35
1445236911 35
1445236911 35
1445236911 35
1445236911 35
1445236911 35
1445236911 35
1445236911 35
1445236911 35
1445236911 35
1445236911 35
1445236911 35
1445236911 35
1445236911 35
1445236911 35
1445236911 35
1445236911 35
1445236911 35
1445236911 35
1445236911 35
1445236911 35
1445236911 35
1445236911 35
1445236911 35
1445236911 35
1445236911 35
1445236911 35
1445236911 35
1445236911 35
1445236911 35
1445236911 35
1445236911 35
1445236911 35
1445236911 35
1445236911 35
1445236911 35
1445236911 35
1445236911 35
1445236911 35
1445236911 35
1445236911 35
1445236911 35
1445236911 35
1445236912 35
1445236912 35
1445236912 35
1445236912 35
1445236913 35
1445236913 35
1445236913 35
1445236913 35
1445236913 35
1445236913 35
1445236913 35
1445236913 35
1445236913 35
1445236913 35
1445236913 35
1445236913 35
1445236913 35
1445236913 35
1445236913 35
1445236913 35
1445236913 35
1445236913 35
1445236913 35
1445236913 35
1445236913 35
1445236913 35
1445236913 35
1445236913 35
1445236913 35
1445236913 35
1445236913 35
1445236913 35
1445236913 35
1445236913 35
1445236913 35
1445236913 35
1445236913 35
1445236913 35
1445236913 35
1445236913 35
1445236913 35
1445236913 35
1445236913 35
1445236913 35
1445236913 35
1445236913 35
1445236913 35
1445236913 35
1445236913 35
1445236913 35
1445236913 35
1445236913 35
1445236913 35
1445236913 35
1445236913 35
1445236913 35
1445236913 35
1445236913 35
1445236913 35
1445236913 35
1445236913 35
1445236913 35
1445236913 35
1445236913 35
1445236913 35
1445236913 35
1445236913 35
1445236913 35
1445236913 35
1445236913 35
1445236913 35
1445236913 35
1445236913 35
1445236913 35
1445236913 35
1445236913 35
1445236913 35
1445236913 35
1445236913 35
1445236913 35
1445236913 35
1445236913 35
1445236913 35
1445236913 35
1445236913 35
1445236913 35
1445236913 35
1445236913 35
1445236913 35
1445236913 35
1445236913 35
1445236913 35
1445236913 35
1445236913 35
1445236913 35
1445236913 35
1445236913 35
1445236913 35
1445236913 35
1445236913 35
1445236913 35
1445236914 35
1445236914 35
1445236914 35
1445236915 35
1445236915 35
1445236916 35
1445236916 35
1445236916 35
1445236916 35
1445236916 35
1445236916 35
1445236916 35
1445236916 35
1445236916 35
1445236916 35
1445236916 35
1445236916 35
1445236916 35
1445236916 35
1445236916 35
1445236917 35
1445236917 35
1445236917 35
1445236917 35
1445236917 35
1445236917 35
1445236917 35
1445236917 35
1445236917 35
1445236917 35
1445236917 35
1445236917 35
1445236917 35
1445236917 35
1445236917 35
1445236917 35
1445236917 35
1445236917 35
1445236917 35
1445236917 35
1445236917 35
1445236917 35
1445236917 35
1445236917 35
1445236917 35
1445236917 35
1445236917 35
1445236918 35
1445236918 35
1445236919 35
1445236919 35
1445236919 35
1445236919 35
1445236919 35
1445236919 35
1445236919 35
1445236919 35
1445236919 35
1445236919 35
1445236919 35
1445236919 35
1445236919 35
1445236919 35
1445236919 35
1445236919 35
1445236920 35
1445236920 35
1445236920 35
1445236920 35
1445236923 35
1445236923 35
1445236923 35
1445236923 35
1445236923 35
1445236924 35
1445236924 35
1445236924 35
1445236924 35
1445236924 35
1445236924 35
1445236924 35
1445236924 35
1445236927 35
1445236927 35
1445236927 35
1445236927 35
1445236927 35
1445236927 35
1445236927 35
1445236927 35
1445236927 35
1445236930 35
1445236930 35
1445236930 35
1445236930 35
1445236930 35
1445236930 35
1445236930 35
1445236930 35
1445236930 35
1445236932 35
1445236933 35
1445236933 35
1445236933 35
1445236933 35
1445236933 35
1445236933 35
1445236933 35
1445236933 35
1445236933 35
1445236935 35
1445236936 35
1445236936 35
1445236936 35
1445236936 35
1445236936 35
1445236936 35
1445236936 35
1445236936 35
1445236936 35
1445236938 35
1445236939 35
1445236939 35
1445236939 35
1445236939 35
1445236939 35
1445236939 35
1445236939 35
1445236939 35
1445236939 35
1445236941 35
1445236942 35
1445236942 35
1445236942 35
1445236942 35
1445236942 35
1445236942 35
1445236942 35
1445236942 35
1445236942 35
1445236944 35
1445236945 35
1445236945 35
1445236945 35
1445236945 35
1445236945 35
1445236945 35
1445236945 35
1445236945 35
1445236945 35
1445236947 35
1445236948 35
1445236948 35
1445236948 35
1445236948 35
1445236948 35
1445236948 35
1445236948 35
1445236948 35
1445236948 35
1445236950 35
1445236951 35
1445236951 35
1445236951 35
1445236951 35
1445236951 35
1445236951 35
1445236951 35
1445236951 35
1445236951 35
1445236953 35
1445236954 35
1445236954 35
1445236954 35
1445236954 35
1445236954 35
1445236954 35
1445236954 35
1445236954 35
1445236954 35
1445236956 35
1445236957 35
1445236957 35
1445236957 35
1445236957 35
1445236957 35
1445236957 35
1445236957 35
1445236957 35
1445236957 35
1445236959 35
1445236960 35
1445236960 35
1445236960 35
1445236960 35
1445236960 35
1445236960 35
1445236960 35
1445236960 35
1445236960 35
1445236962 35
1445236963 35
1445236963 35
1445236963 35
1445236963 35
1445236963 35
1445236963 35
1445236963 35
1445236963 35
1445236963 35
1445236965 35
1445236966 35
1445236966 35
1445236966 35
1445236966 35
1445236966 35
1445236966 35
1445236966 35
1445236966 35
1445236966 35
1445236966 35
1445236966 35
1445236967 35
1445236968 35
1445236968 35
1445236969 35
1445236969 35
1445236969 35
1445236969 35
1445236969 35
1445236969 35
1445236969 35
1445236969 35
1445236970 35
1445236971 35
1445236972 35
1445236972 35
1445236972 35
1445236972 35
1445236972 35
1445236972 35
1445236972 35
1445236972 35
1445236973 35
1445236974 35
1445236974 35
1445236975 35
1445236975 35
1445236975 35
1445236975 35
1445236975 35
1445236975 35
1445236975 35
1445236975 35
1445236975 35
1445236975 35
1445236976 35
1445236977 35
1445236978 35
1445236978 35
1445236978 35
1445236978 35
1445236978 35
1445236978 35
1445236978 35
1445236978 35
1445236978 35
1445236979 35
1445236980 35
1445236981 35
1445236981 35
1445236981 35
1445236981 35
1445236981 35
1445236981 35
1445236981 35
1445236981 35
1445236981 35
1445236981 35
1445236981 35
1445236982 35
1445236982 35
1445236982 35
1445236984 35
1445236984 35
1445236984 35
1445236984 35
1445236984 35
1445236984 35
1445236984 35
1445236984 35
1445236984 35
1445236985 35
1445236987 35
1445236987 35
1445236987 35
1445236987 35
1445236987 35
1445236987 35
1445236987 35
1445236987 35
1445236988 35
1445236988 35
1445236990 35
1445236990 35
1445236990 35
1445236990 35
1445236990 35
1445236990 35
1445236990 35
1445236990 35
1445236991 35
1445236991 35
1445236993 35
1445236993 35
1445236993 35
1445236993 35
1445236993 35
1445236993 35
1445236993 35
1445236993 35
1445236993 35
1445236994 35
1445236994 35
1445236996 35
1445236996 35
1445236996 35
1445236996 35
1445236996 35
1445236996 35
1445236996 35
1445236996 35
1445236997 35
1445236997 35
1445236999 35
1445236999 35
1445236999 35
1445236999 35
1445236999 35
1445236999 35
1445236999 35
1445236999 35
1445237000 35
1445237000 35
1445237002 35
1445237002 35
1445237002 35
1445237002 35
1445237002 35
1445237002 35
1445237002 35
1445237002 35
1445237003 35
1445237003 35
1445237005 35
1445237005 35
1445237005 35
1445237005 35
1445237005 35
1445237005 35
1445237005 35
1445237005 35
1445237005 35
1445237005 35
1445237005 35
1445237005 35
1445237005 35
1445237005 35
1445237005 35
1445237005 35
1445237005 35
1445237006 35
1445237006 35
1445237006 35
1445237006 35
1445237006 35
1445237006 35
1445237006 35
1445237007 35
1445237007 35
1445237007 35
1445237007 35
1445237007 113
1445237007 119
1445237007 170
1445237008 35
1445237008 35
1445237008 35
1445237008 35
1445237008 35
1445237008 35
1445237008 35
1445237008 35
1445237008 35
1445237008 35
1445237008 35
1445237008 35
1445237008 35
1445237008 35
1445237008 35
1445237008 35
1445237008 35
1445237008 35
1445237008 35
1445237008 35
1445237008 35
1445237009 35
1445237009 35
1445237009 35
1445237011 35
1445237011 35
1445237011 35
1445237011 35
1445237011 35
1445237011 35
1445237011 35
1445237011 35
1445237011 35
1445237011 35
1445237011 35
1445237011 35
1445237011 35
1445237011 35
1445237011 35
1445237011 35
1445237011 35
1445237011 35
1445237011 35
1445237012 35
1445237012 35
1445237012 35
1445237012 35
1445237013 35
1445237013 35
1445237013 35
1445237013 113
1445237013 119
1445237013 170
1445237013 35
1445237014 35
1445237014 35
1445237014 35
1445237014 35
1445237014 35
1445237014 35
1445237014 35
1445237014 35
1445237014 35
1445237014 35
1445237014 35
1445237014 35
1445237014 35
1445237014 35
1445237014 35
1445237014 35
1445237014 35
1445237015 35
1445237015 35
1445237015 35
1445237015 35
1445237015 35
1445237015 113
1445237015 119
1445237015 170
1445237015 35
1445237016 35
1445237017 35
1445237017 35
1445237017 35
1445237017 35
1445237017 35
1445237017 35
1445237017 35
1445237017 35
1445237017 35
1445237017 35
1445237017 35
1445237017 36
1445237017 164
1445237017 106
1445237017 4
1445237017 106
1445237017 106
1445237017 61
1445237017 15
1445237017 61
1445237017 61
1445237017 61
1445237017 61
1445237017 35
1445237017 35
1445237017 35
1445237017 35
1445237018 35
1445237018 35
1445237018 35
1445237018 35
1445237018 35
1445237018 35
1445237018 35
1445237018 113
1445237018 119
1445237018 170
1445237018 35
1445237018 35
1445237019 35
1445237019 35
1445237019 35
1445237019 35
1445237019 35
1445237019 35
1445237019 35
1445237019 35
1445237019 35
1445237019 35
1445237019 35
1445237019 35
1445237020 35
1445237020 35
1445237020 35
1445237020 113
1445237020 119
1445237020 170
1445237020 35
1445237021 35
1445237021 35
1445237021 35
1445237021 35
1445237021 35
1445237021 35
1445237021 35
1445237021 35
1445237021 35
1445237021 35
1445237021 35
1445237021 35
1445237021 35
1445237022 35
1445237022 35
1445237022 35
1445237022 35
1445237022 35
1445237022 35
1445237023 35
1445237023 35
1445237023 35
1445237023 35
1445237023 35
1445237023 35
1445237023 35
1445237023 35
1445237023 35
1445237023 35
1445237023 35
1445237023 35
1445237023 35
1445237023 35
1445237023 113
1445237023 119
1445237023 170
1445237023 35
1445237024 35
1445237024 35
1445237024 35
1445237024 35
1445237024 35
1445237024 35
1445237024 35
1445237024 113
1445237024 119
1445237024 170
1445237024 35
1445237025 35
1445237026 35
1445237026 35
1445237026 35
1445237026 35
1445237026 35
1445237026 35
1445237026 35
1445237026 35
1445237026 35
1445237026 35
1445237026 35
1445237026 35
1445237027 35
1445237027 35
1445237027 35
1445237027 35
1445237027 35
1445237027 35
1445237027 113
1445237027 119
1445237027 170
1445237027 35
1445237028 35
1445237028 35
1445237028 35
1445237028 35
1445237028 35
1445237028 35
1445237028 35
1445237028 35
1445237028 35
1445237028 35
1445237028 35
1445237028 35
1445237029 35
1445237029 35
1445237029 35
1445237029 113
1445237029 119
1445237029 170
1445237029 35
1445237030 35
1445237030 35
1445237032 35
1445237032 35
1445237032 35
1445237032 35
1445237032 35
1445237032 35
1445237032 35
1445237032 35
1445237032 35
1445237032 35
1445237032 35
1445237032 35
1445237033 35
1445237033 35
1445237033 35
1445237033 35
1445237033 35
1445237033 113
1445237033 119
1445237033 170
1445237034 35
1445237035 35
1445237036 35
1445237036 35
1445237037 35
1445237038 35
1445237039 35
1445237040 35
1445237040 35
1445237041 35
1445237042 35
1445237043 35
1445237043 35
1445237044 35
1445237045 35
1445237046 35
1445237046 35
1445237047 35
1445237048 35
1445237049 35
1445237049 35
1445237050 35
1445237051 35
1445237052 35
1445237052 35
1445237053 35
1445237054 35
1445237055 35
1445237055 35
1445237056 35
1445237057 35
1445237058 35
1445237058 35
1445237059 35
1445237060 35
1445237061 35
1445237061 35
1445237062 35
1445237063 35
1445237064 35
1445237064 35
1445237065 35
1445237065 35
1445237065 35
1445237067 35
1445237070 35
1445237073 35
1445237076 35
1445237079 35
1445237082 35
1445237085 35
1445237088 35
1445237091 35
1445237094 35
1445237097 35
1445237100 35
1445237103 35
1445237106 35
1445237109 35
1445237112 35
1445237115 35
1445237118 35
1445237121 35
1445237124 35
1445237127 35
1445237131 35
1445237134 35
1445237137 35
1445237140 35
1445237143 35
1445237146 35
1445237149 35
1445237152 35
1445237155 35
1445237158 35
1445237161 35
1445237164 35
1445237167 35
1445237170 35
1445237173 35
1445237176 35
1445237179 35
1445237182 35
1445237185 35
1445237188 35
1445237191 35
1445237194 35
1445237197 35
1445237200 35
1445237203 35
1445237206 35
1445237209 35
1445237212 35
1445237215 35
1445237218 35
1445237221 35
1445237224 35
1445237228 35
1445237231 35
1445237234 35
1445237237 35
1445237240 35
1445237243 35
1445237246 35
1445237249 35
1445237252 35
1445237255 35
1445237258 35
1445237261 35
1445237264 35
1445237267 35
1445237270 35
1445237273 35
1445237276 35
1445237279 35
1445237282 35
1445237285 35
1445237288 35
1445237291 35
1445237294 35
1445237297 35
1445237300 35
1445237303 35
1445237306 35
1445237309 35
1445237312 35
1445237316 35
1445237319 35
1445237322 35
1445237325 35
1445237328 35
1445237331 35
1445237334 35
1445237337 35
1445237340 35
1445237343 35
1445237346 35
1445237349 35
1445237352 35
1445237355 35
1445237358 35
1445237361 35
1445237364 35
1445237367 35
1445237370 35
1445237373 35
1445237376 35
1445237379 35
1445237382 35
1445237385 35
1445237386 35
1445237386 35
1445237386 35
1445237386 35
1445237386 35
1445237386 35
1445237386 35
1445237386 35
1445237386 35
1445237386 35
1445237386 35
1445237386 35
1445237386 35
1445237386 35
1445237386 35
1445237386 35
1445237386 35
1445237386 35
1445237386 35
1445237386 35
1445237386 35
1445237386 35
1445237386 35
1445237386 35
1445237386 35
1445237386 35
1445237386 35
1445237386 17
1445237387 35
1445237387 35
1445237387 17
1445237387 35
1445237387 130
1445237387 35
1445237387 130
1445237387 35
1445237387 34
1445237387 70
1445237387 35
1445237387 34
1445237387 130
1445237387 35
1445237387 34
1445237387 17
1445237387 35
1445237387 35
1445237387 35
1445237387 35
1445237388 35
1445237388 35
1445237388 35
1445237388 35
1445237388 35
1445237388 35
