1445067484 22
1445067484 13
1445067484 17
1445067484 25
1445067484 6
1445067484 5
1445067484 2
1445067485 4
1445067485 8
1445067485 12
1445067485 7
1445067485 27
1445067485 9
1445067485 23
1445067485 18
1445067485 21
1445067485 10
1445067491 20
1445067491 15
1445067491 14
1445067491 27
1445067501 28
1445067501 16
1445067507 20
1445067507 15
1445067507 14
1445067507 27
1445067516 28
1445067516 16
1445067525 20
1445067525 15
1445067525 14
1445067525 27
1445067533 28
1445067533 16
1445067539 20
1445067539 15
1445067539 14
1445067539 27
1445067547 28
1445067547 16
1445067553 20
1445067553 15
1445067553 14
1445067553 27
1445067562 28
1445067562 16
1445067568 20
1445067568 15
1445067568 14
1445067568 27
1445067578 28
1445067578 16
1445067583 20
1445067583 15
1445067583 14
1445067583 27
1445067592 28
1445067592 16
1445067596 11
1445067596 20
1445067596 15
1445067596 14
1445067604 26
1445067604 19
1445067604 1
1445067632 3
1445067632 24
