1445241545 17
1445241545 12
1445241545 15
1445241545 19
1445241545 5
1445241545 3
1445241546 2
1445241547 4
1445241547 7
1445241547 11
1445241548 6
1445241548 25
1445241548 9
1445241548 20
1445241548 21
1445241548 18
1445241548 10
1445241551 23
1445241551 14
1445241551 13
1445241551 25
1445241562 26
1445241562 16
1445241564 23
1445241564 14
1445241564 13
1445241564 25
1445241577 26
1445241577 16
1445241578 23
1445241578 14
1445241578 13
1445241578 25
1445241589 26
1445241589 16
1445241591 23
1445241591 14
1445241591 13
1445241591 25
1445241602 26
1445241602 16
1445241605 23
1445241605 14
1445241605 13
1445241605 25
1445241617 26
1445241617 16
1445241618 23
1445241618 14
1445241618 13
1445241618 25
1445241629 26
1445241629 16
1445241630 23
1445241630 14
1445241630 13
1445241630 25
1445241639 26
1445241639 16
1445241641 8
1445241641 23
1445241641 14
1445241641 13
1445241648 24
1445241648 22
1445241648 1
