1445241545 8
1445241545 147
1445241545 16
1445241545 102
1445241545 83
1445241545 8
1445241546 147
1445241547 160
1445241547 82
1445241547 67
1445241548 22
1445241548 102
1445241548 3
1445241548 75
1445241548 25
1445241548 25
1445241548 154
1445241551 102
1445241551 25
1445241551 25
1445241551 102
1445241562 75
1445241562 25
1445241564 102
1445241564 25
1445241564 25
1445241564 102
1445241577 75
1445241577 25
1445241578 102
1445241578 25
1445241578 25
1445241578 102
1445241589 75
1445241589 25
1445241591 102
1445241591 25
1445241591 25
1445241591 102
1445241602 75
1445241602 25
1445241605 102
1445241605 25
1445241605 25
1445241605 102
1445241617 75
1445241617 25
1445241618 102
1445241618 25
1445241618 25
1445241618 102
1445241629 75
1445241629 25
1445241630 102
1445241630 25
1445241630 25
1445241630 102
1445241639 75
1445241639 25
1445241641 67
1445241641 102
1445241641 25
1445241641 25
1445241648 75
1445241648 102
1445241648 160
