1445067484 22
1445067484 10
1445067484 16
1445067484 23
1445067484 6
1445067484 4
1445067484 2
1445067485 5
1445067485 7
1445067485 13
1445067485 8
1445067485 27
1445067485 12
1445067485 19
1445067485 21
1445067485 18
1445067485 9
1445067491 20
1445067491 14
1445067491 17
1445067491 27
1445067501 26
1445067501 15
1445067508 20
1445067508 14
1445067508 17
1445067508 27
1445067516 26
1445067516 15
1445067521 20
1445067521 14
1445067521 17
1445067521 27
1445067530 26
1445067530 15
1445067536 20
1445067536 14
1445067536 17
1445067536 27
1445067545 26
1445067545 15
1445067548 20
1445067548 14
1445067548 17
1445067548 27
1445067559 26
1445067559 15
1445067563 20
1445067563 14
1445067563 17
1445067563 27
1445067573 26
1445067573 15
1445067577 20
1445067577 14
1445067577 17
1445067577 27
1445067587 26
1445067587 15
1445067591 11
1445067591 20
1445067591 14
1445067591 17
1445067600 28
1445067600 25
1445067601 1
1445067628 3
1445067628 24
