1445067484 8
1445067484 147
1445067484 16
1445067484 102
1445067484 83
1445067484 8
1445067484 147
1445067485 160
1445067485 82
1445067485 67
1445067485 22
1445067485 102
1445067485 3
1445067485 75
1445067485 25
1445067485 25
1445067485 154
1445067491 102
1445067491 25
1445067491 25
1445067491 102
1445067501 75
1445067501 25
1445067508 102
1445067508 25
1445067508 25
1445067508 102
1445067516 75
1445067516 25
1445067521 102
1445067521 25
1445067521 25
1445067521 102
1445067530 75
1445067530 25
1445067536 102
1445067536 25
1445067536 25
1445067536 102
1445067545 75
1445067545 25
1445067548 102
1445067548 25
1445067548 25
1445067548 102
1445067559 75
1445067559 25
1445067563 102
1445067563 25
1445067563 25
1445067563 102
1445067573 75
1445067573 25
1445067577 102
1445067577 25
1445067577 25
1445067577 102
1445067587 75
1445067587 25
1445067591 67
1445067591 102
1445067591 25
1445067591 25
1445067600 75
1445067600 102
1445067601 160
1445067628 129
1445067628 3
