1445076716 21
1445076716 9
1445076716 16
1445076716 18
1445076716 6
1445076716 4
1445076717 2
1445076717 3
1445076718 7
1445076718 13
1445076719 8
1445076719 28
1445076719 10
1445076719 24
1445076719 25
1445076719 20
1445076719 11
1445076722 23
1445076722 17
1445076722 14
1445076722 28
1445076733 26
1445076733 15
1445076736 23
1445076736 17
1445076736 14
1445076736 28
1445076746 26
1445076749 15
1445076751 23
1445076751 17
1445076751 14
1445076751 28
1445076764 26
1445076764 15
1445076767 23
1445076767 17
1445076767 14
1445076767 28
1445076777 26
1445076777 15
1445076780 23
1445076780 17
1445076780 14
1445076780 28
1445076790 26
1445076790 15
1445076792 23
1445076792 17
1445076792 14
1445076792 28
1445076805 26
1445076805 15
1445076807 23
1445076807 17
1445076807 14
1445076807 28
1445076816 26
1445076816 15
1445076818 12
1445076818 23
1445076818 17
1445076818 14
1445076827 27
1445076827 19
1445076827 1
1445076860 5
1445076860 22
