1445073089 39
1445073089 33
1445073089 35
1445073089 36
1445073089 26
1445073089 25
1445073090 6
1445073091 23
1445073092 29
1445073092 34
1445073092 32
1445073092 28
1445073092 24
1445073092 14
1445073092 16
1445073092 14
1445073092 16
1445073092 19
1445073092 12
1445073092 18
1445073092 1
1445073092 13
1445073092 1
1445073092 7
1445073092 1
1445073092 13
1445073092 7
1445073092 13
1445073092 7
1445073093 22
1445073093 15
1445073116 22
1445073116 5
1445073116 14
1445073116 16
1445073116 1
1445073116 13
1445073116 7
1445073122 22
1445073122 9
1445073122 14
1445073122 16
1445073122 1
1445073122 13
1445073122 7
1445073135 22
1445073135 13
1445073135 7
1445073153 22
1445073153 13
1445073153 7
1445073155 22
1445073155 8
1445073167 22
1445073167 13
1445073167 7
1445073180 22
1445073180 13
1445073180 7
1445073191 22
1445073191 4
1445073256 12
1445073256 19
1445073256 18
1445073256 1
1445073256 13
1445073256 7
1445073256 22
1445073256 11
1445073256 21
1445073256 10
1445073256 30
1445073256 27
1445073256 38
1445073256 2
1445073256 17
1445073306 20
1445073306 31
1445073306 3
1445073306 37
