1445073089 8
1445073089 147
1445073089 16
1445073089 102
1445073089 83
1445073089 8
1445073090 147
1445073091 160
1445073092 82
1445073092 67
1445073092 154
1445073092 0
1445073092 58
1445073092 78
1445073092 78
1445073092 78
1445073092 78
1445073092 78
1445073092 58
1445073092 78
1445073092 60
1445073092 60
1445073092 60
1445073092 167
1445073092 60
1445073092 60
1445073092 167
1445073092 60
1445073092 167
1445073093 167
1445073093 66
1445073116 167
1445073116 1
1445073116 78
1445073116 78
1445073116 60
1445073116 60
1445073116 167
1445073122 167
1445073122 1
1445073122 78
1445073122 78
1445073122 60
1445073122 60
1445073122 167
1445073135 167
1445073135 60
1445073135 167
1445073153 167
1445073153 60
1445073153 167
1445073155 167
1445073155 1
1445073167 167
1445073167 60
1445073167 167
1445073180 167
1445073180 60
1445073180 167
1445073191 167
1445073191 1
1445073256 58
1445073256 78
1445073256 78
1445073256 60
1445073256 60
1445073256 167
1445073256 167
1445073256 66
1445073256 58
1445073256 0
1445073256 120
1445073256 120
1445073256 102
1445073256 160
1445073256 60
1445073306 129
1445073306 129
1445073306 167
1445073306 3
