1445071666 20
1445071666 9
1445071666 15
1445071666 25
1445071666 6
1445071666 5
1445071667 2
1445071667 4
1445071668 8
1445071668 10
1445071669 7
1445071669 28
1445071669 11
1445071669 21
1445071669 18
1445071669 22
1445071669 12
1445071673 19
1445071673 17
1445071673 16
1445071673 28
1445071687 27
1445071687 14
1445071690 19
1445071690 17
1445071690 16
1445071690 28
1445071701 27
1445071701 14
1445071704 19
1445071704 17
1445071704 16
1445071704 28
1445071715 27
1445071715 14
1445071717 19
1445071717 17
1445071717 16
1445071717 28
1445071728 27
1445071728 14
1445071731 19
1445071731 17
1445071731 16
1445071731 28
1445071741 27
1445071741 14
1445071743 19
1445071743 17
1445071743 16
1445071743 28
1445071753 27
1445071753 14
1445071756 19
1445071756 17
1445071756 16
1445071756 28
1445071766 27
1445071766 14
1445071768 13
1445071768 19
1445071768 17
1445071768 16
1445071777 26
1445071778 23
1445071778 1
1445071805 3
1445071806 24
