1445071666 8
1445071666 147
1445071666 16
1445071666 102
1445071666 83
1445071666 8
1445071667 147
1445071667 160
1445071668 82
1445071668 67
1445071669 22
1445071669 102
1445071669 3
1445071669 75
1445071669 25
1445071669 25
1445071669 154
1445071673 102
1445071673 25
1445071673 25
1445071673 102
1445071687 75
1445071687 25
1445071690 102
1445071690 25
1445071690 25
1445071690 102
1445071701 75
1445071701 25
1445071704 102
1445071704 25
1445071704 25
1445071704 102
1445071715 75
1445071715 25
1445071717 102
1445071717 25
1445071717 25
1445071717 102
1445071728 75
1445071728 25
1445071731 102
1445071731 25
1445071731 25
1445071731 102
1445071741 75
1445071741 25
1445071743 102
1445071743 25
1445071743 25
1445071743 102
1445071753 75
1445071753 25
1445071756 102
1445071756 25
1445071756 25
1445071756 102
1445071766 75
1445071766 25
1445071768 67
1445071768 102
1445071768 25
1445071768 25
1445071777 75
1445071778 102
1445071778 160
1445071805 129
1445071806 3
