1445088554 8
1445088554 147
1445088554 16
1445088554 102
1445088554 83
1445088554 8
1445088555 147
1445088555 160
1445088556 82
1445088556 67
1445088556 154
1445088556 0
1445088556 58
1445088556 78
1445088556 78
1445088556 58
1445088556 60
1445088556 60
1445088556 167
1445088560 167
1445088560 1
1445088560 78
1445088560 78
1445088560 60
1445088560 60
1445088560 167
1445088565 167
1445088565 1
1445088565 78
1445088565 58
1445088565 78
1445088565 60
1445088565 60
1445088565 167
1445088570 167
1445088571 1
1445088644 58
1445088644 78
1445088644 78
1445088644 60
1445088644 60
1445088644 167
1445088646 58
1445088649 167
1445088649 1
1445088649 78
1445088649 78
1445088649 60
1445088649 60
1445088649 167
1445088656 167
1445088656 60
1445088656 167
1445088661 167
1445088661 1
1445088697 58
1445088697 78
1445088697 78
1445088697 60
1445088697 60
1445088697 167
1445088702 167
1445088702 1
1445088739 58
1445088739 78
1445088739 78
1445088739 60
1445088739 60
1445088739 167
1445088740 58
1445088748 167
1445088748 1
1445088748 78
1445088748 78
1445088748 60
1445088748 60
1445088748 167
1445088754 167
1445088754 1
1445088812 58
1445088812 78
1445088812 78
1445088812 60
1445088812 60
1445088812 167
1445088820 167
1445088820 1
1445088821 58
1445088821 78
1445088821 78
1445088821 60
1445088821 60
1445088821 167
1445088830 58
1445088830 78
1445088830 78
1445088830 60
1445088830 60
1445088830 167
1445088831 167
1445088831 1
1445088868 167
1445088868 66
1445088870 58
1445088870 78
1445088870 78
1445088871 60
1445088871 60
1445088871 167
1445088913 167
1445088913 66
1445088913 58
1445088913 0
1445088913 120
1445088913 120
1445088913 102
1445088913 147
1445089089 160
1445089089 60
1445089382 168
1445089382 158
1445089382 117
1445089382 117
1445089382 149
1445089382 168
1445089382 168
1445089655 129
1445089655 129
1445089655 167
1445089655 3
