1445236923 23
1445236923 13
1445236923 15
1445236923 21
1445236923 6
1445236923 4
1445236924 2
1445236925 5
1445236926 7
1445236926 11
1445236926 8
1445236926 26
1445236926 12
1445236926 20
1445236926 19
1445236926 22
1445236926 9
1445236938 25
1445236938 17
1445236938 14
1445236938 26
1445236948 27
1445236948 16
1445236953 25
1445236953 17
1445236953 14
1445236953 26
1445236963 27
1445236963 16
1445236966 25
1445236966 17
1445236966 14
1445236966 26
1445236977 27
1445236977 16
1445236980 25
1445236980 17
1445236980 14
1445236980 26
1445236990 27
1445236990 16
1445236993 10
1445236993 25
1445236993 17
1445236993 14
1445237002 28
1445237002 24
1445237002 1
1445237022 3
1445237022 18
