1445235703 24
1445235703 12
1445235703 20
1445235703 23
1445235703 6
1445235704 4
1445235704 2
1445235705 5
1445235706 8
1445235706 14
1445235706 7
1445235706 31
1445235706 11
1445235706 26
1445235706 25
1445235706 27
1445235706 10
1445235709 28
1445235709 16
1445235709 18
1445235709 31
1445235718 29
1445235718 15
1445235719 28
1445235719 16
1445235719 18
1445235719 31
1445235729 29
1445235729 15
1445235731 28
1445235731 16
1445235731 18
1445235731 31
1445235740 29
1445235740 15
1445235742 28
1445235742 16
1445235742 18
1445235742 31
1445235750 29
1445235750 15
1445235752 28
1445235752 16
1445235752 18
1445235752 31
1445235761 29
1445235761 15
1445235763 28
1445235763 16
1445235763 18
1445235763 31
1445235764 13
1445235772 29
1445235772 15
1445235772 28
1445235772 16
1445235772 18
1445235774 30
1445235774 22
1445235774 1
1445235821 3
1445235821 21
1445235821 17
1445235821 19
1445235821 9
