1445235703 8
1445235703 147
1445235703 16
1445235703 102
1445235703 83
1445235704 8
1445235704 147
1445235705 160
1445235706 82
1445235706 67
1445235706 22
1445235706 102
1445235706 3
1445235706 75
1445235706 25
1445235706 25
1445235706 154
1445235709 102
1445235709 25
1445235709 25
1445235709 102
1445235718 75
1445235718 25
1445235719 102
1445235719 25
1445235719 25
1445235719 102
1445235729 75
1445235729 25
1445235731 102
1445235731 25
1445235731 25
1445235731 102
1445235740 75
1445235740 25
1445235742 102
1445235742 25
1445235742 25
1445235742 102
1445235750 75
1445235750 25
1445235752 102
1445235752 25
1445235752 25
1445235752 102
1445235761 75
1445235761 25
1445235763 102
1445235763 25
1445235763 25
1445235763 102
1445235764 67
1445235772 75
1445235772 25
1445235772 102
1445235772 25
1445235772 25
1445235774 75
1445235774 102
1445235774 160
1445235821 129
1445235821 3
1445235821 16
1445235821 16
1445235821 111
