1445163433 8
1445163433 147
1445163433 16
1445163433 102
1445163433 83
1445163433 8
1445163433 147
1445163434 160
1445163434 82
1445163434 67
1445163434 22
1445163434 102
1445163434 3
1445163434 75
1445163434 25
1445163434 25
1445163434 154
1445163438 102
1445163438 25
1445163438 25
1445163438 102
1445163447 75
1445163447 25
1445163448 102
1445163448 25
1445163448 25
1445163448 102
1445163456 75
1445163456 25
1445163458 102
1445163458 25
1445163458 25
1445163458 102
1445163467 75
1445163467 25
1445163468 102
1445163468 25
1445163468 25
1445163468 102
1445163477 75
1445163477 25
1445163478 102
1445163478 25
1445163478 25
1445163478 102
1445163487 75
1445163487 25
1445163489 102
1445163489 25
1445163489 25
1445163489 102
1445163497 75
1445163497 25
1445163499 102
1445163499 25
1445163499 25
1445163499 102
1445163508 75
1445163508 25
1445163509 67
1445163509 102
1445163509 25
1445163509 25
1445163516 75
1445163516 102
1445163516 160
1445163552 129
1445163552 3
