1445235901 25
1445235901 12
1445235901 18
1445235901 24
1445235901 6
1445235901 5
1445235901 2
1445235902 4
1445235902 8
1445235902 10
1445235903 7
1445235903 29
1445235903 14
1445235903 26
1445235903 23
1445235903 27
1445235903 13
1445235904 21
1445235904 19
1445235904 17
1445235904 29
1445235913 31
1445235913 15
1445235914 21
1445235914 19
1445235914 17
1445235914 29
1445235922 31
1445235922 15
1445235923 21
1445235923 19
1445235923 17
1445235923 29
1445235933 31
1445235933 15
1445235934 21
1445235934 19
1445235934 17
1445235934 29
1445235946 31
1445235946 15
1445235948 21
1445235948 19
1445235948 17
1445235948 29
1445235956 31
1445235956 15
1445235958 21
1445235958 19
1445235958 17
1445235958 29
1445235959 11
1445235968 31
1445235968 15
1445235968 21
1445235968 19
1445235968 17
1445235970 30
1445235970 22
1445235970 1
1445236002 3
1445236003 28
1445236003 16
1445236003 20
1445236003 9
