1445175342 21
1445175343 14
1445175343 16
1445175343 26
1445175343 6
1445175343 5
1445175343 2
1445175343 3
1445175344 7
1445175344 11
1445175344 8
1445175344 29
1445175344 10
1445175344 23
1445175344 27
1445175344 25
1445175344 13
1445175346 24
1445175346 19
1445175346 18
1445175346 29
1445175354 30
1445175354 20
1445175355 24
1445175355 19
1445175355 18
1445175355 29
1445175363 30
1445175363 20
1445175364 24
1445175364 19
1445175364 18
1445175364 29
1445175372 30
1445175372 20
1445175373 24
1445175373 19
1445175373 18
1445175373 29
1445175381 30
1445175381 20
1445175382 24
1445175382 19
1445175382 18
1445175382 29
1445175390 30
1445175390 20
1445175391 24
1445175391 19
1445175391 18
1445175391 29
1445175391 9
1445175399 30
1445175399 20
1445175399 24
1445175399 19
1445175399 18
1445175400 31
1445175400 22
1445175400 1
1445175422 4
1445175422 28
1445175422 15
1445175422 17
1445175422 12
