1445095251 8
1445095251 147
1445095251 16
1445095251 102
1445095251 83
1445095252 8
1445095252 147
1445095254 160
1445095255 82
1445095255 67
1445095255 22
1445095255 102
1445095255 3
1445095255 75
1445095255 25
1445095255 25
1445095256 154
1445095258 102
1445095258 25
1445095258 25
1445095258 102
1445095266 75
1445095266 25
1445095267 102
1445095267 25
1445095267 25
1445095267 102
1445095275 75
1445095275 25
1445095276 102
1445095276 25
1445095276 25
1445095276 102
1445095285 75
1445095285 25
1445095286 102
1445095286 25
1445095286 25
1445095286 102
1445095295 75
1445095295 25
1445095296 102
1445095296 25
1445095296 25
1445095296 102
1445095303 75
1445095303 25
1445095304 102
1445095304 25
1445095304 25
1445095304 102
1445095305 67
1445095312 75
1445095312 25
1445095312 102
1445095312 25
1445095312 25
1445095313 75
1445095313 102
1445095313 160
1445095337 129
1445095337 3
