1445076572 22
1445076573 10
1445076573 14
1445076573 23
1445076573 6
1445076573 5
1445076574 2
1445076575 4
1445076578 8
1445076578 9
1445076582 7
1445076582 28
1445076582 11
1445076582 18
1445076582 21
1445076582 19
1445076582 13
1445076605 25
1445076605 15
1445076605 17
1445076605 28
1445076630 27
1445076631 16
1445076637 25
1445076637 15
1445076637 17
1445076637 28
1445076668 27
1445076669 16
1445076677 25
1445076677 15
1445076677 17
1445076677 28
1445076700 27
1445076700 16
1445076721 25
1445076721 15
1445076721 17
1445076721 28
1445076743 27
1445076743 16
1445076756 25
1445076756 15
1445076756 17
1445076756 28
1445076780 27
1445076780 16
1445076813 25
1445076813 15
1445076813 17
1445076813 28
1445076842 27
1445076842 16
1445076871 25
1445076871 15
1445076871 17
1445076871 28
1445076898 27
1445076898 16
1445076904 12
1445076904 25
1445076904 15
1445076904 17
1445076917 26
1445076917 20
1445076917 1
1445076964 3
1445076964 24
