1445076572 8
1445076573 147
1445076573 16
1445076573 102
1445076573 83
1445076573 8
1445076574 147
1445076575 160
1445076578 82
1445076578 67
1445076582 22
1445076582 102
1445076582 3
1445076582 75
1445076582 25
1445076582 25
1445076582 154
1445076605 102
1445076605 25
1445076605 25
1445076605 102
1445076630 75
1445076631 25
1445076637 102
1445076637 25
1445076637 25
1445076637 102
1445076668 75
1445076669 25
1445076677 102
1445076677 25
1445076677 25
1445076677 102
1445076700 75
1445076700 25
1445076721 102
1445076721 25
1445076721 25
1445076721 102
1445076743 75
1445076743 25
1445076756 102
1445076756 25
1445076756 25
1445076756 102
1445076780 75
1445076780 25
1445076813 102
1445076813 25
1445076813 25
1445076813 102
1445076842 75
1445076842 25
1445076871 102
1445076871 25
1445076871 25
1445076871 102
1445076898 75
1445076898 25
1445076904 67
1445076904 102
1445076904 25
1445076904 25
1445076917 75
1445076917 102
1445076917 160
1445076964 129
1445076964 3
