1445067892 23
1445067892 10
1445067892 20
1445067892 28
1445067892 6
1445067893 3
1445067893 2
1445067895 4
1445067895 8
1445067896 9
1445067896 7
1445067896 31
1445067896 14
1445067896 24
1445067896 21
1445067896 22
1445067896 12
1445067910 27
1445067910 19
1445067910 15
1445067910 31
1445067932 29
1445067932 16
1445067939 27
1445067939 19
1445067939 15
1445067939 31
1445067959 29
1445067959 16
1445067966 27
1445067966 19
1445067966 15
1445067966 31
1445067987 29
1445067987 16
1445067995 27
1445067995 19
1445067995 15
1445067995 31
1445068017 29
1445068017 16
1445068027 27
1445068027 19
1445068027 15
1445068027 31
1445068049 29
1445068049 16
1445068056 27
1445068056 19
1445068056 15
1445068056 31
1445068071 29
1445068071 16
1445068074 27
1445068074 19
1445068074 15
1445068074 31
1445068090 29
1445068090 16
1445068093 11
1445068093 27
1445068093 19
1445068093 15
1445068104 30
1445068104 25
1445068104 1
1445068144 5
1445068144 26
1445068144 17
1445068144 18
1445068144 13
