1445067892 8
1445067892 147
1445067892 16
1445067892 102
1445067892 83
1445067893 8
1445067893 147
1445067895 160
1445067895 82
1445067896 67
1445067896 22
1445067896 102
1445067896 3
1445067896 75
1445067896 25
1445067896 25
1445067896 154
1445067910 102
1445067910 25
1445067910 25
1445067910 102
1445067932 75
1445067932 25
1445067939 102
1445067939 25
1445067939 25
1445067939 102
1445067959 75
1445067959 25
1445067966 102
1445067966 25
1445067966 25
1445067966 102
1445067987 75
1445067987 25
1445067995 102
1445067995 25
1445067995 25
1445067995 102
1445068017 75
1445068017 25
1445068027 102
1445068027 25
1445068027 25
1445068027 102
1445068049 75
1445068049 25
1445068056 102
1445068056 25
1445068056 25
1445068056 102
1445068071 75
1445068071 25
1445068074 102
1445068074 25
1445068074 25
1445068074 102
1445068090 75
1445068090 25
1445068093 67
1445068093 102
1445068093 25
1445068093 25
1445068104 75
1445068104 102
1445068104 160
1445068144 129
1445068144 3
1445068144 16
1445068144 16
1445068144 111
