1445076574 8
1445076574 147
1445076574 16
1445076574 102
1445076574 83
1445076574 8
1445076575 147
1445076576 160
1445076577 82
1445076577 67
1445076577 22
1445076578 102
1445076578 3
1445076578 75
1445076578 25
1445076578 25
1445076578 154
1445076582 102
1445076582 25
1445076582 25
1445076582 102
1445076592 75
1445076592 25
1445076594 102
1445076594 25
1445076594 25
1445076594 102
1445076603 75
1445076603 25
1445076606 102
1445076606 25
1445076606 25
1445076606 102
1445076614 75
1445076614 25
1445076616 102
1445076616 25
1445076616 25
1445076616 102
1445076630 75
1445076630 25
1445076632 102
1445076632 25
1445076632 25
1445076632 102
1445076649 75
1445076649 25
1445076650 102
1445076650 25
1445076650 25
1445076650 102
1445076659 75
1445076659 25
1445076660 102
1445076660 25
1445076660 25
1445076660 102
1445076671 75
1445076671 25
1445076673 67
1445076673 102
1445076673 25
1445076673 25
1445076680 75
1445076680 102
1445076680 160
1445076711 129
1445076712 3
1445076712 16
1445076712 16
1445076712 111
