1445068040 21
1445068040 9
1445068040 14
1445068040 16
1445068040 4
1445068040 2
1445068041 1
1445068041 3
1445068042 5
1445068042 10
1445068042 6
1445068042 22
1445068042 11
1445068042 20
1445068042 18
1445068042 17
1445068042 8
1445068047 19
1445068047 13
1445068047 15
1445068047 22
1445068057 23
1445068057 12
1445068061 19
1445068061 13
1445068061 15
1445068061 22
1445068072 23
1445068072 12
1445068076 19
1445068076 13
1445068076 15
1445068076 22
1445068086 23
1445068086 12
1445068089 19
1445068089 13
1445068089 15
1445068089 22
1445068099 23
1445068099 12
1445068103 19
1445068103 13
1445068103 15
1445068103 22
1445068112 23
1445068112 12
1445068115 19
1445068115 13
1445068115 15
1445068115 22
1445068126 23
1445068126 12
1445068129 19
1445068130 13
1445068130 15
1445068130 22
1445068139 23
1445068139 12
1445068141 7
1445068141 19
1445068141 13
1445068141 15
