1445235692 15
1445235693 15
1445235693 15
1445235693 15
1445235694 15
1445235695 15
1445235695 15
1445235695 15
1445235695 15
1445235695 15
1445235695 15
1445235695 15
1445235695 15
1445235695 15
1445235695 15
1445235695 15
1445235695 15
1445235695 15
1445235695 15
1445235695 15
1445235695 15
1445235695 15
1445235695 15
1445235696 15
1445235696 15
1445235696 15
1445235696 15
1445235696 15
1445235696 15
1445235696 15
1445235696 15
1445235696 15
1445235696 15
1445235696 15
1445235696 5
1445235696 15
1445235696 15
1445235696 15
1445235696 15
1445235696 15
1445235696 15
1445235696 15
1445235696 13
1445235696 1
1445235696 10
1445235696 15
1445235697 15
1445235697 15
1445235697 15
1445235697 15
1445235697 15
1445235697 15
1445235697 15
1445235697 15
1445235697 15
1445235697 15
1445235697 15
1445235697 15
1445235697 15
1445235697 15
1445235697 15
1445235697 15
1445235697 15
1445235697 15
1445235697 15
1445235697 15
1445235697 15
1445235697 15
1445235697 15
1445235697 15
1445235697 15
1445235697 15
1445235697 15
1445235697 15
1445235697 15
1445235697 15
1445235697 15
1445235697 15
1445235697 15
1445235697 15
1445235697 15
1445235697 15
1445235697 15
1445235697 15
1445235697 15
1445235697 15
1445235697 15
1445235697 15
1445235697 15
1445235697 15
1445235697 15
1445235697 15
1445235697 15
1445235697 15
1445235697 15
1445235697 15
1445235697 15
1445235697 15
1445235697 15
1445235697 15
1445235697 15
1445235697 15
1445235697 15
1445235697 15
1445235697 15
1445235697 15
1445235697 15
1445235697 15
1445235698 15
1445235698 15
1445235698 15
1445235698 15
1445235699 15
1445235699 15
1445235699 15
1445235699 15
1445235699 15
1445235699 15
1445235699 15
1445235699 15
1445235699 15
1445235699 15
1445235699 15
1445235699 15
1445235699 15
1445235699 15
1445235700 15
1445235700 15
1445235700 15
1445235700 15
1445235700 15
1445235700 15
1445235700 15
1445235700 15
1445235700 15
1445235700 15
1445235700 15
1445235700 15
1445235700 15
1445235700 15
1445235700 15
1445235700 15
1445235700 15
1445235700 15
1445235700 15
1445235700 15
1445235700 15
1445235700 15
1445235700 15
1445235700 15
1445235700 15
1445235700 15
1445235700 15
1445235700 15
1445235700 15
1445235700 15
1445235700 15
1445235700 15
1445235700 15
1445235700 15
1445235700 15
1445235700 15
1445235700 15
1445235700 15
1445235700 15
1445235700 15
1445235700 15
1445235700 15
1445235700 15
1445235700 15
1445235700 15
1445235700 15
1445235700 15
1445235700 15
1445235700 15
1445235700 15
1445235700 15
1445235700 15
1445235700 15
1445235700 15
1445235700 15
1445235700 15
1445235700 15
1445235700 15
1445235700 15
1445235700 15
1445235700 15
1445235700 15
1445235700 15
1445235700 15
1445235700 15
1445235700 15
1445235700 15
1445235700 15
1445235700 15
1445235700 15
1445235700 15
1445235700 15
1445235700 15
1445235700 15
1445235700 15
1445235700 15
1445235700 15
1445235700 15
1445235700 15
1445235700 15
1445235700 15
1445235700 15
1445235700 15
1445235700 15
1445235700 15
1445235700 15
1445235700 15
1445235700 15
1445235700 15
1445235700 15
1445235700 15
1445235700 15
1445235700 15
1445235700 15
1445235700 15
1445235700 15
1445235700 15
1445235700 15
1445235700 15
1445235700 15
1445235700 15
1445235700 15
1445235700 15
1445235700 15
1445235700 15
1445235700 15
1445235702 15
1445235702 15
1445235703 15
1445235703 15
1445235703 15
1445235703 15
1445235703 15
1445235704 15
1445235704 15
1445235704 15
1445235704 15
1445235704 15
1445235704 15
1445235704 15
1445235704 15
1445235704 15
1445235704 15
1445235704 15
1445235704 15
1445235704 15
1445235704 15
1445235704 15
1445235704 15
1445235704 15
1445235704 15
1445235704 15
1445235704 15
1445235704 15
1445235704 15
1445235704 15
1445235704 15
1445235704 15
1445235704 15
1445235704 15
1445235704 15
1445235704 15
1445235705 15
1445235705 15
1445235706 15
1445235706 15
1445235707 15
1445235707 15
1445235709 15
1445235709 15
1445235710 15
1445235710 15
1445235710 15
1445235712 15
1445235712 15
1445235712 15
1445235712 15
1445235712 15
1445235712 15
1445235713 15
1445235713 15
1445235713 15
1445235713 15
1445235715 15
1445235715 15
1445235715 15
1445235715 15
1445235715 15
1445235715 15
1445235716 15
1445235716 15
1445235716 15
1445235716 15
1445235718 15
1445235718 15
1445235718 15
1445235718 15
1445235718 15
1445235718 15
1445235719 15
1445235719 15
1445235719 15
1445235719 15
1445235721 15
1445235721 15
1445235721 15
1445235721 15
1445235721 15
1445235721 15
1445235722 15
1445235722 15
1445235722 15
1445235722 15
1445235724 15
1445235724 15
1445235724 15
1445235724 15
1445235724 15
1445235724 15
1445235725 15
1445235725 15
1445235725 15
1445235725 15
1445235727 15
1445235727 15
1445235727 15
1445235727 15
1445235727 15
1445235727 15
1445235728 15
1445235728 15
1445235729 15
1445235729 15
1445235730 15
1445235730 15
1445235730 15
1445235730 15
1445235730 15
1445235730 15
1445235731 15
1445235731 15
1445235732 15
1445235732 15
1445235733 15
1445235733 15
1445235734 15
1445235734 15
1445235734 15
1445235734 15
1445235734 15
1445235734 15
1445235735 15
1445235735 15
1445235736 15
1445235736 15
1445235737 15
1445235737 15
1445235737 15
1445235737 15
1445235737 15
1445235737 15
1445235738 15
1445235738 15
1445235739 15
1445235739 15
1445235740 15
1445235740 15
1445235740 15
1445235740 15
1445235740 15
1445235740 15
1445235741 15
1445235741 15
1445235742 15
1445235742 15
1445235743 15
1445235743 15
1445235743 15
1445235743 15
1445235743 15
1445235743 15
1445235744 15
1445235744 15
1445235744 15
1445235745 15
1445235745 15
1445235746 15
1445235746 15
1445235746 15
1445235746 15
1445235746 15
1445235746 15
1445235747 15
1445235747 15
1445235749 15
1445235749 15
1445235749 15
1445235749 15
1445235749 15
1445235749 15
1445235749 15
1445235749 15
1445235750 15
1445235750 15
1445235752 15
1445235752 15
1445235752 15
1445235752 15
1445235752 15
1445235752 15
1445235753 15
1445235753 15
1445235753 15
1445235753 15
1445235753 15
1445235753 15
1445235753 15
1445235755 15
1445235755 15
1445235755 15
1445235755 15
1445235755 15
1445235755 15
1445235756 15
1445235756 15
1445235756 15
1445235756 15
1445235758 15
1445235758 15
1445235758 15
1445235758 15
1445235758 15
1445235758 15
1445235759 15
1445235759 15
1445235760 15
1445235760 15
1445235761 15
1445235761 15
1445235761 15
1445235761 15
1445235761 15
1445235761 15
1445235762 15
1445235762 15
1445235763 15
1445235763 15
1445235763 15
1445235763 15
1445235764 15
1445235764 15
1445235764 15
1445235764 15
1445235764 15
1445235764 15
1445235765 15
1445235765 15
1445235765 15
1445235765 15
1445235765 15
1445235765 15
1445235766 15
1445235766 15
1445235767 15
1445235767 15
1445235768 15
1445235768 15
1445235768 15
1445235768 15
1445235768 15
1445235768 15
1445235769 15
1445235769 15
1445235769 15
1445235769 15
1445235769 15
1445235769 15
1445235769 15
1445235769 15
1445235770 15
1445235770 15
1445235770 15
1445235770 15
1445235770 15
1445235770 15
1445235770 15
1445235770 15
1445235770 15
1445235770 15
1445235770 15
1445235771 15
1445235771 15
1445235771 15
1445235771 15
1445235771 15
1445235771 15
1445235771 15
1445235771 15
1445235771 15
1445235771 15
1445235771 9
1445235771 11
1445235771 -1
1445235772 15
1445235773 15
1445235773 15
1445235774 15
1445235774 15
1445235774 15
1445235774 15
1445235774 15
1445235774 15
1445235775 15
1445235776 15
1445235776 15
1445235777 15
1445235777 15
1445235777 15
1445235777 15
1445235777 15
1445235777 15
1445235778 15
1445235780 15
1445235780 15
1445235780 15
1445235780 15
1445235780 15
1445235780 15
1445235780 15
1445235780 15
1445235781 15
1445235781 15
1445235781 15
1445235781 15
1445235781 15
1445235781 15
1445235781 15
1445235782 15
1445235782 15
1445235782 15
1445235782 15
1445235782 15
1445235783 15
1445235783 15
1445235783 15
1445235783 15
1445235783 15
1445235783 15
1445235783 15
1445235783 15
1445235783 15
1445235783 15
1445235783 15
1445235783 15
1445235783 15
1445235783 15
1445235783 15
1445235783 15
1445235783 15
1445235783 15
1445235783 15
1445235783 15
1445235783 15
1445235783 15
1445235783 15
1445235784 15
1445235784 15
1445235784 15
1445235784 15
1445235784 15
1445235784 15
1445235784 15
1445235784 9
1445235784 11
1445235784 -1
1445235784 15
1445235784 15
1445235784 15
1445235784 15
1445235784 15
1445235784 15
1445235784 15
1445235784 15
1445235784 15
1445235784 15
1445235784 15
1445235784 15
1445235784 15
1445235784 15
1445235785 15
1445235785 15
1445235785 15
1445235785 15
1445235785 15
1445235785 15
1445235785 9
1445235785 11
1445235785 -1
1445235785 15
1445235785 9
1445235785 11
1445235785 -1
1445235786 15
1445235786 15
1445235786 15
1445235786 15
1445235786 15
1445235786 15
1445235786 15
1445235786 15
1445235786 15
1445235788 15
1445235789 15
1445235789 15
1445235789 15
1445235789 15
1445235789 15
1445235789 15
1445235789 15
1445235790 15
1445235791 15
1445235792 15
1445235792 15
1445235792 15
1445235792 15
1445235792 15
1445235792 15
1445235792 15
1445235793 15
1445235794 15
1445235794 15
1445235795 15
1445235795 15
1445235795 15
1445235795 15
1445235795 15
1445235795 15
1445235795 15
1445235796 15
1445235797 15
1445235798 15
1445235798 15
1445235798 15
1445235798 15
1445235798 15
1445235798 15
1445235798 15
1445235799 15
1445235800 15
1445235800 15
1445235800 15
1445235801 15
1445235801 15
1445235801 15
1445235801 15
1445235801 15
1445235801 15
1445235801 15
1445235801 15
1445235801 15
1445235801 15
1445235801 15
1445235801 15
1445235801 15
1445235801 15
1445235801 15
1445235802 15
1445235802 15
1445235802 15
1445235802 15
1445235802 15
1445235802 9
1445235802 11
1445235802 -1
1445235803 15
1445235803 15
1445235804 15
1445235805 15
1445235806 15
1445235806 15
1445235807 15
1445235809 15
1445235809 15
1445235809 15
1445235809 15
1445235809 15
1445235809 15
1445235809 15
1445235809 15
1445235809 15
1445235809 15
1445235809 15
1445235810 15
1445235810 15
1445235810 15
1445235811 15
1445235812 15
1445235813 15
1445235813 15
1445235814 15
1445235815 15
1445235816 15
1445235816 15
1445235816 15
1445235816 15
1445235816 15
1445235816 15
1445235816 15
1445235816 15
1445235816 15
1445235816 15
1445235816 15
1445235816 15
1445235817 15
1445235817 15
1445235817 15
1445235817 15
1445235817 15
1445235817 9
1445235817 11
1445235817 -1
1445235817 15
1445235817 -1
1445235817 15
1445235818 15
1445235818 15
1445235818 15
1445235818 15
1445235818 15
1445235818 15
1445235818 15
1445235818 15
1445235818 15
1445235818 15
1445235818 15
1445235819 15
1445235819 15
1445235820 15
1445235821 15
1445235821 15
1445235821 15
1445235821 15
1445235821 15
1445235821 15
1445235821 15
1445235821 15
1445235821 15
1445235821 15
1445235821 15
1445235821 15
1445235821 15
1445235822 15
1445235822 15
1445235822 15
1445235822 15
1445235822 15
1445235822 15
1445235822 15
1445235822 15
1445235822 15
1445235822 15
1445235822 15
1445235822 15
1445235822 15
1445235822 15
1445235822 9
1445235822 11
1445235822 -1
1445235823 15
1445235823 15
1445235823 15
1445235823 15
1445235823 9
1445235823 11
1445235823 -1
1445235823 15
1445235823 15
1445235823 9
1445235823 11
1445235823 -1
1445235824 15
1445235825 15
1445235825 15
1445235827 15
1445235828 15
1445235828 15
1445235829 15
1445235830 15
1445235831 15
1445235831 15
1445235832 15
1445235833 15
1445235834 15
1445235834 15
1445235836 15
1445235837 15
1445235838 15
1445235838 15
1445235839 15
1445235839 15
1445235839 15
1445235841 15
1445235844 15
1445235847 15
1445235850 15
1445235853 15
1445235856 15
1445235859 15
1445235862 15
1445235865 15
1445235869 15
1445235872 15
1445235875 15
1445235878 15
1445235881 15
1445235884 15
1445235887 15
1445235890 15
1445235893 15
1445235896 15
1445235899 15
1445235902 15
1445235906 15
1445235909 15
1445235912 15
1445235915 15
1445235918 15
1445235921 15
1445235924 15
1445235927 15
1445235930 15
1445235933 15
1445235936 15
1445235940 15
1445235943 15
1445235946 15
1445235949 15
1445235952 15
1445235955 15
1445235958 15
1445235961 15
1445235964 15
1445235969 15
1445235972 15
1445235975 15
1445235978 15
1445235981 15
1445235984 15
1445235987 15
1445235990 15
1445235993 15
1445235996 15
1445235999 15
1445236002 15
1445236005 15
1445236008 15
1445236011 15
1445236015 15
1445236018 15
1445236021 15
1445236024 15
1445236027 15
1445236030 15
1445236033 15
1445236036 15
1445236039 15
1445236042 15
1445236045 15
1445236048 15
1445236051 15
1445236054 15
1445236057 15
1445236061 15
1445236064 15
1445236067 15
1445236070 15
1445236073 15
1445236076 15
1445236079 15
1445236082 15
1445236085 15
1445236088 15
1445236091 15
1445236095 15
1445236098 15
1445236101 15
1445236104 15
1445236107 15
1445236110 15
1445236113 15
1445236116 15
1445236119 15
1445236122 15
1445236126 15
1445236129 15
1445236132 15
1445236135 15
1445236138 15
1445236141 15
1445236144 15
1445236147 15
1445236150 15
1445236153 15
1445236156 15
1445236159 15
1445236163 15
1445236166 15
1445236169 15
1445236172 15
1445236175 15
1445236178 15
1445236181 15
1445236184 15
1445236188 15
1445236191 15
1445236194 15
1445236197 15
1445236200 15
1445236204 15
1445236207 15
1445236210 15
1445236213 15
1445236216 15
1445236219 15
1445236223 15
1445236226 15
1445236229 15
1445236232 15
1445236235 15
1445236238 15
1445236241 15
1445236244 15
1445236247 15
1445236250 15
1445236253 15
1445236257 15
1445236260 15
1445236263 15
1445236266 15
1445236269 15
1445236272 15
1445236275 15
1445236278 15
1445236281 15
1445236284 15
1445236287 15
1445236290 15
1445236293 15
1445236296 15
1445236297 15
1445236297 15
1445236297 15
1445236297 15
1445236297 15
1445236297 15
1445236297 15
1445236297 15
1445236297 15
1445236297 15
1445236297 15
1445236298 15
1445236298 15
1445236298 15
1445236298 15
1445236298 15
1445236298 15
1445236299 15
1445236299 15
1445236299 15
1445236299 15
1445236299 -1
1445236299 15
1445236299 15
1445236300 15
1445236300 15
1445236300 15
1445236300 15
1445236300 15
1445236300 15
1445236300 15
1445236303 15
1445236303 6
1445236306 15
1445236306 6
1445236306 15
1445236306 8
1445236315 15
1445236315 8
1445236315 15
1445236315 4
1445236315 14
1445236315 15
1445236315 3
1445236315 12
1445236315 15
1445236315 2
1445236315 7
1445236315 15
1445236315 15
1445236315 15
1445236315 15
1445236317 15
1445236317 15
1445236317 15
1445236317 15
1445236317 15
1445236317 15
