1445235692 35
1445235693 35
1445235693 35
1445235693 35
1445235694 35
1445235695 35
1445235695 35
1445235695 35
1445235695 35
1445235695 35
1445235695 35
1445235695 35
1445235695 35
1445235695 35
1445235695 35
1445235695 35
1445235695 35
1445235695 35
1445235695 35
1445235695 35
1445235695 35
1445235695 35
1445235695 35
1445235696 35
1445235696 35
1445235696 35
1445235696 35
1445235696 35
1445235696 35
1445235696 35
1445235696 35
1445235696 35
1445235696 35
1445235696 35
1445235696 8
1445235696 35
1445235696 35
1445235696 35
1445235696 35
1445235696 35
1445235696 35
1445235696 35
1445235696 64
1445235696 5
1445235696 64
1445235696 35
1445235697 35
1445235697 35
1445235697 35
1445235697 35
1445235697 35
1445235697 35
1445235697 35
1445235697 35
1445235697 35
1445235697 35
1445235697 35
1445235697 35
1445235697 35
1445235697 35
1445235697 35
1445235697 35
1445235697 35
1445235697 35
1445235697 35
1445235697 35
1445235697 35
1445235697 35
1445235697 35
1445235697 35
1445235697 35
1445235697 35
1445235697 35
1445235697 35
1445235697 35
1445235697 35
1445235697 35
1445235697 35
1445235697 35
1445235697 35
1445235697 35
1445235697 35
1445235697 35
1445235697 35
1445235697 35
1445235697 35
1445235697 35
1445235697 35
1445235697 35
1445235697 35
1445235697 35
1445235697 35
1445235697 35
1445235697 35
1445235697 35
1445235697 35
1445235697 35
1445235697 35
1445235697 35
1445235697 35
1445235697 35
1445235697 35
1445235697 35
1445235697 35
1445235697 35
1445235697 35
1445235697 35
1445235697 35
1445235698 35
1445235698 35
1445235698 35
1445235698 35
1445235699 35
1445235699 35
1445235699 35
1445235699 35
1445235699 35
1445235699 35
1445235699 35
1445235699 35
1445235699 35
1445235699 35
1445235699 35
1445235699 35
1445235699 35
1445235699 35
1445235700 35
1445235700 35
1445235700 35
1445235700 35
1445235700 35
1445235700 35
1445235700 35
1445235700 35
1445235700 35
1445235700 35
1445235700 35
1445235700 35
1445235700 35
1445235700 35
1445235700 35
1445235700 35
1445235700 35
1445235700 35
1445235700 35
1445235700 35
1445235700 35
1445235700 35
1445235700 35
1445235700 35
1445235700 35
1445235700 35
1445235700 35
1445235700 35
1445235700 35
1445235700 35
1445235700 35
1445235700 35
1445235700 35
1445235700 35
1445235700 35
1445235700 35
1445235700 35
1445235700 35
1445235700 35
1445235700 35
1445235700 35
1445235700 35
1445235700 35
1445235700 35
1445235700 35
1445235700 35
1445235700 35
1445235700 35
1445235700 35
1445235700 35
1445235700 35
1445235700 35
1445235700 35
1445235700 35
1445235700 35
1445235700 35
1445235700 35
1445235700 35
1445235700 35
1445235700 35
1445235700 35
1445235700 35
1445235700 35
1445235700 35
1445235700 35
1445235700 35
1445235700 35
1445235700 35
1445235700 35
1445235700 35
1445235700 35
1445235700 35
1445235700 35
1445235700 35
1445235700 35
1445235700 35
1445235700 35
1445235700 35
1445235700 35
1445235700 35
1445235700 35
1445235700 35
1445235700 35
1445235700 35
1445235700 35
1445235700 35
1445235700 35
1445235700 35
1445235700 35
1445235700 35
1445235700 35
1445235700 35
1445235700 35
1445235700 35
1445235700 35
1445235700 35
1445235700 35
1445235700 35
1445235700 35
1445235700 35
1445235700 35
1445235700 35
1445235700 35
1445235700 35
1445235700 35
1445235700 35
1445235702 35
1445235702 35
1445235703 35
1445235703 35
1445235703 35
1445235703 35
1445235703 35
1445235704 35
1445235704 35
1445235704 35
1445235704 35
1445235704 35
1445235704 35
1445235704 35
1445235704 35
1445235704 35
1445235704 35
1445235704 35
1445235704 35
1445235704 35
1445235704 35
1445235704 35
1445235704 35
1445235704 35
1445235704 35
1445235704 35
1445235704 35
1445235704 35
1445235704 35
1445235704 35
1445235704 35
1445235704 35
1445235704 35
1445235704 35
1445235704 35
1445235704 35
1445235705 35
1445235705 35
1445235706 35
1445235706 35
1445235707 35
1445235707 35
1445235709 35
1445235709 35
1445235710 35
1445235710 35
1445235710 35
1445235712 35
1445235712 35
1445235712 35
1445235712 35
1445235712 35
1445235712 35
1445235713 35
1445235713 35
1445235713 35
1445235713 35
1445235715 35
1445235715 35
1445235715 35
1445235715 35
1445235715 35
1445235715 35
1445235716 35
1445235716 35
1445235716 35
1445235716 35
1445235718 35
1445235718 35
1445235718 35
1445235718 35
1445235718 35
1445235718 35
1445235719 35
1445235719 35
1445235719 35
1445235719 35
1445235721 35
1445235721 35
1445235721 35
1445235721 35
1445235721 35
1445235721 35
1445235722 35
1445235722 35
1445235722 35
1445235722 35
1445235724 35
1445235724 35
1445235724 35
1445235724 35
1445235724 35
1445235724 35
1445235725 35
1445235725 35
1445235725 35
1445235725 35
1445235727 35
1445235727 35
1445235727 35
1445235727 35
1445235727 35
1445235727 35
1445235728 35
1445235728 35
1445235729 35
1445235729 35
1445235730 35
1445235730 35
1445235730 35
1445235730 35
1445235730 35
1445235730 35
1445235731 35
1445235731 35
1445235732 35
1445235732 35
1445235733 35
1445235733 35
1445235734 35
1445235734 35
1445235734 35
1445235734 35
1445235734 35
1445235734 35
1445235735 35
1445235735 35
1445235736 35
1445235736 35
1445235737 35
1445235737 35
1445235737 35
1445235737 35
1445235737 35
1445235737 35
1445235738 35
1445235738 35
1445235739 35
1445235739 35
1445235740 35
1445235740 35
1445235740 35
1445235740 35
1445235740 35
1445235740 35
1445235741 35
1445235741 35
1445235742 35
1445235742 35
1445235743 35
1445235743 35
1445235743 35
1445235743 35
1445235743 35
1445235743 35
1445235744 35
1445235744 35
1445235744 35
1445235745 35
1445235745 35
1445235746 35
1445235746 35
1445235746 35
1445235746 35
1445235746 35
1445235746 35
1445235747 35
1445235747 35
1445235749 35
1445235749 35
1445235749 35
1445235749 35
1445235749 35
1445235749 35
1445235749 35
1445235749 35
1445235750 35
1445235750 35
1445235752 35
1445235752 35
1445235752 35
1445235752 35
1445235752 35
1445235752 35
1445235753 35
1445235753 35
1445235753 35
1445235753 35
1445235753 35
1445235753 35
1445235753 35
1445235755 35
1445235755 35
1445235755 35
1445235755 35
1445235755 35
1445235755 35
1445235756 35
1445235756 35
1445235756 35
1445235756 35
1445235758 35
1445235758 35
1445235758 35
1445235758 35
1445235758 35
1445235758 35
1445235759 35
1445235759 35
1445235760 35
1445235760 35
1445235761 35
1445235761 35
1445235761 35
1445235761 35
1445235761 35
1445235761 35
1445235762 35
1445235762 35
1445235763 35
1445235763 35
1445235763 35
1445235763 35
1445235764 35
1445235764 35
1445235764 35
1445235764 35
1445235764 35
1445235764 35
1445235765 35
1445235765 35
1445235765 35
1445235765 35
1445235765 35
1445235765 35
1445235766 35
1445235766 35
1445235767 35
1445235767 35
1445235768 35
1445235768 35
1445235768 35
1445235768 35
1445235768 35
1445235768 35
1445235769 35
1445235769 35
1445235769 35
1445235769 35
1445235769 35
1445235769 35
1445235769 35
1445235769 35
1445235770 35
1445235770 35
1445235770 35
1445235770 35
1445235770 35
1445235770 35
1445235770 35
1445235770 35
1445235770 35
1445235770 35
1445235770 35
1445235771 35
1445235771 35
1445235771 35
1445235771 35
1445235771 35
1445235771 35
1445235771 35
1445235771 35
1445235771 35
1445235771 35
1445235771 113
1445235771 119
1445235771 170
1445235772 35
1445235773 35
1445235773 35
1445235774 35
1445235774 35
1445235774 35
1445235774 35
1445235774 35
1445235774 35
1445235775 35
1445235776 35
1445235776 35
1445235777 35
1445235777 35
1445235777 35
1445235777 35
1445235777 35
1445235777 35
1445235778 35
1445235780 35
1445235780 35
1445235780 35
1445235780 35
1445235780 35
1445235780 35
1445235780 35
1445235780 35
1445235781 35
1445235781 35
1445235781 35
1445235781 35
1445235781 35
1445235781 35
1445235781 35
1445235782 35
1445235782 35
1445235782 35
1445235782 35
1445235782 35
1445235783 35
1445235783 35
1445235783 35
1445235783 35
1445235783 35
1445235783 35
1445235783 35
1445235783 35
1445235783 35
1445235783 35
1445235783 35
1445235783 35
1445235783 35
1445235783 35
1445235783 35
1445235783 35
1445235783 35
1445235783 35
1445235783 35
1445235783 35
1445235783 35
1445235783 35
1445235783 35
1445235784 35
1445235784 35
1445235784 35
1445235784 35
1445235784 35
1445235784 35
1445235784 35
1445235784 113
1445235784 119
1445235784 170
1445235784 35
1445235784 35
1445235784 35
1445235784 35
1445235784 35
1445235784 35
1445235784 35
1445235784 35
1445235784 35
1445235784 35
1445235784 35
1445235784 35
1445235784 35
1445235784 35
1445235785 35
1445235785 35
1445235785 35
1445235785 35
1445235785 35
1445235785 35
1445235785 113
1445235785 119
1445235785 170
1445235785 35
1445235785 113
1445235785 119
1445235785 170
1445235786 35
1445235786 35
1445235786 35
1445235786 35
1445235786 35
1445235786 35
1445235786 35
1445235786 35
1445235786 35
1445235788 35
1445235789 35
1445235789 35
1445235789 35
1445235789 35
1445235789 35
1445235789 35
1445235789 35
1445235790 35
1445235791 35
1445235792 35
1445235792 35
1445235792 35
1445235792 35
1445235792 35
1445235792 35
1445235792 35
1445235793 35
1445235794 35
1445235794 35
1445235795 35
1445235795 35
1445235795 35
1445235795 35
1445235795 35
1445235795 35
1445235795 35
1445235796 35
1445235797 35
1445235798 35
1445235798 35
1445235798 35
1445235798 35
1445235798 35
1445235798 35
1445235798 35
1445235799 35
1445235800 35
1445235800 35
1445235800 35
1445235801 35
1445235801 35
1445235801 35
1445235801 35
1445235801 35
1445235801 35
1445235801 35
1445235801 35
1445235801 35
1445235801 35
1445235801 35
1445235801 35
1445235801 35
1445235801 35
1445235801 35
1445235802 35
1445235802 35
1445235802 35
1445235802 35
1445235802 35
1445235802 113
1445235802 119
1445235802 170
1445235803 35
1445235803 35
1445235804 35
1445235805 35
1445235806 35
1445235806 35
1445235807 35
1445235809 35
1445235809 35
1445235809 35
1445235809 35
1445235809 35
1445235809 35
1445235809 35
1445235809 35
1445235809 35
1445235809 35
1445235809 35
1445235810 35
1445235810 35
1445235810 35
1445235811 35
1445235812 35
1445235813 35
1445235813 35
1445235814 35
1445235815 35
1445235816 35
1445235816 35
1445235816 35
1445235816 35
1445235816 35
1445235816 35
1445235816 35
1445235816 35
1445235816 35
1445235816 35
1445235816 35
1445235816 35
1445235817 35
1445235817 35
1445235817 35
1445235817 35
1445235817 35
1445235817 113
1445235817 119
1445235817 170
1445235817 35
1445235817 170
1445235817 35
1445235818 35
1445235818 35
1445235818 35
1445235818 35
1445235818 35
1445235818 35
1445235818 35
1445235818 35
1445235818 35
1445235818 35
1445235818 35
1445235819 35
1445235819 35
1445235820 35
1445235821 35
1445235821 35
1445235821 35
1445235821 35
1445235821 35
1445235821 35
1445235821 35
1445235821 35
1445235821 35
1445235821 35
1445235821 35
1445235821 35
1445235821 35
1445235822 35
1445235822 35
1445235822 35
1445235822 35
1445235822 35
1445235822 35
1445235822 35
1445235822 35
1445235822 35
1445235822 35
1445235822 35
1445235822 35
1445235822 35
1445235822 35
1445235822 113
1445235822 119
1445235822 170
1445235823 35
1445235823 35
1445235823 35
1445235823 35
1445235823 113
1445235823 119
1445235823 170
1445235823 35
1445235823 35
1445235823 113
1445235823 119
1445235823 170
1445235824 35
1445235825 35
1445235825 35
1445235827 35
1445235828 35
1445235828 35
1445235829 35
1445235830 35
1445235831 35
1445235831 35
1445235832 35
1445235833 35
1445235834 35
1445235834 35
1445235836 35
1445235837 35
1445235838 35
1445235838 35
1445235839 35
1445235839 35
1445235839 35
1445235841 35
1445235844 35
1445235847 35
1445235850 35
1445235853 35
1445235856 35
1445235859 35
1445235862 35
1445235865 35
1445235869 35
1445235872 35
1445235875 35
1445235878 35
1445235881 35
1445235884 35
1445235887 35
1445235890 35
1445235893 35
1445235896 35
1445235899 35
1445235902 35
1445235906 35
1445235909 35
1445235912 35
1445235915 35
1445235918 35
1445235921 35
1445235924 35
1445235927 35
1445235930 35
1445235933 35
1445235936 35
1445235940 35
1445235943 35
1445235946 35
1445235949 35
1445235952 35
1445235955 35
1445235958 35
1445235961 35
1445235964 35
1445235969 35
1445235972 35
1445235975 35
1445235978 35
1445235981 35
1445235984 35
1445235987 35
1445235990 35
1445235993 35
1445235996 35
1445235999 35
1445236002 35
1445236005 35
1445236008 35
1445236011 35
1445236015 35
1445236018 35
1445236021 35
1445236024 35
1445236027 35
1445236030 35
1445236033 35
1445236036 35
1445236039 35
1445236042 35
1445236045 35
1445236048 35
1445236051 35
1445236054 35
1445236057 35
1445236061 35
1445236064 35
1445236067 35
1445236070 35
1445236073 35
1445236076 35
1445236079 35
1445236082 35
1445236085 35
1445236088 35
1445236091 35
1445236095 35
1445236098 35
1445236101 35
1445236104 35
1445236107 35
1445236110 35
1445236113 35
1445236116 35
1445236119 35
1445236122 35
1445236126 35
1445236129 35
1445236132 35
1445236135 35
1445236138 35
1445236141 35
1445236144 35
1445236147 35
1445236150 35
1445236153 35
1445236156 35
1445236159 35
1445236163 35
1445236166 35
1445236169 35
1445236172 35
1445236175 35
1445236178 35
1445236181 35
1445236184 35
1445236188 35
1445236191 35
1445236194 35
1445236197 35
1445236200 35
1445236204 35
1445236207 35
1445236210 35
1445236213 35
1445236216 35
1445236219 35
1445236223 35
1445236226 35
1445236229 35
1445236232 35
1445236235 35
1445236238 35
1445236241 35
1445236244 35
1445236247 35
1445236250 35
1445236253 35
1445236257 35
1445236260 35
1445236263 35
1445236266 35
1445236269 35
1445236272 35
1445236275 35
1445236278 35
1445236281 35
1445236284 35
1445236287 35
1445236290 35
1445236293 35
1445236296 35
1445236297 35
1445236297 35
1445236297 35
1445236297 35
1445236297 35
1445236297 35
1445236297 35
1445236297 35
1445236297 35
1445236297 35
1445236297 35
1445236298 35
1445236298 35
1445236298 35
1445236298 35
1445236298 35
1445236298 35
1445236299 35
1445236299 35
1445236299 35
1445236299 35
1445236299 170
1445236299 35
1445236299 35
1445236300 35
1445236300 35
1445236300 35
1445236300 35
1445236300 35
1445236300 35
1445236300 35
1445236303 35
1445236303 17
1445236306 35
1445236306 17
1445236306 35
1445236306 130
1445236315 35
1445236315 130
1445236315 35
1445236315 34
1445236315 70
1445236315 35
1445236315 34
1445236315 130
1445236315 35
1445236315 34
1445236315 17
1445236315 35
1445236315 35
1445236315 35
1445236315 35
1445236317 35
1445236317 35
1445236317 35
1445236317 35
1445236317 35
1445236317 35
