1445241011 27
1445241011 9
1445241011 18
1445241011 24
1445241011 6
1445241012 5
1445241013 2
1445241015 3
1445241016 8
1445241016 11
1445241017 7
1445241017 31
1445241017 10
1445241017 28
1445241017 25
1445241017 26
1445241017 13
1445241030 21
1445241030 19
1445241030 16
1445241030 31
1445241055 29
1445241055 20
1445241060 21
1445241060 19
1445241060 16
1445241060 31
1445241087 29
1445241087 20
1445241091 21
1445241091 19
1445241091 16
1445241091 31
1445241114 29
1445241114 20
1445241118 21
1445241118 19
1445241118 16
1445241118 31
1445241141 29
1445241141 20
1445241144 21
1445241144 19
1445241144 16
1445241144 31
1445241166 29
1445241166 20
1445241170 21
1445241170 19
1445241170 16
1445241170 31
1445241196 29
1445241196 20
1445241200 21
1445241200 19
1445241200 16
1445241200 31
1445241226 29
1445241226 20
1445241229 12
1445241229 21
1445241229 19
1445241229 16
1445241246 30
1445241246 22
1445241246 1
1445241323 4
1445241324 23
1445241324 17
1445241324 15
1445241324 14
