1445241011 8
1445241011 147
1445241011 16
1445241011 102
1445241011 83
1445241012 8
1445241013 147
1445241015 160
1445241016 82
1445241016 67
1445241017 22
1445241017 102
1445241017 3
1445241017 75
1445241017 25
1445241017 25
1445241017 154
1445241030 102
1445241030 25
1445241030 25
1445241030 102
1445241055 75
1445241055 25
1445241060 102
1445241060 25
1445241060 25
1445241060 102
1445241087 75
1445241087 25
1445241091 102
1445241091 25
1445241091 25
1445241091 102
1445241114 75
1445241114 25
1445241118 102
1445241118 25
1445241118 25
1445241118 102
1445241141 75
1445241141 25
1445241144 102
1445241144 25
1445241144 25
1445241144 102
1445241166 75
1445241166 25
1445241170 102
1445241170 25
1445241170 25
1445241170 102
1445241196 75
1445241196 25
1445241200 102
1445241200 25
1445241200 25
1445241200 102
1445241226 75
1445241226 25
1445241229 67
1445241229 102
1445241229 25
1445241229 25
1445241246 75
1445241246 102
1445241246 160
1445241323 129
1445241324 3
1445241324 16
1445241324 16
1445241324 111
