1445092010 25
1445092010 14
1445092010 17
1445092010 24
1445092010 6
1445092011 3
1445092011 2
1445092013 4
1445092014 7
1445092014 10
1445092015 8
1445092015 29
1445092015 11
1445092015 27
1445092015 26
1445092015 22
1445092015 12
1445092025 23
1445092025 19
1445092025 16
1445092025 29
1445092047 30
1445092047 18
1445092055 23
1445092055 19
1445092055 16
1445092055 29
1445092081 30
1445092081 18
1445092085 23
1445092085 19
1445092085 16
1445092085 29
1445092113 30
1445092113 18
1445092117 23
1445092117 19
1445092117 16
1445092117 29
1445092144 30
1445092144 18
1445092148 13
1445092148 23
1445092148 19
1445092148 16
1445092171 31
1445092171 21
1445092171 1
1445092227 5
1445092228 28
1445092228 15
1445092228 20
1445092228 9
