1445092010 8
1445092010 147
1445092010 16
1445092010 102
1445092010 83
1445092011 8
1445092011 147
1445092013 160
1445092014 82
1445092014 67
1445092015 22
1445092015 102
1445092015 3
1445092015 75
1445092015 25
1445092015 25
1445092015 154
1445092025 102
1445092025 25
1445092025 25
1445092025 102
1445092047 75
1445092047 25
1445092055 102
1445092055 25
1445092055 25
1445092055 102
1445092081 75
1445092081 25
1445092085 102
1445092085 25
1445092085 25
1445092085 102
1445092113 75
1445092113 25
1445092117 102
1445092117 25
1445092117 25
1445092117 102
1445092144 75
1445092144 25
1445092148 67
1445092148 102
1445092148 25
1445092148 25
1445092171 75
1445092171 102
1445092171 160
1445092227 129
1445092228 3
1445092228 16
1445092228 16
1445092228 111
