1445076732 8
1445076732 147
1445076732 16
1445076732 102
1445076732 83
1445076732 8
1445076732 147
1445076733 160
1445076734 82
1445076734 67
1445076734 22
1445076734 102
1445076734 3
1445076734 75
1445076734 25
1445076734 25
1445076734 154
1445076736 102
1445076736 25
1445076736 25
1445076736 102
1445076747 75
1445076747 25
1445076748 102
1445076748 25
1445076748 25
1445076748 102
1445076757 75
1445076757 25
1445076759 102
1445076759 25
1445076759 25
1445076759 102
1445076769 75
1445076769 25
1445076771 102
1445076771 25
1445076771 25
1445076771 102
1445076780 75
1445076780 25
1445076781 102
1445076781 25
1445076781 25
1445076781 102
1445076790 75
1445076790 25
1445076792 102
1445076792 25
1445076792 25
1445076792 102
1445076802 75
1445076802 25
1445076803 102
1445076803 25
1445076803 25
1445076803 102
1445076812 75
1445076812 25
1445076821 67
1445076821 102
1445076821 25
1445076821 25
1445076832 75
1445076832 102
1445076832 160
1445076862 129
1445076868 3
1445076868 16
1445076868 16
1445076868 111
