1445162524 31
1445162524 18
1445162524 24
1445162524 38
1445162524 11
1445162525 8
1445162526 7
1445162527 10
1445162529 12
1445162529 17
1445162530 14
1445162530 50
1445162530 19
1445162530 36
1445162530 40
1445162530 32
1445162530 20
1445162545 39
1445162545 26
1445162545 25
1445162545 50
1445162576 43
1445162576 28
1445162581 39
1445162581 26
1445162581 25
1445162581 50
1445162614 43
1445162614 28
1445162620 39
1445162620 26
1445162620 25
1445162620 50
1445162652 43
1445162652 28
1445162659 39
1445162659 26
1445162659 25
1445162659 50
1445162690 43
1445162690 28
1445162757 21
1445162757 34
1445162757 82
1445162757 93
1445162757 77
1445162757 81
1445162757 80
1445162757 62
1445162757 90
1445162757 83
1445162757 89
1445162757 88
1445162757 86
1445162757 73
1445162757 65
1445162757 103
1445162757 78
1445162757 76
1445162757 64
1445162757 37
1445162757 48
1445162757 46
1445162757 27
1445162757 69
1445162757 60
1445162757 71
1445162757 44
1445162757 94
1445162757 92
1445162757 66
1445162757 84
1445162757 5
1445162757 34
1445162757 82
1445162757 93
1445162757 77
1445162757 81
1445162757 80
1445162757 62
1445162757 90
1445162757 83
1445162757 89
1445162757 88
1445162757 86
1445162757 73
1445162757 65
1445162757 103
1445162757 78
1445162757 76
1445162757 64
1445162757 37
1445162757 48
1445162757 46
1445162757 27
1445162757 69
1445162757 60
1445162757 71
1445162757 44
1445162757 94
1445162757 92
1445162757 66
1445162757 84
1445162757 21
1445162757 34
1445162757 82
1445162757 93
1445162757 77
1445162757 81
1445162757 80
1445162757 62
1445162757 90
1445162757 83
1445162757 89
1445162757 88
1445162757 86
1445162757 73
1445162757 65
1445162757 103
1445162757 78
1445162757 76
1445162757 64
1445162757 37
1445162757 48
1445162757 46
1445162757 27
1445162757 69
1445162757 60
1445162757 71
1445162757 44
1445162757 94
1445162757 92
1445162757 66
1445162757 84
1445162757 5
1445162757 34
1445162757 82
1445162757 93
1445162757 77
1445162757 81
1445162757 80
1445162757 62
1445162757 90
1445162757 83
1445162757 89
1445162757 88
1445162757 86
1445162757 73
1445162757 65
1445162757 103
1445162757 78
1445162757 76
1445162757 64
1445162757 37
1445162757 48
1445162757 46
1445162757 27
1445162757 69
1445162757 60
1445162757 71
1445162757 44
1445162757 94
1445162757 92
1445162757 66
1445162757 84
1445162757 3
1445162757 9
1445162760 13
1445162760 21
1445162760 34
1445162760 82
1445162760 93
1445162760 77
1445162760 81
1445162760 80
1445162760 62
1445162760 90
1445162760 83
1445162760 89
1445162760 73
1445162760 65
1445162760 103
1445162760 78
1445162760 76
1445162760 64
1445162760 37
1445162760 48
1445162760 46
1445162760 27
1445162760 69
1445162760 60
1445162760 71
1445162760 44
1445162760 94
1445162760 92
1445162760 66
1445162760 84
1445162760 5
1445162760 34
1445162760 82
1445162760 93
1445162760 77
1445162760 81
1445162760 80
1445162760 62
1445162760 90
1445162760 83
1445162760 89
1445162760 73
1445162760 65
1445162760 103
1445162760 78
1445162760 76
1445162760 64
1445162760 37
1445162760 48
1445162760 46
1445162760 27
1445162760 69
1445162760 60
1445162760 71
1445162760 44
1445162760 94
1445162760 92
1445162760 66
1445162760 84
1445162760 3
1445162760 9
1445162760 13
1445162760 53
1445162760 4
1445162760 98
1445162760 101
1445162760 97
1445162760 99
1445162760 74
1445162760 68
1445162760 75
1445162760 75
1445162760 56
1445162760 72
1445162760 54
1445162760 102
1445162760 95
1445162760 100
1445162760 96
1445162760 45
1445162760 51
1445162760 72
1445162760 91
1445162760 70
1445162760 70
1445162760 63
1445162760 79
1445162760 57
1445162760 89
1445162760 73
1445162760 65
1445162760 103
1445162760 78
1445162760 76
1445162760 64
1445162760 37
1445162760 48
1445162760 46
1445162760 27
1445162760 69
1445162760 60
1445162760 71
1445162760 44
1445162760 94
1445162760 92
1445162760 66
1445162760 84
1445162760 22
1445162760 82
1445162760 93
1445162760 77
1445162760 81
1445162760 81
1445162760 41
1445162760 52
1445162760 47
1445162760 87
1445162760 75
1445162760 -1
1445162760 23
1445162760 39
1445162760 26
1445162760 25
1445162765 49
1445162765 35
1445162765 6
1445162788 2
1445162788 98
1445162788 101
1445162788 97
1445162788 99
1445162788 74
1445162788 68
1445162788 75
1445162788 75
1445162788 56
1445162788 72
1445162788 54
1445162788 102
1445162788 95
1445162788 100
1445162788 96
1445162788 45
1445162788 51
1445162788 72
1445162788 91
1445162788 70
1445162788 70
1445162788 63
1445162788 79
1445162788 57
1445162788 89
1445162788 73
1445162788 65
1445162788 103
1445162788 78
1445162788 76
1445162788 64
1445162788 37
1445162788 48
1445162788 46
1445162788 27
1445162788 69
1445162788 60
1445162788 71
1445162788 44
1445162788 94
1445162788 92
1445162788 66
1445162788 84
1445162788 22
1445162788 82
1445162788 93
1445162788 77
1445162788 81
1445162788 81
1445162788 41
1445162788 52
1445162788 47
1445162788 87
1445162788 75
1445162788 -1
1445162788 -1
1445162788 16
1445162788 13
1445162788 1
1445162788 98
1445162788 101
1445162788 97
1445162788 99
1445162788 74
1445162788 68
1445162788 75
1445162788 75
1445162788 56
1445162788 61
1445162788 42
1445162788 102
1445162788 95
1445162788 100
1445162788 96
1445162788 45
1445162788 51
1445162788 61
1445162788 58
1445162788 55
1445162788 55
1445162788 85
1445162788 67
1445162788 33
1445162788 33
1445162788 59
1445162788 44
1445162788 94
1445162788 92
1445162788 66
1445162788 84
1445162788 22
1445162788 82
1445162788 93
1445162788 77
1445162788 81
1445162788 81
1445162788 41
1445162788 52
1445162788 47
1445162788 87
1445162788 75
1445162788 -1
1445162788 -1
1445162788 29
1445162788 30
1445162788 15
