1445162524 8
1445162524 147
1445162524 16
1445162524 102
1445162524 83
1445162525 8
1445162526 147
1445162527 160
1445162529 82
1445162529 67
1445162530 22
1445162530 102
1445162530 3
1445162530 75
1445162530 25
1445162530 25
1445162530 154
1445162545 102
1445162545 25
1445162545 25
1445162545 102
1445162576 75
1445162576 25
1445162581 102
1445162581 25
1445162581 25
1445162581 102
1445162614 75
1445162614 25
1445162620 102
1445162620 25
1445162620 25
1445162620 102
1445162652 75
1445162652 25
1445162659 102
1445162659 25
1445162659 25
1445162659 102
1445162690 75
1445162690 25
1445162757 14
1445162757 18
1445162757 11
1445162757 4
1445162757 131
1445162757 131
1445162757 126
1445162757 149
1445162757 149
1445162757 149
1445162757 23
1445162757 23
1445162757 23
1445162757 23
1445162757 19
1445162757 136
1445162757 2
1445162757 2
1445162757 2
1445162757 153
1445162757 41
1445162757 6
1445162757 72
1445162757 6
1445162757 41
1445162757 141
1445162757 41
1445162757 9
1445162757 137
1445162757 128
1445162757 141
1445162757 81
1445162757 18
1445162757 11
1445162757 4
1445162757 131
1445162757 131
1445162757 126
1445162757 149
1445162757 149
1445162757 149
1445162757 23
1445162757 23
1445162757 23
1445162757 23
1445162757 19
1445162757 136
1445162757 2
1445162757 2
1445162757 2
1445162757 153
1445162757 41
1445162757 6
1445162757 72
1445162757 6
1445162757 41
1445162757 141
1445162757 41
1445162757 9
1445162757 137
1445162757 128
1445162757 141
1445162757 14
1445162757 18
1445162757 11
1445162757 4
1445162757 131
1445162757 131
1445162757 126
1445162757 149
1445162757 149
1445162757 149
1445162757 23
1445162757 23
1445162757 23
1445162757 23
1445162757 19
1445162757 136
1445162757 2
1445162757 2
1445162757 2
1445162757 153
1445162757 41
1445162757 6
1445162757 72
1445162757 6
1445162757 41
1445162757 141
1445162757 41
1445162757 9
1445162757 137
1445162757 128
1445162757 141
1445162757 81
1445162757 18
1445162757 11
1445162757 4
1445162757 131
1445162757 131
1445162757 126
1445162757 149
1445162757 149
1445162757 149
1445162757 23
1445162757 23
1445162757 23
1445162757 23
1445162757 19
1445162757 136
1445162757 2
1445162757 2
1445162757 2
1445162757 153
1445162757 41
1445162757 6
1445162757 72
1445162757 6
1445162757 41
1445162757 141
1445162757 41
1445162757 9
1445162757 137
1445162757 128
1445162757 141
1445162757 160
1445162757 147
1445162760 80
1445162760 14
1445162760 18
1445162760 11
1445162760 4
1445162760 131
1445162760 131
1445162760 126
1445162760 149
1445162760 149
1445162760 149
1445162760 23
1445162760 23
1445162760 19
1445162760 136
1445162760 2
1445162760 2
1445162760 2
1445162760 153
1445162760 41
1445162760 6
1445162760 72
1445162760 6
1445162760 41
1445162760 141
1445162760 41
1445162760 9
1445162760 137
1445162760 128
1445162760 141
1445162760 81
1445162760 18
1445162760 11
1445162760 4
1445162760 131
1445162760 131
1445162760 126
1445162760 149
1445162760 149
1445162760 149
1445162760 23
1445162760 23
1445162760 19
1445162760 136
1445162760 2
1445162760 2
1445162760 2
1445162760 153
1445162760 41
1445162760 6
1445162760 72
1445162760 6
1445162760 41
1445162760 141
1445162760 41
1445162760 9
1445162760 137
1445162760 128
1445162760 141
1445162760 160
1445162760 147
1445162760 80
1445162760 97
1445162760 39
1445162760 71
1445162760 148
1445162760 62
1445162760 62
1445162760 53
1445162760 53
1445162760 15
1445162760 15
1445162760 44
1445162760 12
1445162760 144
1445162760 71
1445162760 148
1445162760 62
1445162760 127
1445162760 42
1445162760 42
1445162760 12
1445162760 126
1445162760 126
1445162760 126
1445162760 23
1445162760 23
1445162760 23
1445162760 23
1445162760 23
1445162760 19
1445162760 136
1445162760 2
1445162760 2
1445162760 2
1445162760 153
1445162760 41
1445162760 6
1445162760 72
1445162760 6
1445162760 41
1445162760 141
1445162760 41
1445162760 9
1445162760 137
1445162760 128
1445162760 141
1445162760 18
1445162760 11
1445162760 4
1445162760 131
1445162760 131
1445162760 131
1445162760 152
1445162760 152
1445162760 15
1445162760 152
1445162760 15
1445162760 170
1445162760 67
1445162760 102
1445162760 25
1445162760 25
1445162765 75
1445162765 102
1445162765 160
1445162788 39
1445162788 71
1445162788 148
1445162788 62
1445162788 62
1445162788 53
1445162788 53
1445162788 15
1445162788 15
1445162788 44
1445162788 12
1445162788 144
1445162788 71
1445162788 148
1445162788 62
1445162788 127
1445162788 42
1445162788 42
1445162788 12
1445162788 126
1445162788 126
1445162788 126
1445162788 23
1445162788 23
1445162788 23
1445162788 23
1445162788 23
1445162788 19
1445162788 136
1445162788 2
1445162788 2
1445162788 2
1445162788 153
1445162788 41
1445162788 6
1445162788 72
1445162788 6
1445162788 41
1445162788 141
1445162788 41
1445162788 9
1445162788 137
1445162788 128
1445162788 141
1445162788 18
1445162788 11
1445162788 4
1445162788 131
1445162788 131
1445162788 131
1445162788 152
1445162788 152
1445162788 15
1445162788 152
1445162788 15
1445162788 170
1445162788 170
1445162788 154
1445162788 80
1445162788 39
1445162788 71
1445162788 148
1445162788 62
1445162788 62
1445162788 53
1445162788 53
1445162788 15
1445162788 15
1445162788 44
1445162788 12
1445162788 126
1445162788 71
1445162788 148
1445162788 62
1445162788 127
1445162788 42
1445162788 42
1445162788 12
1445162788 19
1445162788 144
1445162788 144
1445162788 128
1445162788 149
1445162788 153
1445162788 153
1445162788 91
1445162788 41
1445162788 9
1445162788 137
1445162788 128
1445162788 141
1445162788 18
1445162788 11
1445162788 4
1445162788 131
1445162788 131
1445162788 131
1445162788 152
1445162788 152
1445162788 15
1445162788 152
1445162788 15
1445162788 170
1445162788 170
1445162788 16
1445162788 16
1445162788 111
