1445162520 8
1445162520 147
1445162520 16
1445162520 102
1445162520 83
1445162521 8
1445162522 147
1445162524 160
1445162526 82
1445162526 67
1445162527 22
1445162527 102
1445162527 3
1445162527 75
1445162527 25
1445162527 25
1445162527 154
1445162542 102
1445162542 25
1445162542 25
1445162542 102
1445162579 75
1445162579 25
1445162585 102
1445162585 25
1445162585 25
1445162585 102
1445162621 75
1445162621 25
1445162626 102
1445162626 25
1445162626 25
1445162626 102
1445162662 75
1445162662 25
1445162667 102
1445162667 25
1445162667 25
1445162667 102
1445162703 75
1445162703 25
1445162708 102
1445162708 25
1445162708 25
1445162708 102
1445162739 75
1445162739 25
1445162743 102
1445162743 25
1445162743 25
1445162743 102
1445162744 20
1445162744 53
1445162744 15
1445162744 15
1445162744 44
1445162744 12
1445162744 91
1445162744 31
1445162744 36
1445162744 164
1445162744 106
1445162744 4
1445162744 106
1445162744 106
1445162744 144
1445162744 53
1445162744 53
1445162744 53
1445162744 51
1445162744 51
1445162744 152
1445162744 51
1445162744 136
1445162744 51
1445162744 152
1445162744 15
1445162744 170
1445162767 33
1445162776 75
1445162776 25
1445162781 102
1445162781 25
1445162781 25
1445162781 102
1445162787 33
1445162807 33
1445162813 75
1445162813 25
1445162827 33
1445162847 33
1445162867 33
1445162887 33
1445162907 33
1445162927 33
1445162947 33
1445162967 33
1445162987 33
1445163007 33
1445163027 33
1445163047 33
1445163067 33
1445163087 33
1445163107 33
1445163127 33
1445163147 33
1445163167 33
1445163187 33
1445163207 33
1445163227 33
1445163247 33
1445163267 33
1445163287 33
1445163307 33
1445163327 33
1445163347 33
1445163367 33
1445163387 33
1445163407 33
