1445241001 23
1445241002 9
1445241002 15
1445241002 18
1445241002 6
1445241002 3
1445241002 2
1445241003 4
1445241004 7
1445241004 12
1445241005 8
1445241005 26
1445241005 13
1445241005 22
1445241005 19
1445241005 25
1445241005 11
1445241010 21
1445241010 17
1445241010 16
1445241010 26
1445241021 28
1445241021 14
1445241023 21
1445241023 17
1445241023 16
1445241023 26
1445241034 28
1445241034 14
1445241036 21
1445241036 17
1445241036 16
1445241036 26
1445241049 28
1445241049 14
1445241052 21
1445241052 17
1445241052 16
1445241052 26
1445241060 28
1445241060 14
1445241062 21
1445241062 17
1445241062 16
1445241062 26
1445241073 28
1445241073 14
1445241074 21
1445241074 17
1445241074 16
1445241074 26
1445241084 28
1445241084 14
1445241086 21
1445241086 17
1445241086 16
1445241086 26
1445241096 28
1445241096 14
1445241097 10
1445241097 21
1445241097 17
1445241097 16
1445241105 27
1445241105 24
1445241105 1
1445241138 5
1445241138 20
