1445071812 22
1445071812 12
1445071812 19
1445071812 21
1445071812 6
1445071813 4
1445071816 2
1445071817 5
1445071818 7
1445071818 10
1445071818 8
1445071818 29
1445071818 14
1445071818 26
1445071818 28
1445071818 24
1445071818 9
1445071822 27
1445071822 18
1445071822 15
1445071822 29
1445071833 30
1445071833 20
1445071836 27
1445071836 18
1445071836 15
1445071836 29
1445071846 30
1445071846 20
1445071847 27
1445071847 18
1445071847 15
1445071847 29
1445071855 30
1445071855 20
1445071857 27
1445071857 18
1445071857 15
1445071857 29
1445071866 30
1445071866 20
1445071869 27
1445071869 18
1445071869 15
1445071869 29
1445071879 30
1445071879 20
1445071882 27
1445071882 18
1445071882 15
1445071882 29
1445071893 30
1445071893 20
1445071896 27
1445071896 18
1445071896 15
1445071896 29
1445071905 30
1445071905 20
1445071906 13
1445071906 27
1445071906 18
1445071906 15
1445071914 31
1445071914 25
1445071914 1
1445071947 3
1445071947 23
1445071947 16
1445071947 17
1445071947 11
