1445071812 8
1445071812 147
1445071812 16
1445071812 102
1445071812 83
1445071813 8
1445071816 147
1445071817 160
1445071818 82
1445071818 67
1445071818 22
1445071818 102
1445071818 3
1445071818 75
1445071818 25
1445071818 25
1445071818 154
1445071822 102
1445071822 25
1445071822 25
1445071822 102
1445071833 75
1445071833 25
1445071836 102
1445071836 25
1445071836 25
1445071836 102
1445071846 75
1445071846 25
1445071847 102
1445071847 25
1445071847 25
1445071847 102
1445071855 75
1445071855 25
1445071857 102
1445071857 25
1445071857 25
1445071857 102
1445071866 75
1445071866 25
1445071869 102
1445071869 25
1445071869 25
1445071869 102
1445071879 75
1445071879 25
1445071882 102
1445071882 25
1445071882 25
1445071882 102
1445071893 75
1445071893 25
1445071896 102
1445071896 25
1445071896 25
1445071896 102
1445071905 75
1445071905 25
1445071906 67
1445071906 102
1445071906 25
1445071906 25
1445071914 75
1445071914 102
1445071914 160
1445071947 129
1445071947 3
1445071947 16
1445071947 16
1445071947 111
