1445071685 8
1445071685 147
1445071685 16
1445071685 102
1445071685 83
1445071685 8
1445071686 147
1445071688 160
1445071689 82
1445071689 67
1445071692 22
1445071692 102
1445071692 3
1445071692 75
1445071692 25
1445071692 25
1445071692 154
1445071716 102
1445071716 25
1445071716 25
1445071716 102
1445071765 75
1445071766 25
1445071781 102
1445071781 25
1445071781 25
1445071781 102
1445071828 75
1445071828 25
1445071837 67
1445071837 102
1445071837 25
1445071837 25
1445071877 75
1445071877 102
1445071879 160
1445071942 129
1445071944 3
1445071944 16
1445071944 16
1445071944 111
