1445092238 26
1445092238 22
1445092238 24
1445092238 25
1445092238 18
1445092238 14
1445092239 3
1445092241 16
1445092242 20
1445092243 23
1445092243 21
1445092243 19
1445092244 17
1445092244 1
1445092244 1
1445092244 1
1445092244 8
1445092244 12
1445092244 13
1445092244 9
1445092244 7
1445092244 2
1445092244 5
1445092244 4
1445092245 2
1445092245 5
1445092245 4
1445092249 15
1445092249 6
1445092325 8
1445092325 11
1445092325 10
1445092325 2
1445092325 5
1445092325 4
1445092329 8
1445092334 8
1445092353 15
1445092353 5
1445092353 4
1445092381 8
1445092383 8
1445092384 8
