1445091999 65
1445092000 65
1445092000 65
1445092001 65
1445092002 65
1445092002 65
1445092002 39
1445092002 65
1445092002 65
1445092002 65
1445092002 65
1445092002 65
1445092002 65
1445092002 65
1445092002 45
1445092002 45
1445092002 45
1445092002 18
1445092002 65
1445092003 57
1445092003 48
1445092003 52
1445092003 65
1445092003 65
1445092003 65
1445092003 65
1445092003 65
1445092003 65
1445092003 41
1445092003 49
1445092003 25
1445092003 65
1445092003 61
1445092003 60
1445092003 54
1445092003 36
1445092003 55
1445092003 24
1445092003 13
1445092003 56
1445092003 58
1445092003 59
1445092003 66
1445092003 11
1445092004 62
1445092004 65
1445092005 53
1445092005 41
1445092005 47
1445092005 60
1445092005 61
1445092005 49
1445092005 65
1445092005 65
1445092005 65
1445092005 46
1445092005 65
1445092005 65
1445092005 65
1445092005 44
1445092006 26
1445092006 65
1445092006 27
1445092006 15
1445092006 4
1445092006 12
1445092006 17
1445092006 12
1445092006 12
1445092006 17
1445092006 14
1445092006 12
1445092006 17
1445092006 15
1445092006 12
1445092006 17
1445092006 14
1445092006 12
1445092006 17
1445092006 12
1445092006 12
1445092006 17
1445092006 15
1445092006 12
1445092006 17
1445092006 14
1445092006 12
1445092006 17
1445092006 12
1445092006 12
1445092006 17
1445092006 12
1445092006 12
1445092006 17
1445092006 17
1445092006 21
1445092006 21
1445092006 21
1445092006 21
1445092006 21
1445092006 21
1445092006 21
1445092006 21
1445092006 21
1445092006 21
1445092006 21
1445092006 65
1445092006 65
1445092007 65
1445092007 65
1445092007 65
1445092007 65
1445092008 65
1445092008 65
1445092009 65
1445092009 65
1445092010 65
1445092010 65
1445092011 65
1445092011 65
1445092012 65
1445092012 65
1445092013 65
1445092013 65
1445092014 65
1445092014 65
1445092015 65
1445092015 65
1445092016 65
1445092016 65
1445092017 65
1445092017 65
1445092018 65
1445092018 65
1445092019 65
1445092019 65
1445092020 65
1445092020 65
1445092022 65
1445092022 65
1445092023 65
1445092023 65
1445092024 65
1445092024 65
1445092025 65
1445092025 65
1445092026 65
1445092026 65
1445092027 65
1445092027 65
1445092028 65
1445092028 65
1445092029 65
1445092029 65
1445092031 65
1445092031 65
1445092032 65
1445092032 65
1445092033 65
1445092033 65
1445092034 65
1445092034 65
1445092035 65
1445092035 65
1445092036 65
1445092036 65
1445092037 65
1445092037 65
1445092038 65
1445092038 65
1445092039 65
1445092039 65
1445092040 65
1445092040 65
1445092041 65
1445092041 65
1445092042 65
1445092042 65
1445092043 65
1445092043 65
1445092045 65
1445092045 65
1445092046 65
1445092046 65
1445092047 65
1445092047 65
1445092048 65
1445092048 65
1445092049 65
1445092049 65
1445092050 65
1445092050 65
1445092051 65
1445092051 65
1445092052 65
1445092052 65
1445092053 65
1445092053 65
1445092054 65
1445092054 65
1445092055 65
1445092055 65
1445092056 65
1445092056 65
1445092057 65
1445092057 65
1445092059 65
1445092059 65
1445092060 65
1445092060 65
1445092061 65
1445092061 65
1445092062 65
1445092062 65
1445092063 65
1445092063 65
1445092064 65
1445092064 65
1445092065 65
1445092065 65
1445092066 65
1445092066 65
1445092067 65
1445092067 65
1445092068 65
1445092068 65
1445092069 65
1445092069 65
1445092070 65
1445092070 65
1445092071 65
1445092071 65
1445092072 65
1445092072 65
1445092073 65
1445092073 65
1445092074 65
1445092074 65
1445092075 65
1445092075 65
1445092076 65
1445092076 65
1445092077 65
1445092077 65
1445092079 65
1445092079 65
1445092080 65
1445092080 65
1445092081 65
1445092081 65
1445092082 65
1445092082 65
1445092083 65
1445092083 65
1445092084 65
1445092084 65
1445092085 65
1445092085 65
1445092086 65
1445092086 65
1445092087 65
1445092087 65
1445092088 65
1445092088 40
1445092088 65
1445092088 65
1445092088 65
1445092088 12
1445092089 1
1445092089 3
1445092089 5
1445092089 33
1445092089 29
1445092089 20
1445092089 8
1445092089 51
1445092089 23
1445092089 31
1445092089 2
1445092089 19
1445092089 43
1445092089 22
1445092089 65
1445092089 65
1445092089 40
1445092089 65
1445092089 65
1445092089 65
1445092089 12
1445092089 20
1445092089 8
1445092089 51
1445092089 23
1445092090 31
1445092090 2
1445092090 19
1445092090 43
1445092090 22
1445092090 65
1445092090 65
1445092090 65
1445092091 32
1445092091 65
1445092091 65
1445092092 30
1445092092 28
1445092092 65
1445092092 40
1445092092 65
1445092092 65
1445092092 65
1445092092 12
1445092092 20
1445092093 8
1445092093 51
1445092093 23
1445092093 31
1445092093 2
1445092093 19
1445092093 43
1445092093 22
1445092093 65
1445092093 65
1445092093 65
1445092095 65
1445092095 65
1445092096 65
1445092096 40
1445092096 65
1445092096 65
1445092096 65
1445092096 12
1445092096 20
1445092096 8
1445092096 51
1445092096 23
1445092096 31
1445092096 2
1445092096 19
1445092096 43
1445092096 22
1445092097 65
1445092097 65
1445092097 65
1445092098 32
1445092098 30
1445092098 28
1445092098 65
1445092098 40
1445092098 65
1445092098 65
1445092098 65
1445092098 12
1445092098 20
1445092098 8
1445092098 51
1445092098 23
1445092098 31
1445092098 2
1445092098 19
1445092098 43
1445092098 22
1445092099 38
1445092099 32
1445092099 30
1445092099 28
1445092099 65
1445092099 65
1445092099 40
1445092099 40
1445092099 12
1445092099 65
1445092099 65
1445092099 65
1445092099 20
1445092099 12
1445092099 20
1445092099 8
1445092099 51
1445092099 23
1445092099 8
1445092099 51
1445092099 23
1445092099 31
1445092099 2
1445092099 19
1445092099 43
1445092099 22
1445092099 31
1445092099 2
1445092099 19
1445092099 43
1445092099 22
1445092099 32
1445092099 30
1445092099 28
1445092100 65
1445092100 65
1445092100 40
1445092100 65
1445092100 65
1445092100 65
1445092100 12
1445092100 20
1445092100 8
1445092100 51
1445092100 23
1445092100 31
1445092100 2
1445092100 19
1445092100 43
1445092100 22
1445092101 65
1445092101 65
1445092101 65
1445092101 32
1445092101 30
1445092101 28
1445092102 38
1445092102 65
1445092102 40
1445092102 65
1445092102 65
1445092102 65
1445092102 12
1445092102 20
1445092102 8
1445092102 51
1445092102 23
1445092102 31
1445092102 2
1445092102 19
1445092102 43
1445092102 22
1445092103 32
1445092103 65
1445092103 65
1445092103 65
1445092103 30
1445092103 28
1445092103 32
1445092103 30
1445092103 28
1445092104 65
1445092104 65
1445092104 32
1445092104 30
1445092104 28
1445092105 38
1445092105 65
1445092105 65
1445092106 38
1445092106 65
1445092106 65
1445092106 32
1445092106 30
1445092106 28
1445092107 38
1445092107 65
1445092107 65
1445092107 38
1445092108 38
1445092108 65
1445092108 65
1445092109 38
1445092109 65
1445092109 65
1445092110 38
1445092110 38
1445092110 65
1445092110 65
1445092111 38
1445092111 38
1445092111 38
1445092111 65
1445092111 65
1445092112 38
1445092112 38
1445092112 38
1445092113 65
1445092113 65
1445092113 38
1445092113 38
1445092114 65
1445092114 40
1445092114 65
1445092114 65
1445092114 65
1445092114 12
1445092114 20
1445092114 38
1445092114 8
1445092114 51
1445092114 23
1445092114 38
1445092114 31
1445092114 2
1445092114 19
1445092114 43
1445092114 22
1445092114 38
1445092115 38
1445092115 65
1445092115 38
1445092115 38
1445092116 38
1445092116 38
1445092116 38
1445092117 38
1445092117 38
1445092118 38
1445092118 38
1445092118 32
1445092118 38
1445092118 38
1445092118 30
1445092118 28
1445092119 38
1445092119 38
1445092119 38
1445092120 38
1445092120 38
1445092121 38
1445092121 38
1445092121 38
1445092121 38
1445092122 38
1445092122 38
1445092123 38
1445092123 38
1445092123 38
1445092124 38
1445092124 38
1445092124 38
1445092124 38
1445092125 38
1445092125 38
1445092126 38
1445092126 38
1445092126 38
1445092126 38
1445092127 38
1445092127 38
1445092127 38
1445092127 38
1445092128 38
1445092128 38
1445092129 38
1445092129 38
1445092129 38
1445092129 38
1445092130 38
1445092130 38
1445092130 38
1445092130 38
1445092131 38
1445092132 38
1445092132 38
1445092132 38
1445092132 38
1445092132 38
1445092133 38
1445092133 38
1445092133 38
1445092133 38
1445092134 38
1445092135 38
1445092135 38
1445092135 38
1445092135 38
1445092135 38
1445092136 38
1445092136 38
1445092136 38
1445092136 38
1445092137 38
1445092138 38
1445092138 38
1445092138 38
1445092138 38
1445092138 38
1445092139 38
1445092139 38
1445092139 38
1445092139 38
1445092140 38
1445092141 38
1445092141 38
1445092141 38
1445092141 38
1445092141 38
1445092142 38
1445092142 38
1445092143 38
1445092143 38
1445092143 38
1445092144 38
1445092144 38
1445092144 38
1445092144 38
1445092144 38
1445092145 38
1445092145 38
1445092146 38
1445092146 38
1445092146 38
1445092147 38
1445092147 38
1445092147 38
1445092147 38
1445092147 38
1445092148 65
1445092148 65
1445092148 38
1445092148 38
1445092149 38
1445092149 38
1445092149 65
1445092149 65
1445092149 38
1445092150 38
1445092150 38
1445092150 38
1445092150 38
1445092150 38
1445092151 38
1445092151 38
1445092152 38
1445092152 38
1445092152 38
1445092152 38
1445092152 38
1445092152 38
1445092153 38
1445092153 38
1445092153 38
1445092153 38
1445092153 38
1445092153 38
1445092153 38
1445092154 38
1445092154 38
1445092154 38
1445092155 38
1445092155 38
1445092155 38
1445092155 38
1445092156 38
1445092156 38
1445092156 38
1445092156 38
1445092157 38
1445092157 38
1445092157 38
1445092158 38
1445092158 38
1445092158 38
1445092158 38
1445092158 38
1445092159 38
1445092159 38
1445092159 38
1445092159 38
1445092160 38
1445092160 38
1445092161 38
1445092161 38
1445092161 38
1445092161 38
1445092162 38
1445092162 38
1445092162 38
1445092162 38
1445092163 38
1445092163 38
1445092164 38
1445092164 38
1445092164 38
1445092164 38
1445092165 38
1445092165 38
1445092165 38
1445092166 38
1445092166 38
1445092167 38
1445092167 38
1445092167 38
1445092167 38
1445092167 38
1445092168 38
1445092168 38
1445092168 38
1445092169 38
1445092169 38
1445092169 38
1445092170 38
1445092170 38
1445092170 38
1445092170 38
1445092170 38
1445092171 38
1445092171 38
1445092171 38
1445092172 38
1445092172 38
1445092173 38
1445092173 38
1445092173 38
1445092173 38
1445092174 38
1445092174 38
1445092174 38
1445092174 38
1445092175 38
1445092175 38
1445092176 38
1445092176 38
1445092176 38
1445092176 38
1445092177 38
1445092177 38
1445092177 38
1445092177 38
1445092178 38
1445092178 38
1445092179 38
1445092179 38
1445092179 38
1445092179 38
1445092180 38
1445092180 38
1445092180 38
1445092180 38
1445092181 38
1445092181 38
1445092182 38
1445092182 38
1445092182 38
1445092182 38
1445092183 38
1445092183 38
1445092183 38
1445092183 38
1445092184 38
1445092184 38
1445092185 38
1445092185 38
1445092185 38
1445092185 38
1445092186 38
1445092186 38
1445092186 42
1445092186 10
1445092186 6
1445092186 50
1445092186 23
1445092186 38
1445092186 38
1445092186 38
1445092187 38
1445092187 7
1445092187 34
1445092187 16
1445092187 37
1445092187 38
1445092187 65
1445092187 65
1445092187 65
1445092187 65
1445092187 65
1445092188 38
1445092188 38
1445092188 42
1445092188 10
1445092188 6
1445092188 50
1445092188 23
1445092188 38
1445092188 7
1445092188 34
1445092188 16
1445092188 37
1445092188 38
1445092189 65
1445092189 65
1445092189 65
1445092189 65
1445092189 9
1445092189 64
1445092189 63
1445092189 -1
1445092189 38
1445092189 38
1445092189 38
1445092190 38
1445092190 65
1445092190 65
1445092190 9
1445092190 64
1445092190 63
1445092190 -1
1445092190 38
1445092190 38
1445092190 42
1445092190 10
1445092190 6
1445092190 50
1445092190 23
1445092190 38
1445092190 42
1445092190 7
1445092190 10
1445092190 34
1445092190 16
1445092190 37
1445092190 6
1445092190 50
1445092190 23
1445092191 65
1445092191 65
1445092191 65
1445092191 40
1445092191 65
1445092191 12
1445092191 20
1445092191 7
1445092191 34
1445092191 16
1445092191 37
1445092191 8
1445092191 51
1445092191 23
1445092191 38
1445092191 31
1445092191 2
1445092191 19
1445092191 43
1445092191 22
1445092191 38
1445092191 38
1445092192 38
1445092192 42
1445092192 10
1445092192 6
1445092192 50
1445092192 23
1445092192 65
1445092192 65
1445092192 65
1445092192 65
1445092192 65
1445092192 7
1445092192 9
1445092192 64
1445092192 63
1445092192 -1
1445092192 9
1445092192 64
1445092192 63
1445092192 -1
1445092192 34
1445092192 16
1445092192 37
1445092192 38
1445092193 38
1445092193 38
1445092193 65
1445092193 65
1445092193 65
1445092193 9
1445092193 64
1445092193 63
1445092193 -1
1445092193 38
1445092193 42
1445092193 10
1445092193 6
1445092193 50
1445092193 23
1445092193 7
1445092193 34
1445092193 16
1445092193 37
1445092194 32
1445092194 30
1445092194 28
1445092194 65
1445092194 38
1445092194 38
1445092194 35
1445092195 38
1445092195 42
1445092195 10
1445092195 6
1445092195 50
1445092195 23
1445092195 7
1445092195 34
1445092195 16
1445092195 37
1445092195 65
1445092195 65
1445092195 65
1445092195 9
1445092195 64
1445092195 63
1445092195 -1
1445092195 38
1445092195 35
1445092196 38
1445092196 65
1445092196 65
1445092196 9
1445092196 64
1445092196 63
1445092196 -1
1445092196 35
1445092197 38
1445092197 35
1445092198 38
1445092198 35
1445092199 38
1445092199 42
1445092199 10
1445092199 6
1445092199 50
1445092199 23
1445092199 38
1445092199 7
1445092199 34
1445092199 16
1445092199 37
1445092199 42
1445092199 10
1445092199 6
1445092199 50
1445092199 23
1445092199 38
1445092199 7
1445092199 34
1445092199 16
1445092199 37
1445092199 65
1445092200 35
1445092200 65
1445092200 65
1445092200 65
1445092200 9
1445092200 64
1445092200 63
1445092200 -1
1445092200 9
1445092200 64
1445092200 63
1445092200 -1
1445092200 38
1445092201 35
1445092202 35
1445092203 35
1445092204 38
1445092204 35
1445092205 35
1445092206 35
1445092207 38
1445092207 35
1445092208 35
1445092209 35
1445092210 38
1445092210 35
1445092211 35
1445092212 38
1445092212 42
1445092212 10
1445092212 6
1445092212 50
1445092212 23
1445092212 35
1445092212 7
1445092212 34
1445092212 16
1445092212 37
1445092213 38
1445092213 65
1445092213 35
1445092214 65
1445092214 65
1445092214 9
1445092214 64
1445092214 63
1445092214 -1
1445092214 35
1445092215 35
1445092216 38
1445092216 35
1445092217 35
1445092219 35
1445092219 38
1445092220 35
1445092221 35
1445092222 35
1445092222 38
1445092223 35
1445092224 35
1445092225 35
1445092225 38
1445092226 35
1445092227 35
1445092228 38
1445092228 35
1445092229 35
1445092230 35
1445092231 38
1445092231 35
1445092232 35
1445092233 35
1445092234 38
1445092234 35
1445092235 35
1445092236 35
1445092237 38
1445092237 35
1445092238 35
1445092239 35
1445092240 38
1445092240 35
1445092241 35
1445092242 35
1445092243 38
1445092243 35
1445092244 35
1445092245 35
1445092246 38
1445092246 35
1445092247 35
1445092248 35
1445092249 38
1445092249 35
1445092250 38
1445092252 38
1445092255 38
1445092302 38
1445092307 38
1445092310 38
1445092313 38
1445092317 38
1445092320 38
1445092323 38
1445092326 38
1445092329 38
1445092332 38
1445092335 38
1445092338 38
1445092341 38
1445092344 38
1445092347 38
1445092350 38
1445092354 38
1445092357 38
1445092360 38
1445092363 38
1445092366 38
1445092369 38
1445092372 38
1445092375 38
1445092378 38
1445092381 38
1445092384 38
1445092387 38
1445092390 38
1445092393 38
1445092396 38
1445092400 38
1445092403 38
1445092406 38
1445092409 38
