1445091999 35
1445092000 35
1445092000 35
1445092001 35
1445092002 35
1445092002 35
1445092002 49
1445092002 35
1445092002 35
1445092002 35
1445092002 35
1445092002 35
1445092002 35
1445092002 35
1445092002 22
1445092002 22
1445092002 22
1445092002 60
1445092002 35
1445092003 8
1445092003 147
1445092003 16
1445092003 35
1445092003 35
1445092003 35
1445092003 35
1445092003 35
1445092003 35
1445092003 147
1445092003 84
1445092003 8
1445092003 35
1445092003 166
1445092003 166
1445092003 8
1445092003 147
1445092003 96
1445092003 96
1445092003 96
1445092003 155
1445092003 155
1445092003 8
1445092003 64
1445092003 5
1445092004 64
1445092004 35
1445092005 96
1445092005 147
1445092005 45
1445092005 166
1445092005 166
1445092005 84
1445092005 35
1445092005 35
1445092005 35
1445092005 50
1445092005 35
1445092005 35
1445092005 35
1445092005 8
1445092006 73
1445092006 35
1445092006 73
1445092006 151
1445092006 156
1445092006 151
1445092006 109
1445092006 151
1445092006 151
1445092006 109
1445092006 151
1445092006 151
1445092006 109
1445092006 151
1445092006 151
1445092006 109
1445092006 151
1445092006 151
1445092006 109
1445092006 151
1445092006 151
1445092006 109
1445092006 151
1445092006 151
1445092006 109
1445092006 151
1445092006 151
1445092006 109
1445092006 151
1445092006 151
1445092006 109
1445092006 151
1445092006 151
1445092006 109
1445092006 109
1445092006 7
1445092006 7
1445092006 7
1445092006 7
1445092006 7
1445092006 7
1445092006 7
1445092006 7
1445092006 7
1445092006 7
1445092006 7
1445092006 35
1445092006 35
1445092007 35
1445092007 35
1445092007 35
1445092007 35
1445092008 35
1445092008 35
1445092009 35
1445092009 35
1445092010 35
1445092010 35
1445092011 35
1445092011 35
1445092012 35
1445092012 35
1445092013 35
1445092013 35
1445092014 35
1445092014 35
1445092015 35
1445092015 35
1445092016 35
1445092016 35
1445092017 35
1445092017 35
1445092018 35
1445092018 35
1445092019 35
1445092019 35
1445092020 35
1445092020 35
1445092022 35
1445092022 35
1445092023 35
1445092023 35
1445092024 35
1445092024 35
1445092025 35
1445092025 35
1445092026 35
1445092026 35
1445092027 35
1445092027 35
1445092028 35
1445092028 35
1445092029 35
1445092029 35
1445092031 35
1445092031 35
1445092032 35
1445092032 35
1445092033 35
1445092033 35
1445092034 35
1445092034 35
1445092035 35
1445092035 35
1445092036 35
1445092036 35
1445092037 35
1445092037 35
1445092038 35
1445092038 35
1445092039 35
1445092039 35
1445092040 35
1445092040 35
1445092041 35
1445092041 35
1445092042 35
1445092042 35
1445092043 35
1445092043 35
1445092045 35
1445092045 35
1445092046 35
1445092046 35
1445092047 35
1445092047 35
1445092048 35
1445092048 35
1445092049 35
1445092049 35
1445092050 35
1445092050 35
1445092051 35
1445092051 35
1445092052 35
1445092052 35
1445092053 35
1445092053 35
1445092054 35
1445092054 35
1445092055 35
1445092055 35
1445092056 35
1445092056 35
1445092057 35
1445092057 35
1445092059 35
1445092059 35
1445092060 35
1445092060 35
1445092061 35
1445092061 35
1445092062 35
1445092062 35
1445092063 35
1445092063 35
1445092064 35
1445092064 35
1445092065 35
1445092065 35
1445092066 35
1445092066 35
1445092067 35
1445092067 35
1445092068 35
1445092068 35
1445092069 35
1445092069 35
1445092070 35
1445092070 35
1445092071 35
1445092071 35
1445092072 35
1445092072 35
1445092073 35
1445092073 35
1445092074 35
1445092074 35
1445092075 35
1445092075 35
1445092076 35
1445092076 35
1445092077 35
1445092077 35
1445092079 35
1445092079 35
1445092080 35
1445092080 35
1445092081 35
1445092081 35
1445092082 35
1445092082 35
1445092083 35
1445092083 35
1445092084 35
1445092084 35
1445092085 35
1445092085 35
1445092086 35
1445092086 35
1445092087 35
1445092087 35
1445092088 35
1445092088 38
1445092088 35
1445092088 35
1445092088 35
1445092088 151
1445092089 105
1445092089 105
1445092089 110
1445092089 105
1445092089 45
1445092089 7
1445092089 110
1445092089 95
1445092089 86
1445092089 37
1445092089 27
1445092089 7
1445092089 45
1445092089 109
1445092089 35
1445092089 35
1445092089 38
1445092089 35
1445092089 35
1445092089 35
1445092089 151
1445092089 7
1445092089 110
1445092089 95
1445092089 86
1445092090 37
1445092090 27
1445092090 7
1445092090 45
1445092090 109
1445092090 35
1445092090 35
1445092090 35
1445092091 82
1445092091 35
1445092091 35
1445092092 132
1445092092 132
1445092092 35
1445092092 38
1445092092 35
1445092092 35
1445092092 35
1445092092 151
1445092092 7
1445092093 110
1445092093 95
1445092093 86
1445092093 37
1445092093 27
1445092093 7
1445092093 45
1445092093 109
1445092093 35
1445092093 35
1445092093 35
1445092095 35
1445092095 35
1445092096 35
1445092096 38
1445092096 35
1445092096 35
1445092096 35
1445092096 151
1445092096 7
1445092096 110
1445092096 95
1445092096 86
1445092096 37
1445092096 27
1445092096 7
1445092096 45
1445092096 109
1445092097 35
1445092097 35
1445092097 35
1445092098 82
1445092098 132
1445092098 132
1445092098 35
1445092098 38
1445092098 35
1445092098 35
1445092098 35
1445092098 151
1445092098 7
1445092098 110
1445092098 95
1445092098 86
1445092098 37
1445092098 27
1445092098 7
1445092098 45
1445092098 109
1445092099 55
1445092099 82
1445092099 132
1445092099 132
1445092099 35
1445092099 35
1445092099 38
1445092099 38
1445092099 151
1445092099 35
1445092099 35
1445092099 35
1445092099 7
1445092099 151
1445092099 7
1445092099 110
1445092099 95
1445092099 86
1445092099 110
1445092099 95
1445092099 86
1445092099 37
1445092099 27
1445092099 7
1445092099 45
1445092099 109
1445092099 37
1445092099 27
1445092099 7
1445092099 45
1445092099 109
1445092099 82
1445092099 132
1445092099 132
1445092100 35
1445092100 35
1445092100 38
1445092100 35
1445092100 35
1445092100 35
1445092100 151
1445092100 7
1445092100 110
1445092100 95
1445092100 86
1445092100 37
1445092100 27
1445092100 7
1445092100 45
1445092100 109
1445092101 35
1445092101 35
1445092101 35
1445092101 82
1445092101 132
1445092101 132
1445092102 55
1445092102 35
1445092102 38
1445092102 35
1445092102 35
1445092102 35
1445092102 151
1445092102 7
1445092102 110
1445092102 95
1445092102 86
1445092102 37
1445092102 27
1445092102 7
1445092102 45
1445092102 109
1445092103 82
1445092103 35
1445092103 35
1445092103 35
1445092103 132
1445092103 132
1445092103 82
1445092103 132
1445092103 132
1445092104 35
1445092104 35
1445092104 82
1445092104 132
1445092104 132
1445092105 55
1445092105 35
1445092105 35
1445092106 55
1445092106 35
1445092106 35
1445092106 82
1445092106 132
1445092106 132
1445092107 55
1445092107 35
1445092107 35
1445092107 55
1445092108 55
1445092108 35
1445092108 35
1445092109 55
1445092109 35
1445092109 35
1445092110 55
1445092110 55
1445092110 35
1445092110 35
1445092111 55
1445092111 55
1445092111 55
1445092111 35
1445092111 35
1445092112 55
1445092112 55
1445092112 55
1445092113 35
1445092113 35
1445092113 55
1445092113 55
1445092114 35
1445092114 38
1445092114 35
1445092114 35
1445092114 35
1445092114 151
1445092114 7
1445092114 55
1445092114 110
1445092114 95
1445092114 86
1445092114 55
1445092114 37
1445092114 27
1445092114 7
1445092114 45
1445092114 109
1445092114 55
1445092115 55
1445092115 35
1445092115 55
1445092115 55
1445092116 55
1445092116 55
1445092116 55
1445092117 55
1445092117 55
1445092118 55
1445092118 55
1445092118 82
1445092118 55
1445092118 55
1445092118 132
1445092118 132
1445092119 55
1445092119 55
1445092119 55
1445092120 55
1445092120 55
1445092121 55
1445092121 55
1445092121 55
1445092121 55
1445092122 55
1445092122 55
1445092123 55
1445092123 55
1445092123 55
1445092124 55
1445092124 55
1445092124 55
1445092124 55
1445092125 55
1445092125 55
1445092126 55
1445092126 55
1445092126 55
1445092126 55
1445092127 55
1445092127 55
1445092127 55
1445092127 55
1445092128 55
1445092128 55
1445092129 55
1445092129 55
1445092129 55
1445092129 55
1445092130 55
1445092130 55
1445092130 55
1445092130 55
1445092131 55
1445092132 55
1445092132 55
1445092132 55
1445092132 55
1445092132 55
1445092133 55
1445092133 55
1445092133 55
1445092133 55
1445092134 55
1445092135 55
1445092135 55
1445092135 55
1445092135 55
1445092135 55
1445092136 55
1445092136 55
1445092136 55
1445092136 55
1445092137 55
1445092138 55
1445092138 55
1445092138 55
1445092138 55
1445092138 55
1445092139 55
1445092139 55
1445092139 55
1445092139 55
1445092140 55
1445092141 55
1445092141 55
1445092141 55
1445092141 55
1445092141 55
1445092142 55
1445092142 55
1445092143 55
1445092143 55
1445092143 55
1445092144 55
1445092144 55
1445092144 55
1445092144 55
1445092144 55
1445092145 55
1445092145 55
1445092146 55
1445092146 55
1445092146 55
1445092147 55
1445092147 55
1445092147 55
1445092147 55
1445092147 55
1445092148 35
1445092148 35
1445092148 55
1445092148 55
1445092149 55
1445092149 55
1445092149 35
1445092149 35
1445092149 55
1445092150 55
1445092150 55
1445092150 55
1445092150 55
1445092150 55
1445092151 55
1445092151 55
1445092152 55
1445092152 55
1445092152 55
1445092152 55
1445092152 55
1445092152 55
1445092153 55
1445092153 55
1445092153 55
1445092153 55
1445092153 55
1445092153 55
1445092153 55
1445092154 55
1445092154 55
1445092154 55
1445092155 55
1445092155 55
1445092155 55
1445092155 55
1445092156 55
1445092156 55
1445092156 55
1445092156 55
1445092157 55
1445092157 55
1445092157 55
1445092158 55
1445092158 55
1445092158 55
1445092158 55
1445092158 55
1445092159 55
1445092159 55
1445092159 55
1445092159 55
1445092160 55
1445092160 55
1445092161 55
1445092161 55
1445092161 55
1445092161 55
1445092162 55
1445092162 55
1445092162 55
1445092162 55
1445092163 55
1445092163 55
1445092164 55
1445092164 55
1445092164 55
1445092164 55
1445092165 55
1445092165 55
1445092165 55
1445092166 55
1445092166 55
1445092167 55
1445092167 55
1445092167 55
1445092167 55
1445092167 55
1445092168 55
1445092168 55
1445092168 55
1445092169 55
1445092169 55
1445092169 55
1445092170 55
1445092170 55
1445092170 55
1445092170 55
1445092170 55
1445092171 55
1445092171 55
1445092171 55
1445092172 55
1445092172 55
1445092173 55
1445092173 55
1445092173 55
1445092173 55
1445092174 55
1445092174 55
1445092174 55
1445092174 55
1445092175 55
1445092175 55
1445092176 55
1445092176 55
1445092176 55
1445092176 55
1445092177 55
1445092177 55
1445092177 55
1445092177 55
1445092178 55
1445092178 55
1445092179 55
1445092179 55
1445092179 55
1445092179 55
1445092180 55
1445092180 55
1445092180 55
1445092180 55
1445092181 55
1445092181 55
1445092182 55
1445092182 55
1445092182 55
1445092182 55
1445092183 55
1445092183 55
1445092183 55
1445092183 55
1445092184 55
1445092184 55
1445092185 55
1445092185 55
1445092185 55
1445092185 55
1445092186 55
1445092186 55
1445092186 55
1445092186 7
1445092186 110
1445092186 95
1445092186 86
1445092186 55
1445092186 55
1445092186 55
1445092187 55
1445092187 7
1445092187 109
1445092187 109
1445092187 45
1445092187 55
1445092187 35
1445092187 35
1445092187 35
1445092187 35
1445092187 35
1445092188 55
1445092188 55
1445092188 55
1445092188 7
1445092188 110
1445092188 95
1445092188 86
1445092188 55
1445092188 7
1445092188 109
1445092188 109
1445092188 45
1445092188 55
1445092189 35
1445092189 35
1445092189 35
1445092189 35
1445092189 45
1445092189 113
1445092189 119
1445092189 170
1445092189 55
1445092189 55
1445092189 55
1445092190 55
1445092190 35
1445092190 35
1445092190 45
1445092190 113
1445092190 119
1445092190 170
1445092190 55
1445092190 55
1445092190 55
1445092190 7
1445092190 110
1445092190 95
1445092190 86
1445092190 55
1445092190 55
1445092190 7
1445092190 7
1445092190 109
1445092190 109
1445092190 45
1445092190 110
1445092190 95
1445092190 86
1445092191 35
1445092191 35
1445092191 35
1445092191 38
1445092191 35
1445092191 151
1445092191 7
1445092191 7
1445092191 109
1445092191 109
1445092191 45
1445092191 110
1445092191 95
1445092191 86
1445092191 55
1445092191 37
1445092191 27
1445092191 7
1445092191 45
1445092191 109
1445092191 55
1445092191 55
1445092192 55
1445092192 55
1445092192 7
1445092192 110
1445092192 95
1445092192 86
1445092192 35
1445092192 35
1445092192 35
1445092192 35
1445092192 35
1445092192 7
1445092192 45
1445092192 113
1445092192 119
1445092192 170
1445092192 45
1445092192 113
1445092192 119
1445092192 170
1445092192 109
1445092192 109
1445092192 45
1445092192 55
1445092193 55
1445092193 55
1445092193 35
1445092193 35
1445092193 35
1445092193 45
1445092193 113
1445092193 119
1445092193 170
1445092193 55
1445092193 55
1445092193 7
1445092193 110
1445092193 95
1445092193 86
1445092193 7
1445092193 109
1445092193 109
1445092193 45
1445092194 82
1445092194 132
1445092194 132
1445092194 35
1445092194 55
1445092194 55
1445092194 55
1445092195 55
1445092195 55
1445092195 7
1445092195 110
1445092195 95
1445092195 86
1445092195 7
1445092195 109
1445092195 109
1445092195 45
1445092195 35
1445092195 35
1445092195 35
1445092195 45
1445092195 113
1445092195 119
1445092195 170
1445092195 55
1445092195 55
1445092196 55
1445092196 35
1445092196 35
1445092196 45
1445092196 113
1445092196 119
1445092196 170
1445092196 55
1445092197 55
1445092197 55
1445092198 55
1445092198 55
1445092199 55
1445092199 55
1445092199 7
1445092199 110
1445092199 95
1445092199 86
1445092199 55
1445092199 7
1445092199 109
1445092199 109
1445092199 45
1445092199 55
1445092199 7
1445092199 110
1445092199 95
1445092199 86
1445092199 55
1445092199 7
1445092199 109
1445092199 109
1445092199 45
1445092199 35
1445092200 55
1445092200 35
1445092200 35
1445092200 35
1445092200 45
1445092200 113
1445092200 119
1445092200 170
1445092200 45
1445092200 113
1445092200 119
1445092200 170
1445092200 55
1445092201 55
1445092202 55
1445092203 55
1445092204 55
1445092204 55
1445092205 55
1445092206 55
1445092207 55
1445092207 55
1445092208 55
1445092209 55
1445092210 55
1445092210 55
1445092211 55
1445092212 55
1445092212 55
1445092212 7
1445092212 110
1445092212 95
1445092212 86
1445092212 55
1445092212 7
1445092212 109
1445092212 109
1445092212 45
1445092213 55
1445092213 35
1445092213 55
1445092214 35
1445092214 35
1445092214 45
1445092214 113
1445092214 119
1445092214 170
1445092214 55
1445092215 55
1445092216 55
1445092216 55
1445092217 55
1445092219 55
1445092219 55
1445092220 55
1445092221 55
1445092222 55
1445092222 55
1445092223 55
1445092224 55
1445092225 55
1445092225 55
1445092226 55
1445092227 55
1445092228 55
1445092228 55
1445092229 55
1445092230 55
1445092231 55
1445092231 55
1445092232 55
1445092233 55
1445092234 55
1445092234 55
1445092235 55
1445092236 55
1445092237 55
1445092237 55
1445092238 55
1445092239 55
1445092240 55
1445092240 55
1445092241 55
1445092242 55
1445092243 55
1445092243 55
1445092244 55
1445092245 55
1445092246 55
1445092246 55
1445092247 55
1445092248 55
1445092249 55
1445092249 55
1445092250 55
1445092252 55
1445092255 55
1445092302 55
1445092307 55
1445092310 55
1445092313 55
1445092317 55
1445092320 55
1445092323 55
1445092326 55
1445092329 55
1445092332 55
1445092335 55
1445092338 55
1445092341 55
1445092344 55
1445092347 55
1445092350 55
1445092354 55
1445092357 55
1445092360 55
1445092363 55
1445092366 55
1445092369 55
1445092372 55
1445092375 55
1445092378 55
1445092381 55
1445092384 55
1445092387 55
1445092390 55
1445092393 55
1445092396 55
1445092400 55
1445092403 55
1445092406 55
1445092409 55
