1445088357 21
1445088357 11
1445088357 16
1445088357 28
1445088357 6
1445088357 3
1445088358 2
1445088359 4
1445088360 8
1445088360 14
1445088360 7
1445088360 29
1445088360 13
1445088360 24
1445088360 25
1445088360 26
1445088360 12
1445088363 27
1445088363 15
1445088363 18
1445088363 29
1445088372 31
1445088372 20
1445088373 27
1445088373 15
1445088373 18
1445088373 29
1445088381 31
1445088381 20
1445088381 27
1445088381 15
1445088381 18
1445088381 29
1445088392 31
1445088392 20
1445088393 27
1445088393 15
1445088393 18
1445088393 29
1445088403 31
1445088404 20
1445088404 27
1445088404 15
1445088404 18
1445088404 29
1445088412 31
1445088412 20
1445088413 27
1445088413 15
1445088413 18
1445088413 29
1445088413 9
1445088421 31
1445088421 20
1445088421 27
1445088421 15
1445088421 18
1445088422 30
1445088422 22
1445088422 1
1445088452 5
1445088452 23
1445088452 17
1445088452 19
1445088452 10
