1445088568 8
1445088568 147
1445088569 16
1445088569 102
1445088569 83
1445088569 8
1445088569 147
1445088570 160
1445088570 82
1445088570 67
1445088571 22
1445088571 102
1445088571 3
1445088571 75
1445088571 25
1445088571 25
1445088571 154
1445088573 102
1445088573 25
1445088573 25
1445088573 102
1445088583 75
1445088583 25
1445088584 102
1445088584 25
1445088584 25
1445088584 102
1445088596 75
1445088596 25
1445088597 102
1445088597 25
1445088597 25
1445088597 102
1445088607 75
1445088608 25
1445088609 102
1445088609 25
1445088609 25
1445088609 102
1445088618 75
1445088618 25
1445088620 102
1445088620 25
1445088620 25
1445088620 102
1445088630 75
1445088634 25
1445088635 102
1445088635 25
1445088635 25
1445088635 102
1445088636 67
1445088644 75
1445088644 25
1445088644 102
1445088644 25
1445088644 25
1445088646 75
1445088646 102
1445088646 160
1445088666 129
1445088667 3
1445088667 16
1445088667 16
1445088667 111
