1445248423 8
1445248424 147
1445248424 16
1445248424 102
1445248424 83
1445248424 8
1445248425 147
1445248427 160
1445248428 82
1445248428 67
1445248430 22
1445248430 102
1445248430 3
1445248430 75
1445248430 25
1445248430 25
1445248431 154
1445248454 102
1445248454 25
1445248454 25
1445248454 102
1445248490 75
1445248490 25
1445248507 102
1445248507 25
1445248507 25
1445248507 102
1445248535 75
1445248536 25
1445248549 102
1445248549 25
1445248549 25
1445248549 102
1445248576 75
1445248576 25
1445248581 102
1445248581 25
1445248581 25
1445248581 102
1445248603 75
1445248603 25
1445248608 102
1445248608 25
1445248608 25
1445248608 102
1445248629 75
1445248629 25
1445248634 102
1445248634 25
1445248634 25
1445248634 102
1445248661 75
1445248661 25
1445248666 102
1445248666 25
1445248666 25
1445248666 102
1445248695 75
1445248695 25
1445248698 67
1445248698 102
1445248698 25
1445248698 25
1445248720 75
1445248720 102
1445248721 160
