1445241207 26
1445241207 9
1445241207 15
1445241207 21
1445241207 6
1445241207 5
1445241208 2
1445241208 3
1445241209 7
1445241209 14
1445241209 8
1445241209 31
1445241209 12
1445241209 28
1445241209 27
1445241209 23
1445241209 11
1445241212 25
1445241212 19
1445241212 18
1445241212 31
1445241222 29
1445241222 17
1445241224 25
1445241224 19
1445241224 18
1445241224 31
1445241234 29
1445241236 17
1445241239 25
1445241239 19
1445241239 18
1445241239 31
1445241250 29
1445241250 17
1445241253 25
1445241253 19
1445241253 18
1445241253 31
1445241264 29
1445241264 17
1445241267 25
1445241267 19
1445241267 18
1445241267 31
1445241280 29
1445241280 17
1445241282 25
1445241282 19
1445241282 18
1445241282 31
1445241292 29
1445241295 17
1445241297 25
1445241297 19
1445241297 18
1445241297 31
1445241308 29
1445241308 17
1445241310 10
1445241310 25
1445241310 19
1445241310 18
1445241317 30
1445241320 22
1445241320 1
1445241346 4
1445241347 24
1445241347 16
1445241347 20
1445241347 13
