1445088387 20
1445088387 9
1445088387 15
1445088387 18
1445088387 6
1445088387 3
1445088387 2
1445088388 4
1445088389 7
1445088389 10
1445088389 8
1445088389 26
1445088389 13
1445088389 21
1445088389 23
1445088389 24
1445088389 11
1445088392 22
1445088392 14
1445088392 17
1445088392 26
1445088403 28
1445088403 16
1445088405 22
1445088405 14
1445088405 17
1445088405 26
1445088416 28
1445088418 16
1445088419 22
1445088419 14
1445088419 17
1445088419 26
1445088429 28
1445088429 16
1445088431 22
1445088431 14
1445088431 17
1445088431 26
1445088441 28
1445088441 16
1445088442 22
1445088442 14
1445088442 17
1445088442 26
1445088452 28
1445088452 16
1445088454 22
1445088454 14
1445088454 17
1445088454 26
1445088454 12
1445088463 28
1445088463 16
1445088463 22
1445088463 14
1445088463 17
1445088464 27
1445088464 19
1445088464 1
1445088493 5
1445088493 25
