1445067490 21
1445067490 10
1445067490 17
1445067490 23
1445067490 6
1445067490 5
1445067491 3
1445067492 4
1445067493 9
1445067493 13
1445067494 8
1445067494 30
1445067494 11
1445067494 18
1445067494 20
1445067494 19
1445067494 12
1445067513 22
1445067513 15
1445067513 16
1445067513 30
1445067534 28
1445067534 14
1445067575 22
1445067575 15
1445067575 16
1445067575 30
1445067600 28
1445067600 14
1445067646 22
1445067646 15
1445067646 16
1445067646 30
1445067667 1
1445067667 36
1445067667 32
1445067667 32
1445067667 31
1445067667 33
1445067667 24
1445067667 43
1445067667 7
1445067667 40
1445067667 41
1445067667 39
1445067667 37
1445067667 38
1445067667 27
1445067667 34
1445067667 35
1445067667 35
1445067667 45
1445067667 45
1445067667 26
1445067667 44
1445067667 42
1445067667 46
1445067667 25
1445067667 29
1445067667 -1
1445067675 28
1445067675 14
1445067691 2
1445067694 22
1445067694 15
1445067694 16
1445067694 30
1445067711 2
1445067731 2
1445067732 28
1445067732 14
1445067743 22
1445067743 15
1445067743 16
1445067743 30
1445067751 2
1445067771 2
1445067780 28
1445067780 14
1445067790 22
1445067790 15
1445067790 16
1445067790 30
1445067791 2
1445067811 2
1445067822 28
1445067822 14
1445067831 2
1445067834 22
1445067834 15
1445067834 16
1445067834 30
1445067851 2
1445067867 28
1445067867 14
1445067871 2
1445067891 2
1445067911 2
1445067931 2
1445067951 2
1445067971 2
1445067991 2
1445068011 2
1445068031 2
1445068051 2
1445068071 2
1445068091 2
1445068111 2
1445068131 2
1445068151 2
1445068171 2
1445068191 2
1445068211 2
1445068231 2
1445068251 2
1445068271 2
1445068291 2
1445068311 2
1445068331 2
1445068351 2
1445068371 2
