1445163658 25
1445163658 10
1445163658 15
1445163658 21
1445163658 6
1445163658 3
1445163659 2
1445163659 4
1445163660 7
1445163660 9
1445163660 8
1445163660 26
1445163660 13
1445163660 24
1445163660 20
1445163660 23
1445163660 11
1445163664 19
1445163664 14
1445163664 17
1445163664 26
1445163675 27
1445163675 16
1445163677 19
1445163677 14
1445163677 17
1445163677 26
1445163688 27
1445163691 16
1445163694 19
1445163694 14
1445163694 17
1445163694 26
1445163706 27
1445163706 16
1445163708 19
1445163708 14
1445163708 17
1445163708 26
1445163720 27
1445163720 16
1445163722 19
1445163722 14
1445163722 17
1445163722 26
1445163733 27
1445163733 16
1445163734 19
1445163734 14
1445163734 17
1445163734 26
1445163745 27
1445163754 16
1445163756 19
1445163756 14
1445163756 17
1445163756 26
1445163765 27
1445163765 16
1445163767 12
1445163767 19
1445163767 14
1445163767 17
1445163775 28
1445163775 18
1445163775 1
1445163799 5
1445163799 22
