1445163658 8
1445163658 147
1445163658 16
1445163658 102
1445163658 83
1445163658 8
1445163659 147
1445163659 160
1445163660 82
1445163660 67
1445163660 22
1445163660 102
1445163660 3
1445163660 75
1445163660 25
1445163660 25
1445163660 154
1445163664 102
1445163664 25
1445163664 25
1445163664 102
1445163675 75
1445163675 25
1445163677 102
1445163677 25
1445163677 25
1445163677 102
1445163688 75
1445163691 25
1445163694 102
1445163694 25
1445163694 25
1445163694 102
1445163706 75
1445163706 25
1445163708 102
1445163708 25
1445163708 25
1445163708 102
1445163720 75
1445163720 25
1445163722 102
1445163722 25
1445163722 25
1445163722 102
1445163733 75
1445163733 25
1445163734 102
1445163734 25
1445163734 25
1445163734 102
1445163745 75
1445163754 25
1445163756 102
1445163756 25
1445163756 25
1445163756 102
1445163765 75
1445163765 25
1445163767 67
1445163767 102
1445163767 25
1445163767 25
1445163775 75
1445163775 102
1445163775 160
1445163799 129
1445163799 3
