1445076581 15
1445076582 9
1445076582 12
1445076582 18
1445076582 4
1445076583 2
1445076584 1
1445076585 3
1445076587 5
1445076587 8
1445076591 6
1445076591 22
1445076591 10
1445076591 20
1445076591 16
1445076591 19
1445076591 7
1445076612 17
1445076612 11
1445076612 13
1445076612 22
1445076657 21
1445076657 14
1445076666 17
1445076666 11
1445076666 13
1445076666 22
1445076706 21
1445076707 14
1445076716 17
1445076716 11
1445076716 13
1445076716 22
1445076758 21
1445076759 14
1445076768 17
1445076768 11
1445076768 13
1445076768 22
1445076812 21
1445076812 14
1445076824 17
1445076824 11
1445076824 13
1445076824 22
