1445076581 8
1445076582 147
1445076582 16
1445076582 102
1445076582 83
1445076583 8
1445076584 147
1445076585 160
1445076587 82
1445076587 67
1445076591 22
1445076591 102
1445076591 3
1445076591 75
1445076591 25
1445076591 25
1445076591 154
1445076612 102
1445076612 25
1445076612 25
1445076612 102
1445076657 75
1445076657 25
1445076666 102
1445076666 25
1445076666 25
1445076666 102
1445076706 75
1445076707 25
1445076716 102
1445076716 25
1445076716 25
1445076716 102
1445076758 75
1445076759 25
1445076768 102
1445076768 25
1445076768 25
1445076768 102
1445076812 75
1445076812 25
1445076824 102
1445076824 25
1445076824 25
1445076824 102
