1445163436 18
1445163436 7
1445163436 12
1445163436 20
1445163436 4
1445163436 2
1445163436 1
1445163437 3
1445163438 5
1445163438 10
1445163438 6
1445163438 22
1445163438 9
1445163438 17
1445163438 15
1445163438 19
1445163438 8
1445163445 16
1445163445 14
1445163445 13
1445163445 22
1445163482 21
1445163482 11
1445163488 16
1445163488 14
1445163488 13
1445163488 22
1445163524 21
1445163524 11
1445163530 16
1445163530 14
1445163530 13
1445163530 22
1445163565 21
1445163565 11
1445163571 16
1445163571 14
1445163571 13
1445163571 22
1445163601 21
1445163601 11
1445163606 16
1445163606 14
1445163606 13
1445163606 22
1445163636 21
1445163636 11
1445163640 16
1445163640 14
1445163640 13
1445163640 22
1445163679 21
1445163679 11
1445163683 16
1445163683 14
1445163683 13
1445163683 22
