1445163436 8
1445163436 147
1445163436 16
1445163436 102
1445163436 83
1445163436 8
1445163436 147
1445163437 160
1445163438 82
1445163438 67
1445163438 22
1445163438 102
1445163438 3
1445163438 75
1445163438 25
1445163438 25
1445163438 154
1445163445 102
1445163445 25
1445163445 25
1445163445 102
1445163482 75
1445163482 25
1445163488 102
1445163488 25
1445163488 25
1445163488 102
1445163524 75
1445163524 25
1445163530 102
1445163530 25
1445163530 25
1445163530 102
1445163565 75
1445163565 25
1445163571 102
1445163571 25
1445163571 25
1445163571 102
1445163601 75
1445163601 25
1445163606 102
1445163606 25
1445163606 25
1445163606 102
1445163636 75
1445163636 25
1445163640 102
1445163640 25
1445163640 25
1445163640 102
1445163679 75
1445163679 25
1445163683 102
1445163683 25
1445163683 25
1445163683 102
