1445067922 17
1445067922 8
1445067922 13
1445067922 23
1445067922 5
1445067922 3
1445067923 2
1445067925 4
1445067927 7
1445067927 10
1445067929 6
1445067929 24
1445067929 11
1445067929 20
1445067929 18
1445067929 22
1445067929 9
1445067942 19
1445067942 14
1445067942 15
1445067942 24
1445067972 26
1445067972 16
1445067995 19
1445067995 14
1445067995 15
1445067995 24
1445068007 26
1445068007 16
1445068020 19
1445068020 14
1445068020 15
1445068020 24
1445068033 26
1445068033 16
1445068041 19
1445068041 14
1445068041 15
1445068041 24
1445068059 26
1445068059 16
1445068065 19
1445068065 14
1445068065 15
1445068065 24
1445068084 26
1445068084 16
1445068089 19
1445068089 14
1445068089 15
1445068089 24
1445068111 26
1445068111 16
1445068116 19
1445068116 14
1445068116 15
1445068116 24
1445068134 26
1445068134 16
1445068136 12
1445068136 19
1445068136 14
1445068136 15
1445068149 25
1445068149 21
1445068149 1
