1445067922 8
1445067922 147
1445067922 16
1445067922 102
1445067922 83
1445067922 8
1445067923 147
1445067925 160
1445067927 82
1445067927 67
1445067929 22
1445067929 102
1445067929 3
1445067929 75
1445067929 25
1445067929 25
1445067929 154
1445067942 102
1445067942 25
1445067942 25
1445067942 102
1445067972 75
1445067972 25
1445067995 102
1445067995 25
1445067995 25
1445067995 102
1445068007 75
1445068007 25
1445068020 102
1445068020 25
1445068020 25
1445068020 102
1445068033 75
1445068033 25
1445068041 102
1445068041 25
1445068041 25
1445068041 102
1445068059 75
1445068059 25
1445068065 102
1445068065 25
1445068065 25
1445068065 102
1445068084 75
1445068084 25
1445068089 102
1445068089 25
1445068089 25
1445068089 102
1445068111 75
1445068111 25
1445068116 102
1445068116 25
1445068116 25
1445068116 102
1445068134 75
1445068134 25
1445068136 67
1445068136 102
1445068136 25
1445068136 25
1445068149 75
1445068149 102
1445068149 160
