1445091999 106
1445092000 106
1445092000 106
1445092000 68
1445092001 106
1445092001 58
1445092001 48
1445092001 106
1445092001 106
1445092001 106
1445092001 106
1445092001 106
1445092001 106
1445092001 106
1445092001 50
1445092001 50
1445092001 50
1445092001 14
1445092001 106
1445092002 84
1445092002 59
1445092002 69
1445092002 106
1445092002 106
1445092002 106
1445092002 106
1445092002 106
1445092002 106
1445092003 51
1445092003 64
1445092003 30
1445092003 87
1445092003 80
1445092003 106
1445092003 74
1445092003 44
1445092003 73
1445092003 19
1445092003 23
1445092003 81
1445092003 85
1445092003 79
1445092003 109
1445092003 13
1445092003 99
1445092003 106
1445092003 72
1445092003 53
1445092003 51
1445092003 64
1445092004 87
1445092004 80
1445092004 106
1445092004 67
1445092004 71
1445092004 52
1445092004 106
1445092004 106
1445092004 35
1445092004 49
1445092004 32
1445092004 106
1445092004 31
1445092004 17
1445092004 12
1445092004 26
1445092004 12
1445092004 12
1445092004 26
1445092004 16
1445092004 12
1445092004 26
1445092004 17
1445092004 12
1445092004 26
1445092004 16
1445092004 12
1445092004 26
1445092004 12
1445092004 12
1445092004 26
1445092004 17
1445092004 12
1445092004 26
1445092004 16
1445092004 12
1445092004 26
1445092004 12
1445092004 12
1445092004 26
1445092004 12
1445092004 12
1445092004 26
1445092004 26
1445092004 25
1445092004 25
1445092004 25
1445092004 25
1445092004 25
1445092004 25
1445092004 25
1445092004 25
1445092004 25
1445092004 25
1445092004 25
1445092004 106
1445092004 106
1445092004 4
1445092005 106
1445092005 106
1445092005 106
1445092005 106
1445092006 106
1445092006 54
1445092006 54
1445092006 54
1445092006 54
1445092006 54
1445092006 54
1445092006 54
1445092006 54
1445092006 24
1445092006 54
1445092006 24
1445092006 54
1445092006 106
1445092006 106
1445092006 106
1445092006 12
1445092006 1
1445092006 3
1445092006 5
1445092006 37
1445092006 33
1445092006 22
1445092006 12
1445092006 22
1445092006 12
1445092006 22
1445092006 12
1445092006 22
1445092006 12
1445092006 22
1445092006 12
1445092006 22
1445092006 12
1445092006 22
1445092006 12
1445092006 22
1445092006 12
1445092006 22
1445092006 12
1445092006 22
1445092006 10
1445092006 65
1445092006 21
1445092007 10
1445092007 10
1445092007 10
1445092007 65
1445092007 10
1445092007 65
1445092007 10
1445092007 65
1445092007 10
1445092007 65
1445092007 65
1445092007 10
1445092007 10
1445092007 65
1445092007 65
1445092007 10
1445092007 65
1445092007 65
1445092007 21
1445092007 21
1445092007 21
1445092007 21
1445092007 21
1445092007 21
1445092007 21
1445092007 21
1445092007 21
1445092007 106
1445092007 106
1445092007 106
1445092007 38
1445092007 38
1445092007 38
1445092007 38
1445092007 38
1445092007 38
1445092007 38
1445092007 38
1445092007 38
1445092007 2
1445092007 38
1445092007 18
1445092007 2
1445092007 18
1445092007 2
1445092007 18
1445092007 2
1445092007 18
1445092007 2
1445092007 18
1445092007 2
1445092007 18
1445092007 2
1445092007 18
1445092007 2
1445092007 18
1445092007 2
1445092007 18
1445092007 2
1445092007 18
1445092007 56
1445092007 20
1445092007 56
1445092007 20
1445092007 56
1445092007 20
1445092007 56
1445092007 20
1445092007 56
1445092007 20
1445092007 56
1445092007 20
1445092007 56
1445092007 20
1445092007 56
1445092007 20
1445092007 56
1445092007 20
1445092007 56
1445092007 20
1445092009 106
1445092009 106
1445092009 36
1445092009 34
1445092009 39
1445092010 36
1445092010 36
1445092010 34
1445092010 39
1445092010 34
1445092010 39
1445092010 36
1445092010 36
1445092010 34
1445092010 39
1445092010 34
1445092010 39
1445092010 106
1445092010 106
1445092011 36
1445092011 36
1445092011 36
1445092011 36
1445092011 36
1445092012 34
1445092012 39
1445092012 34
1445092012 39
1445092012 34
1445092012 34
1445092012 39
1445092012 34
1445092012 39
1445092012 39
1445092012 106
1445092012 106
1445092018 46
1445092018 46
1445092018 46
1445092018 46
1445092018 46
1445092019 46
1445092019 46
1445092019 46
1445092019 46
1445092019 46
1445092021 46
1445092021 46
1445092021 46
1445092021 46
1445092021 46
1445092022 46
1445092022 46
1445092022 46
1445092022 46
1445092022 46
1445092024 46
1445092024 46
1445092024 46
1445092024 46
1445092024 46
1445092025 46
1445092025 46
1445092025 46
1445092025 46
1445092025 46
1445092027 46
1445092027 46
1445092027 46
1445092027 46
1445092027 46
1445092028 46
1445092028 46
1445092028 46
1445092028 46
1445092028 46
1445092030 46
1445092030 46
1445092030 46
1445092030 46
1445092030 46
1445092031 46
1445092031 46
1445092031 46
1445092031 46
1445092031 46
1445092033 46
1445092033 46
1445092033 46
1445092033 46
1445092033 46
1445092034 46
1445092034 46
1445092034 46
1445092034 46
1445092034 46
1445092036 46
1445092036 46
1445092036 46
1445092036 46
1445092036 46
1445092037 46
1445092037 46
1445092037 46
1445092037 46
1445092037 46
1445092039 46
1445092039 46
1445092039 46
1445092040 46
1445092040 46
1445092041 46
1445092041 46
1445092041 46
1445092041 46
1445092041 46
1445092042 46
1445092042 46
1445092042 46
1445092043 46
1445092043 46
1445092044 46
1445092044 46
1445092044 46
1445092044 46
1445092044 46
1445092045 46
1445092045 46
1445092045 46
1445092046 46
1445092046 46
1445092047 46
1445092047 46
1445092047 46
1445092047 46
1445092047 46
1445092049 46
1445092049 46
1445092049 46
1445092049 46
1445092049 46
1445092050 46
1445092050 46
1445092050 46
1445092050 46
1445092050 46
1445092052 46
1445092052 46
1445092052 46
1445092052 46
1445092052 46
1445092053 46
1445092053 46
1445092053 46
1445092053 46
1445092053 46
1445092055 46
1445092055 46
1445092055 46
1445092055 46
1445092055 46
1445092056 46
1445092056 46
1445092056 46
1445092056 46
1445092056 46
1445092057 46
1445092057 46
1445092058 46
1445092058 46
1445092058 46
1445092058 46
1445092058 46
1445092058 46
1445092059 46
1445092059 46
1445092059 46
1445092059 46
1445092059 46
1445092059 46
1445092060 46
1445092061 46
1445092061 46
1445092061 46
1445092061 46
1445092061 46
1445092061 46
1445092062 46
1445092062 46
1445092062 46
1445092062 46
1445092062 46
1445092064 46
1445092064 46
1445092064 46
1445092064 46
1445092064 46
1445092065 46
1445092065 46
1445092065 46
1445092065 46
1445092065 46
1445092067 46
1445092067 46
1445092067 46
1445092067 46
1445092067 46
1445092068 46
1445092068 46
1445092068 46
1445092068 46
1445092068 46
1445092070 46
1445092070 46
1445092070 46
1445092070 46
1445092070 46
1445092071 46
1445092071 46
1445092071 46
1445092071 46
1445092071 46
1445092073 46
1445092073 46
1445092073 46
1445092073 46
1445092073 46
1445092073 46
1445092074 46
1445092074 46
1445092074 46
1445092074 46
1445092074 46
1445092074 46
1445092074 46
1445092076 46
1445092076 46
1445092076 46
1445092076 46
1445092076 46
1445092077 46
1445092077 46
1445092077 46
1445092077 46
1445092077 46
1445092079 46
1445092079 46
1445092079 46
1445092079 46
1445092079 46
1445092080 46
1445092080 46
1445092080 46
1445092080 46
1445092080 46
1445092082 46
1445092082 46
1445092082 46
1445092082 46
1445092082 46
1445092083 46
1445092083 46
1445092083 46
1445092083 46
1445092083 46
1445092085 46
1445092085 46
1445092085 46
1445092085 46
1445092085 46
1445092086 46
1445092086 55
1445092086 8
1445092086 7
1445092086 61
1445092086 21
1445092086 9
1445092086 43
1445092086 15
1445092086 45
1445092086 46
1445092086 46
1445092086 46
1445092086 46
1445092086 106
1445092086 106
1445092086 106
1445092086 106
1445092086 106
1445092087 46
1445092088 106
1445092088 106
1445092088 106
1445092088 6
1445092088 102
1445092088 100
1445092088 -1
1445092088 46
1445092088 46
1445092088 46
1445092088 46
1445092088 46
1445092089 46
1445092089 46
1445092089 46
1445092089 46
1445092090 46
1445092090 55
1445092090 8
1445092090 7
1445092090 61
1445092090 21
1445092090 9
1445092090 43
1445092090 15
1445092090 45
1445092091 106
1445092092 46
1445092092 46
1445092092 46
1445092092 46
1445092092 46
1445092092 55
1445092092 8
1445092092 7
1445092092 61
1445092092 21
1445092092 9
1445092092 43
1445092092 15
1445092092 45
1445092092 46
1445092092 46
1445092092 46
1445092092 46
1445092093 106
1445092093 106
1445092093 106
1445092093 6
1445092093 102
1445092093 100
1445092093 -1
1445092095 46
1445092095 46
1445092095 46
1445092095 46
1445092095 46
1445092095 46
1445092095 46
1445092096 46
1445092096 55
1445092096 8
1445092096 7
1445092096 61
1445092096 21
1445092096 9
1445092096 43
1445092096 15
1445092096 45
1445092096 106
1445092096 106
1445092096 106
1445092096 6
1445092096 102
1445092096 100
1445092096 -1
1445092097 106
1445092097 106
1445092097 6
1445092097 102
1445092097 100
1445092097 -1
1445092098 46
1445092098 46
1445092098 55
1445092098 8
1445092098 7
1445092098 61
1445092098 21
1445092098 9
1445092098 43
1445092098 15
1445092098 45
1445092098 46
1445092098 46
1445092098 46
1445092098 46
1445092099 106
1445092100 106
1445092100 106
1445092100 6
1445092100 102
1445092100 100
1445092100 -1
1445092100 46
1445092100 55
1445092100 8
1445092100 7
1445092100 61
1445092100 21
1445092101 9
1445092101 43
1445092101 15
1445092101 45
1445092101 106
1445092101 46
1445092101 46
1445092101 46
1445092101 46
1445092102 106
1445092102 106
1445092102 6
1445092102 102
1445092102 100
1445092102 -1
1445092104 46
1445092104 46
1445092104 46
1445092104 46
1445092108 46
1445092108 46
1445092108 46
1445092108 46
1445092111 46
1445092111 46
1445092111 46
1445092111 46
1445092114 46
1445092114 46
1445092114 46
1445092117 46
1445092120 46
1445092123 46
1445092126 46
1445092129 46
1445092130 46
1445092130 55
1445092130 8
1445092130 7
1445092130 61
1445092130 21
1445092130 9
1445092130 43
1445092130 15
1445092130 45
1445092130 106
1445092130 46
1445092130 55
1445092130 8
1445092130 7
1445092130 61
1445092130 21
1445092131 9
1445092131 43
1445092131 15
1445092131 45
1445092131 46
1445092131 55
1445092131 8
1445092131 7
1445092131 61
1445092131 21
1445092131 106
1445092131 9
1445092131 43
1445092131 15
1445092131 45
1445092131 106
1445092131 106
1445092131 6
1445092131 102
1445092131 100
1445092131 -1
1445092131 106
1445092131 6
1445092131 102
1445092131 100
1445092131 -1
1445092131 106
1445092131 54
1445092131 106
1445092131 12
1445092131 22
1445092131 10
1445092131 65
1445092131 21
1445092131 38
1445092131 2
1445092131 18
1445092131 56
1445092131 20
1445092132 106
1445092132 106
1445092132 106
1445092132 6
1445092132 102
1445092132 100
1445092132 -1
1445092134 46
1445092134 55
1445092134 8
1445092134 7
1445092134 61
1445092134 21
1445092134 9
1445092134 43
1445092134 15
1445092134 45
1445092134 36
1445092134 34
1445092134 39
1445092134 106
1445092135 106
1445092135 106
1445092135 6
1445092135 102
1445092135 100
1445092135 -1
1445092136 42
1445092137 42
1445092138 42
1445092139 42
1445092140 42
1445092141 42
1445092142 46
1445092142 42
1445092143 42
1445092144 42
1445092145 46
1445092145 42
1445092146 42
1445092147 42
1445092148 46
1445092148 11
1445092148 63
1445092148 83
1445092148 77
1445092148 66
1445092148 113
1445092148 40
1445092148 78
1445092148 62
1445092148 76
1445092148 95
1445092148 90
1445092148 89
1445092148 89
1445092148 103
1445092148 101
1445092148 98
1445092148 91
1445092148 -1
1445092148 111
1445092148 112
1445092148 104
1445092148 107
1445092148 86
1445092148 92
1445092148 60
1445092148 110
1445092148 108
1445092148 105
1445092148 94
1445092148 88
1445092148 96
1445092148 82
1445092148 83
1445092148 -1
1445092148 27
1445092148 78
1445092148 62
1445092148 76
1445092148 95
1445092148 90
1445092148 89
1445092148 89
1445092148 103
1445092148 101
1445092148 98
1445092148 91
1445092148 -1
1445092148 97
1445092148 97
1445092148 93
1445092148 96
1445092148 60
1445092148 -1
1445092148 28
1445092148 42
1445092148 106
1445092148 47
1445092148 106
1445092148 57
1445092148 106
1445092148 41
1445092149 70
1445092149 75
1445092149 29
