1445091999 35
1445092000 35
1445092000 35
1445092000 3
1445092001 35
1445092001 118
1445092001 49
1445092001 35
1445092001 35
1445092001 35
1445092001 35
1445092001 35
1445092001 35
1445092001 35
1445092001 22
1445092001 22
1445092001 22
1445092001 60
1445092001 35
1445092002 8
1445092002 147
1445092002 16
1445092002 35
1445092002 35
1445092002 35
1445092002 35
1445092002 35
1445092002 35
1445092003 147
1445092003 84
1445092003 8
1445092003 166
1445092003 166
1445092003 35
1445092003 8
1445092003 147
1445092003 96
1445092003 96
1445092003 96
1445092003 155
1445092003 155
1445092003 8
1445092003 64
1445092003 5
1445092003 64
1445092003 35
1445092003 96
1445092003 45
1445092003 147
1445092003 84
1445092004 166
1445092004 166
1445092004 35
1445092004 118
1445092004 118
1445092004 50
1445092004 35
1445092004 35
1445092004 37
1445092004 8
1445092004 73
1445092004 35
1445092004 73
1445092004 151
1445092004 151
1445092004 109
1445092004 151
1445092004 151
1445092004 109
1445092004 151
1445092004 151
1445092004 109
1445092004 151
1445092004 151
1445092004 109
1445092004 151
1445092004 151
1445092004 109
1445092004 151
1445092004 151
1445092004 109
1445092004 151
1445092004 151
1445092004 109
1445092004 151
1445092004 151
1445092004 109
1445092004 151
1445092004 151
1445092004 109
1445092004 151
1445092004 151
1445092004 109
1445092004 109
1445092004 7
1445092004 7
1445092004 7
1445092004 7
1445092004 7
1445092004 7
1445092004 7
1445092004 7
1445092004 7
1445092004 7
1445092004 7
1445092004 35
1445092004 35
1445092004 156
1445092005 35
1445092005 35
1445092005 35
1445092005 35
1445092006 35
1445092006 38
1445092006 38
1445092006 38
1445092006 38
1445092006 38
1445092006 38
1445092006 38
1445092006 38
1445092006 151
1445092006 38
1445092006 151
1445092006 38
1445092006 35
1445092006 35
1445092006 35
1445092006 151
1445092006 105
1445092006 105
1445092006 110
1445092006 105
1445092006 45
1445092006 7
1445092006 151
1445092006 7
1445092006 151
1445092006 7
1445092006 151
1445092006 7
1445092006 151
1445092006 7
1445092006 151
1445092006 7
1445092006 151
1445092006 7
1445092006 151
1445092006 7
1445092006 151
1445092006 7
1445092006 151
1445092006 7
1445092006 110
1445092006 95
1445092006 86
1445092007 110
1445092007 110
1445092007 110
1445092007 95
1445092007 110
1445092007 95
1445092007 110
1445092007 95
1445092007 110
1445092007 95
1445092007 95
1445092007 110
1445092007 110
1445092007 95
1445092007 95
1445092007 110
1445092007 95
1445092007 95
1445092007 86
1445092007 86
1445092007 86
1445092007 86
1445092007 86
1445092007 86
1445092007 86
1445092007 86
1445092007 86
1445092007 35
1445092007 35
1445092007 35
1445092007 37
1445092007 37
1445092007 37
1445092007 37
1445092007 37
1445092007 37
1445092007 37
1445092007 37
1445092007 37
1445092007 27
1445092007 37
1445092007 7
1445092007 27
1445092007 7
1445092007 27
1445092007 7
1445092007 27
1445092007 7
1445092007 27
1445092007 7
1445092007 27
1445092007 7
1445092007 27
1445092007 7
1445092007 27
1445092007 7
1445092007 27
1445092007 7
1445092007 27
1445092007 7
1445092007 45
1445092007 109
1445092007 45
1445092007 109
1445092007 45
1445092007 109
1445092007 45
1445092007 109
1445092007 45
1445092007 109
1445092007 45
1445092007 109
1445092007 45
1445092007 109
1445092007 45
1445092007 109
1445092007 45
1445092007 109
1445092007 45
1445092007 109
1445092009 35
1445092009 35
1445092009 82
1445092009 132
1445092009 132
1445092010 82
1445092010 82
1445092010 132
1445092010 132
1445092010 132
1445092010 132
1445092010 82
1445092010 82
1445092010 132
1445092010 132
1445092010 132
1445092010 132
1445092010 35
1445092010 35
1445092011 82
1445092011 82
1445092011 82
1445092011 82
1445092011 82
1445092012 132
1445092012 132
1445092012 132
1445092012 132
1445092012 132
1445092012 132
1445092012 132
1445092012 132
1445092012 132
1445092012 132
1445092012 35
1445092012 35
1445092018 55
1445092018 55
1445092018 55
1445092018 55
1445092018 55
1445092019 55
1445092019 55
1445092019 55
1445092019 55
1445092019 55
1445092021 55
1445092021 55
1445092021 55
1445092021 55
1445092021 55
1445092022 55
1445092022 55
1445092022 55
1445092022 55
1445092022 55
1445092024 55
1445092024 55
1445092024 55
1445092024 55
1445092024 55
1445092025 55
1445092025 55
1445092025 55
1445092025 55
1445092025 55
1445092027 55
1445092027 55
1445092027 55
1445092027 55
1445092027 55
1445092028 55
1445092028 55
1445092028 55
1445092028 55
1445092028 55
1445092030 55
1445092030 55
1445092030 55
1445092030 55
1445092030 55
1445092031 55
1445092031 55
1445092031 55
1445092031 55
1445092031 55
1445092033 55
1445092033 55
1445092033 55
1445092033 55
1445092033 55
1445092034 55
1445092034 55
1445092034 55
1445092034 55
1445092034 55
1445092036 55
1445092036 55
1445092036 55
1445092036 55
1445092036 55
1445092037 55
1445092037 55
1445092037 55
1445092037 55
1445092037 55
1445092039 55
1445092039 55
1445092039 55
1445092040 55
1445092040 55
1445092041 55
1445092041 55
1445092041 55
1445092041 55
1445092041 55
1445092042 55
1445092042 55
1445092042 55
1445092043 55
1445092043 55
1445092044 55
1445092044 55
1445092044 55
1445092044 55
1445092044 55
1445092045 55
1445092045 55
1445092045 55
1445092046 55
1445092046 55
1445092047 55
1445092047 55
1445092047 55
1445092047 55
1445092047 55
1445092049 55
1445092049 55
1445092049 55
1445092049 55
1445092049 55
1445092050 55
1445092050 55
1445092050 55
1445092050 55
1445092050 55
1445092052 55
1445092052 55
1445092052 55
1445092052 55
1445092052 55
1445092053 55
1445092053 55
1445092053 55
1445092053 55
1445092053 55
1445092055 55
1445092055 55
1445092055 55
1445092055 55
1445092055 55
1445092056 55
1445092056 55
1445092056 55
1445092056 55
1445092056 55
1445092057 55
1445092057 55
1445092058 55
1445092058 55
1445092058 55
1445092058 55
1445092058 55
1445092058 55
1445092059 55
1445092059 55
1445092059 55
1445092059 55
1445092059 55
1445092059 55
1445092060 55
1445092061 55
1445092061 55
1445092061 55
1445092061 55
1445092061 55
1445092061 55
1445092062 55
1445092062 55
1445092062 55
1445092062 55
1445092062 55
1445092064 55
1445092064 55
1445092064 55
1445092064 55
1445092064 55
1445092065 55
1445092065 55
1445092065 55
1445092065 55
1445092065 55
1445092067 55
1445092067 55
1445092067 55
1445092067 55
1445092067 55
1445092068 55
1445092068 55
1445092068 55
1445092068 55
1445092068 55
1445092070 55
1445092070 55
1445092070 55
1445092070 55
1445092070 55
1445092071 55
1445092071 55
1445092071 55
1445092071 55
1445092071 55
1445092073 55
1445092073 55
1445092073 55
1445092073 55
1445092073 55
1445092073 55
1445092074 55
1445092074 55
1445092074 55
1445092074 55
1445092074 55
1445092074 55
1445092074 55
1445092076 55
1445092076 55
1445092076 55
1445092076 55
1445092076 55
1445092077 55
1445092077 55
1445092077 55
1445092077 55
1445092077 55
1445092079 55
1445092079 55
1445092079 55
1445092079 55
1445092079 55
1445092080 55
1445092080 55
1445092080 55
1445092080 55
1445092080 55
1445092082 55
1445092082 55
1445092082 55
1445092082 55
1445092082 55
1445092083 55
1445092083 55
1445092083 55
1445092083 55
1445092083 55
1445092085 55
1445092085 55
1445092085 55
1445092085 55
1445092085 55
1445092086 55
1445092086 55
1445092086 7
1445092086 110
1445092086 95
1445092086 86
1445092086 7
1445092086 109
1445092086 109
1445092086 45
1445092086 55
1445092086 55
1445092086 55
1445092086 55
1445092086 35
1445092086 35
1445092086 35
1445092086 35
1445092086 35
1445092087 55
1445092088 35
1445092088 35
1445092088 35
1445092088 45
1445092088 113
1445092088 119
1445092088 170
1445092088 55
1445092088 55
1445092088 55
1445092088 55
1445092088 55
1445092089 55
1445092089 55
1445092089 55
1445092089 55
1445092090 55
1445092090 55
1445092090 7
1445092090 110
1445092090 95
1445092090 86
1445092090 7
1445092090 109
1445092090 109
1445092090 45
1445092091 35
1445092092 55
1445092092 55
1445092092 55
1445092092 55
1445092092 55
1445092092 55
1445092092 7
1445092092 110
1445092092 95
1445092092 86
1445092092 7
1445092092 109
1445092092 109
1445092092 45
1445092092 55
1445092092 55
1445092092 55
1445092092 55
1445092093 35
1445092093 35
1445092093 35
1445092093 45
1445092093 113
1445092093 119
1445092093 170
1445092095 55
1445092095 55
1445092095 55
1445092095 55
1445092095 55
1445092095 55
1445092095 55
1445092096 55
1445092096 55
1445092096 7
1445092096 110
1445092096 95
1445092096 86
1445092096 7
1445092096 109
1445092096 109
1445092096 45
1445092096 35
1445092096 35
1445092096 35
1445092096 45
1445092096 113
1445092096 119
1445092096 170
1445092097 35
1445092097 35
1445092097 45
1445092097 113
1445092097 119
1445092097 170
1445092098 55
1445092098 55
1445092098 55
1445092098 7
1445092098 110
1445092098 95
1445092098 86
1445092098 7
1445092098 109
1445092098 109
1445092098 45
1445092098 55
1445092098 55
1445092098 55
1445092098 55
1445092099 35
1445092100 35
1445092100 35
1445092100 45
1445092100 113
1445092100 119
1445092100 170
1445092100 55
1445092100 55
1445092100 7
1445092100 110
1445092100 95
1445092100 86
1445092101 7
1445092101 109
1445092101 109
1445092101 45
1445092101 35
1445092101 55
1445092101 55
1445092101 55
1445092101 55
1445092102 35
1445092102 35
1445092102 45
1445092102 113
1445092102 119
1445092102 170
1445092104 55
1445092104 55
1445092104 55
1445092104 55
1445092108 55
1445092108 55
1445092108 55
1445092108 55
1445092111 55
1445092111 55
1445092111 55
1445092111 55
1445092114 55
1445092114 55
1445092114 55
1445092117 55
1445092120 55
1445092123 55
1445092126 55
1445092129 55
1445092130 55
1445092130 55
1445092130 7
1445092130 110
1445092130 95
1445092130 86
1445092130 7
1445092130 109
1445092130 109
1445092130 45
1445092130 35
1445092130 55
1445092130 55
1445092130 7
1445092130 110
1445092130 95
1445092130 86
1445092131 7
1445092131 109
1445092131 109
1445092131 45
1445092131 55
1445092131 55
1445092131 7
1445092131 110
1445092131 95
1445092131 86
1445092131 35
1445092131 7
1445092131 109
1445092131 109
1445092131 45
1445092131 35
1445092131 35
1445092131 45
1445092131 113
1445092131 119
1445092131 170
1445092131 35
1445092131 45
1445092131 113
1445092131 119
1445092131 170
1445092131 35
1445092131 38
1445092131 35
1445092131 151
1445092131 7
1445092131 110
1445092131 95
1445092131 86
1445092131 37
1445092131 27
1445092131 7
1445092131 45
1445092131 109
1445092132 35
1445092132 35
1445092132 35
1445092132 45
1445092132 113
1445092132 119
1445092132 170
1445092134 55
1445092134 55
1445092134 7
1445092134 110
1445092134 95
1445092134 86
1445092134 7
1445092134 109
1445092134 109
1445092134 45
1445092134 82
1445092134 132
1445092134 132
1445092134 35
1445092135 35
1445092135 35
1445092135 45
1445092135 113
1445092135 119
1445092135 170
1445092136 55
1445092137 55
1445092138 55
1445092139 55
1445092140 55
1445092141 55
1445092142 55
1445092142 55
1445092143 55
1445092144 55
1445092145 55
1445092145 55
1445092146 55
1445092147 55
1445092148 55
1445092148 37
1445092148 26
1445092148 38
1445092148 38
1445092148 98
1445092148 31
1445092148 26
1445092148 44
1445092148 2
1445092148 26
1445092148 44
1445092148 44
1445092148 61
1445092148 61
1445092148 9
1445092148 137
1445092148 128
1445092148 61
1445092148 170
1445092148 71
1445092148 148
1445092148 62
1445092148 62
1445092148 44
1445092148 44
1445092148 2
1445092148 99
1445092148 62
1445092148 127
1445092148 42
1445092148 42
1445092148 12
1445092148 98
1445092148 38
1445092148 170
1445092148 26
1445092148 44
1445092148 2
1445092148 26
1445092148 44
1445092148 44
1445092148 61
1445092148 61
1445092148 9
1445092148 137
1445092148 128
1445092148 61
1445092148 170
1445092148 15
1445092148 15
1445092148 44
1445092148 12
1445092148 2
1445092148 170
1445092148 73
1445092148 55
1445092148 35
1445092148 37
1445092148 35
1445092148 125
1445092148 35
1445092148 125
1445092149 125
1445092149 95
1445092149 86
