1445094492 27
1445094492 10
1445094492 15
1445094492 25
1445094492 6
1445094493 4
1445094494 2
1445094496 5
1445094498 8
1445094498 13
1445094500 7
1445094500 30
1445094500 9
1445094500 24
1445094500 28
1445094500 23
1445094500 12
1445094515 22
1445094515 20
1445094515 18
1445094515 30
1445094556 29
1445094556 16
1445094561 22
1445094561 20
1445094561 18
1445094561 30
1445094605 29
1445094605 16
1445094609 22
1445094609 20
1445094609 18
1445094609 30
1445094651 29
1445094652 16
1445094658 22
1445094658 20
1445094658 18
1445094658 30
1445094700 29
1445094700 16
1445094725 22
1445094725 20
1445094725 18
1445094725 30
1445094762 29
1445094763 16
1445094767 22
1445094767 20
1445094767 18
1445094767 30
1445094768 14
1445094799 29
1445094799 16
1445094799 22
1445094799 20
1445094799 18
1445094802 31
1445094802 21
1445094802 1
1445094852 3
1445094853 26
1445094853 17
1445094853 19
1445094853 11
