1445071690 26
1445071690 12
1445071690 18
1445071690 25
1445071690 6
1445071691 3
1445071693 2
1445071694 5
1445071696 8
1445071696 10
1445071697 7
1445071697 30
1445071697 14
1445071697 28
1445071697 24
1445071697 23
1445071697 13
1445071730 27
1445071730 15
1445071730 17
1445071730 30
1445071778 31
1445071778 19
1445071809 27
1445071809 15
1445071809 17
1445071809 30
1445071855 31
1445071855 19
1445071872 27
1445071872 15
1445071872 17
1445071872 30
1445071910 31
1445071911 19
1445071922 27
1445071922 15
1445071922 17
1445071922 30
1445071951 31
1445071952 19
1445071961 27
1445071961 15
1445071961 17
1445071961 30
1445071991 31
1445071991 19
1445072002 27
1445072002 15
1445072002 17
1445072002 30
1445072032 31
1445072032 19
1445072038 27
1445072038 15
1445072038 17
1445072038 30
1445072067 31
1445072067 19
1445072071 9
1445072071 27
1445072071 15
1445072071 17
1445072092 29
1445072092 21
1445072093 1
1445072149 4
1445072149 22
1445072149 16
1445072149 20
1445072149 11
