1445092098 21
1445092098 11
1445092098 18
1445092098 28
1445092098 6
1445092098 5
1445092099 2
1445092100 3
1445092101 8
1445092101 9
1445092101 7
1445092101 29
1445092101 13
1445092101 22
1445092101 23
1445092101 25
1445092101 14
1445092105 26
1445092105 17
1445092105 19
1445092105 29
1445092115 31
1445092115 16
1445092116 26
1445092116 17
1445092116 19
1445092116 29
1445092124 31
1445092124 16
1445092125 26
1445092125 17
1445092125 19
1445092125 29
1445092133 31
1445092133 16
1445092134 26
1445092134 17
1445092134 19
1445092134 29
1445092142 31
1445092142 16
1445092142 26
1445092142 17
1445092142 19
1445092142 29
1445092151 31
1445092151 16
1445092152 26
1445092152 17
1445092152 19
1445092152 29
1445092152 12
1445092161 31
1445092161 16
1445092161 26
1445092161 17
1445092161 19
1445092162 30
1445092162 27
1445092162 1
1445092190 4
1445092190 24
1445092190 15
1445092190 20
1445092190 10
