1445076963 23
1445076964 10
1445076964 19
1445076964 25
1445076964 6
1445076964 3
1445076965 2
1445076966 4
1445076967 7
1445076967 11
1445076967 8
1445076967 29
1445076967 12
1445076967 28
1445076967 24
1445076967 26
1445076967 9
1445076983 21
1445076983 15
1445076983 18
1445076983 29
1445077000 30
1445077000 16
1445077006 21
1445077006 15
1445077006 18
1445077006 29
1445077020 30
1445077020 16
1445077029 21
1445077029 15
1445077029 18
1445077029 29
1445077042 30
1445077042 16
1445077050 21
1445077050 15
1445077050 18
1445077050 29
1445077064 30
1445077064 16
1445077078 21
1445077078 15
1445077078 18
1445077078 29
1445077091 30
1445077091 16
1445077101 21
1445077101 15
1445077101 18
1445077101 29
1445077114 30
1445077114 16
1445077121 21
1445077121 15
1445077121 18
1445077121 29
1445077134 30
1445077134 16
1445077140 14
1445077140 21
1445077140 15
1445077140 18
1445077150 31
1445077150 22
1445077150 1
1445077186 5
1445077186 27
1445077187 20
1445077187 17
1445077187 13
