1445077035 21
1445077035 10
1445077035 15
1445077035 20
1445077035 5
1445077035 4
1445077035 2
1445077036 3
1445077036 6
1445077036 11
1445077036 7
1445077036 26
1445077036 9
1445077036 19
1445077036 22
1445077036 23
1445077036 12
1445077039 17
1445077039 16
1445077039 13
1445077039 26
1445077048 24
1445077048 14
1445077051 17
1445077051 16
1445077051 13
1445077051 26
1445077061 24
1445077061 14
1445077064 17
1445077064 16
1445077064 13
1445077064 26
1445077075 24
1445077075 14
1445077078 17
1445077078 16
1445077078 13
1445077078 26
1445077089 24
1445077089 14
1445077091 17
1445077091 16
1445077091 13
1445077091 26
1445077099 24
1445077099 14
1445077101 17
1445077101 16
1445077101 13
1445077101 26
1445077109 24
1445077109 14
1445077111 17
1445077111 16
1445077111 13
1445077111 26
1445077119 24
1445077119 14
1445077120 8
1445077120 17
1445077120 16
1445077120 13
1445077126 25
1445077127 18
1445077127 1
