1445094722 23
1445094722 10
1445094722 18
1445094722 27
1445094722 6
1445094722 3
1445094723 2
1445094723 5
1445094724 8
1445094724 13
1445094724 7
1445094724 30
1445094724 11
1445094724 24
1445094724 21
1445094724 22
1445094724 9
1445094726 25
1445094726 20
1445094726 19
1445094726 30
1445094735 31
1445094735 17
1445094736 25
1445094736 20
1445094736 19
1445094736 30
1445094746 31
1445094747 17
1445094749 25
1445094749 20
1445094749 19
1445094749 30
1445094758 31
1445094758 17
1445094760 25
1445094760 20
1445094760 19
1445094760 30
1445094771 31
1445094771 17
1445094773 25
1445094773 20
1445094773 19
1445094773 30
1445094783 31
1445094786 17
1445094787 25
1445094787 20
1445094787 19
1445094787 30
1445094788 12
1445094796 31
1445094802 17
1445094802 25
1445094802 20
1445094802 19
1445094804 29
1445094804 28
1445094806 1
1445094826 4
1445094826 26
1445094826 15
1445094826 16
1445094826 14
