1445094722 8
1445094722 147
1445094722 16
1445094722 102
1445094722 83
1445094722 8
1445094723 147
1445094723 160
1445094724 82
1445094724 67
1445094724 22
1445094724 102
1445094724 3
1445094724 75
1445094724 25
1445094724 25
1445094724 154
1445094726 102
1445094726 25
1445094726 25
1445094726 102
1445094735 75
1445094735 25
1445094736 102
1445094736 25
1445094736 25
1445094736 102
1445094746 75
1445094747 25
1445094749 102
1445094749 25
1445094749 25
1445094749 102
1445094758 75
1445094758 25
1445094760 102
1445094760 25
1445094760 25
1445094760 102
1445094771 75
1445094771 25
1445094773 102
1445094773 25
1445094773 25
1445094773 102
1445094783 75
1445094786 25
1445094787 102
1445094787 25
1445094787 25
1445094787 102
1445094788 67
1445094796 75
1445094802 25
1445094802 102
1445094802 25
1445094802 25
1445094804 75
1445094804 102
1445094806 160
1445094826 129
1445094826 3
1445094826 16
1445094826 16
1445094826 111
