1445076963 8
1445076963 147
1445076963 16
1445076963 102
1445076963 83
1445076964 8
1445076964 147
1445076965 160
1445076966 82
1445076966 67
1445076966 22
1445076966 102
1445076966 3
1445076966 75
1445076966 25
1445076966 25
1445076966 154
1445076969 102
1445076969 25
1445076969 25
1445076969 102
1445076978 75
1445076978 25
1445076980 102
1445076980 25
1445076980 25
1445076980 102
1445076989 75
1445076989 25
1445076991 102
1445076991 25
1445076991 25
1445076991 102
1445077000 75
1445077000 25
1445077001 102
1445077001 25
1445077001 25
1445077001 102
1445077011 75
1445077011 25
1445077012 102
1445077012 25
1445077012 25
1445077012 102
1445077023 75
1445077023 25
1445077026 102
1445077026 25
1445077026 25
1445077026 102
1445077034 75
1445077034 25
1445077036 102
1445077036 25
1445077036 25
1445077036 102
1445077045 75
1445077045 25
1445077046 67
1445077046 102
1445077046 25
1445077046 25
1445077053 75
1445077053 102
1445077053 160
1445077082 129
1445077082 3
