1445241262 18
1445241263 7
1445241263 11
1445241263 15
1445241263 4
1445241263 2
1445241263 1
1445241264 3
1445241265 6
1445241265 8
1445241265 5
1445241265 21
1445241265 10
1445241265 19
1445241265 20
1445241265 16
1445241265 9
1445241269 17
1445241269 13
1445241269 14
1445241269 21
1445241283 22
1445241283 12
1445241286 17
1445241286 13
1445241286 14
1445241286 21
1445241297 22
1445241297 12
1445241299 17
1445241299 13
1445241299 14
1445241299 21
1445241310 22
1445241314 12
1445241317 17
1445241317 13
1445241317 14
1445241317 21
1445241327 22
1445241327 12
1445241329 17
1445241329 13
1445241329 14
1445241329 21
1445241340 22
1445241340 12
