1445089526 18
1445089526 8
1445089526 13
1445089526 23
1445089526 5
1445089526 3
1445089527 2
1445089527 4
1445089528 7
1445089528 11
1445089528 6
1445089528 24
1445089528 12
1445089528 17
1445089528 22
1445089528 19
1445089528 9
1445089529 21
1445089529 16
1445089529 15
1445089529 24
1445089538 25
1445089538 14
1445089540 21
1445089540 16
1445089540 15
1445089540 24
1445089551 25
1445089551 14
1445089552 21
1445089552 16
1445089552 15
1445089552 24
1445089561 25
1445089561 14
1445089563 21
1445089563 16
1445089563 15
1445089563 24
1445089574 25
1445089574 14
1445089575 21
1445089575 16
1445089575 15
1445089575 24
1445089587 25
1445089587 14
1445089588 21
1445089588 16
1445089588 15
1445089588 24
1445089590 10
1445089597 25
1445089597 14
1445089597 21
1445089597 16
1445089597 15
1445089598 26
1445089598 20
1445089598 1
