1445089526 8
1445089526 147
1445089526 16
1445089526 102
1445089526 83
1445089526 8
1445089527 147
1445089527 160
1445089528 82
1445089528 67
1445089528 22
1445089528 102
1445089528 3
1445089528 75
1445089528 25
1445089528 25
1445089528 154
1445089529 102
1445089529 25
1445089529 25
1445089529 102
1445089538 75
1445089538 25
1445089540 102
1445089540 25
1445089540 25
1445089540 102
1445089551 75
1445089551 25
1445089552 102
1445089552 25
1445089552 25
1445089552 102
1445089561 75
1445089561 25
1445089563 102
1445089563 25
1445089563 25
1445089563 102
1445089574 75
1445089574 25
1445089575 102
1445089575 25
1445089575 25
1445089575 102
1445089587 75
1445089587 25
1445089588 102
1445089588 25
1445089588 25
1445089588 102
1445089590 67
1445089597 75
1445089597 25
1445089597 102
1445089597 25
1445089597 25
1445089598 75
1445089598 102
1445089598 160
