1445235963 8
1445235964 147
1445235964 16
1445235964 102
1445235964 83
1445235964 8
1445235965 147
1445235967 160
1445235969 82
1445235969 67
1445235972 22
1445235973 102
1445235973 3
1445235973 75
1445235973 25
1445235973 25
1445235973 154
1445235984 102
1445235984 25
1445235984 25
1445235984 102
1445236003 115
1445236003 114
1445236003 13
1445236003 13
1445236003 139
1445236003 43
1445236003 43
1445236003 41
1445236003 41
1445236003 91
1445236003 103
1445236003 9
1445236003 136
1445236003 114
1445236003 170
1445236003 170
1445236003 170
1445236003 170
