1445071654 35
1445071655 35
1445071655 35
1445071655 35
1445071657 35
1445071657 35
1445071657 35
1445071657 35
1445071657 35
1445071657 35
1445071657 35
1445071657 35
1445071657 35
1445071657 35
1445071657 35
1445071657 35
1445071657 35
1445071657 35
1445071658 35
1445071658 35
1445071658 35
1445071658 35
1445071658 35
1445071658 35
1445071659 35
1445071659 35
1445071659 35
1445071659 35
1445071659 35
1445071659 35
1445071659 35
1445071659 35
1445071659 35
1445071659 35
1445071659 8
1445071659 35
1445071659 35
1445071659 35
1445071659 35
1445071659 35
1445071659 35
1445071659 35
1445071659 64
1445071659 5
1445071659 64
1445071659 35
1445071660 35
1445071660 35
1445071660 35
1445071660 35
1445071660 35
1445071660 35
1445071660 35
1445071660 35
1445071660 35
1445071660 35
1445071660 35
1445071660 35
1445071660 35
1445071660 35
1445071660 35
1445071660 35
1445071660 35
1445071660 35
1445071660 35
1445071660 35
1445071660 35
1445071660 35
1445071660 35
1445071660 35
1445071660 35
1445071660 35
1445071660 35
1445071660 35
1445071660 35
1445071660 35
1445071660 35
1445071660 35
1445071660 35
1445071660 35
1445071660 35
1445071660 35
1445071660 35
1445071660 35
1445071660 35
1445071660 35
1445071660 35
1445071660 35
1445071660 35
1445071660 35
1445071660 35
1445071660 35
1445071660 35
1445071660 35
1445071660 35
1445071660 35
1445071660 35
1445071660 35
1445071660 35
1445071660 35
1445071660 35
1445071660 35
1445071660 35
1445071660 35
1445071660 35
1445071660 35
1445071660 35
1445071660 35
1445071661 35
1445071661 35
1445071661 35
1445071661 35
1445071662 35
1445071662 35
1445071662 35
1445071662 35
1445071662 35
1445071662 35
1445071662 35
1445071662 35
1445071662 35
1445071662 35
1445071662 35
1445071662 35
1445071662 35
1445071662 35
1445071662 35
1445071662 35
1445071662 35
1445071662 35
1445071662 35
1445071662 35
1445071663 35
1445071663 35
1445071663 35
1445071663 35
1445071663 35
1445071663 35
1445071663 35
1445071663 35
1445071663 35
1445071663 35
1445071663 35
1445071663 35
1445071663 35
1445071663 35
1445071663 35
1445071663 35
1445071663 35
1445071663 35
1445071663 35
1445071663 35
1445071663 35
1445071663 35
1445071663 35
1445071663 35
1445071663 35
1445071663 35
1445071663 35
1445071663 35
1445071663 35
1445071663 35
1445071663 35
1445071663 35
1445071663 35
1445071663 35
1445071663 35
1445071663 35
1445071663 35
1445071663 35
1445071663 35
1445071663 35
1445071663 35
1445071663 35
1445071663 35
1445071663 35
1445071663 35
1445071663 35
1445071663 35
1445071663 35
1445071663 35
1445071663 35
1445071663 35
1445071663 35
1445071663 35
1445071663 35
1445071663 35
1445071663 35
1445071663 35
1445071663 35
1445071663 35
1445071663 35
1445071663 35
1445071663 35
1445071663 35
1445071663 35
1445071663 35
1445071663 35
1445071663 35
1445071663 35
1445071663 35
1445071663 35
1445071663 35
1445071663 35
1445071663 35
1445071663 35
1445071663 35
1445071663 35
1445071663 35
1445071663 35
1445071663 35
1445071663 35
1445071663 35
1445071663 35
1445071663 35
1445071663 35
1445071663 35
1445071663 35
1445071663 35
1445071663 35
1445071663 35
1445071663 35
1445071663 35
1445071663 35
1445071663 35
1445071663 35
1445071663 35
1445071663 35
1445071663 35
1445071663 35
1445071663 35
1445071663 35
1445071663 35
1445071663 35
1445071665 35
1445071665 35
1445071665 35
1445071665 35
1445071665 35
1445071665 35
1445071665 35
1445071665 35
1445071665 35
1445071665 35
1445071665 35
1445071665 35
1445071665 35
1445071665 35
1445071666 35
1445071666 35
1445071667 35
1445071667 35
1445071667 35
1445071667 35
1445071667 35
1445071667 35
1445071667 35
1445071667 35
1445071667 35
1445071667 35
1445071667 35
1445071667 35
1445071667 35
1445071667 35
1445071667 35
1445071667 35
1445071667 35
1445071667 35
1445071667 35
1445071667 35
1445071668 35
1445071668 35
1445071669 35
1445071669 35
1445071670 35
1445071670 35
1445071671 35
1445071671 35
1445071673 35
1445071673 35
1445071673 35
1445071673 35
1445071674 35
1445071674 35
1445071674 35
1445071674 35
1445071675 35
1445071675 35
1445071676 35
1445071676 35
1445071676 35
1445071676 35
1445071677 35
1445071677 35
1445071677 35
1445071677 35
1445071678 35
1445071678 35
1445071679 35
1445071679 35
1445071679 35
1445071679 35
1445071680 35
1445071680 35
1445071680 35
1445071681 35
1445071681 35
1445071681 35
1445071682 35
1445071682 35
1445071682 35
1445071682 35
1445071683 35
1445071683 35
1445071683 35
1445071684 35
1445071684 35
1445071684 35
1445071685 35
1445071685 35
1445071685 35
1445071685 35
1445071686 35
1445071686 35
1445071686 35
1445071687 35
1445071687 35
1445071687 35
1445071688 35
1445071688 35
1445071688 35
1445071688 35
1445071689 35
1445071689 35
1445071689 35
1445071690 35
1445071690 35
1445071690 35
1445071691 35
1445071691 35
1445071691 35
1445071691 35
1445071692 35
1445071692 35
1445071693 35
1445071693 35
1445071693 35
1445071693 35
1445071694 35
1445071694 35
1445071694 35
1445071694 35
1445071694 35
1445071695 35
1445071695 35
1445071696 35
1445071696 35
1445071696 35
1445071696 35
1445071697 35
1445071697 35
1445071697 35
1445071697 35
1445071698 35
1445071698 35
1445071699 35
1445071699 35
1445071699 35
1445071699 35
1445071700 35
1445071700 35
1445071700 35
1445071700 35
1445071701 35
1445071701 35
1445071702 35
1445071702 35
1445071702 35
1445071702 35
1445071703 35
1445071703 35
1445071703 35
1445071703 35
1445071704 35
1445071704 35
1445071705 35
1445071705 35
1445071705 35
1445071705 35
1445071706 35
1445071706 35
1445071706 35
1445071706 35
1445071707 35
1445071707 35
1445071708 35
1445071708 35
1445071708 35
1445071708 35
1445071709 35
1445071709 35
1445071709 35
1445071709 35
1445071710 35
1445071710 35
1445071711 35
1445071711 35
1445071711 35
1445071711 35
1445071712 35
1445071712 35
1445071712 35
1445071712 35
1445071713 35
1445071713 35
1445071714 35
1445071714 35
1445071714 35
1445071714 35
1445071714 35
1445071714 35
1445071714 35
1445071714 35
1445071714 35
1445071714 35
1445071714 35
1445071714 35
1445071714 35
1445071714 35
1445071714 35
1445071714 35
1445071714 35
1445071714 35
1445071714 35
1445071714 35
1445071714 35
1445071714 35
1445071714 35
1445071714 35
1445071714 35
1445071714 35
1445071714 35
1445071715 35
1445071715 35
1445071715 35
1445071715 35
1445071715 35
1445071715 35
1445071715 35
1445071715 113
1445071715 119
1445071715 170
1445071715 35
1445071715 35
1445071715 35
1445071715 35
1445071715 35
1445071715 35
1445071715 35
1445071715 35
1445071715 35
1445071715 35
1445071715 35
1445071716 35
1445071716 35
1445071716 35
1445071716 35
1445071716 35
1445071716 35
1445071716 35
1445071716 35
1445071716 35
1445071716 35
1445071716 35
1445071716 35
1445071717 35
1445071717 35
1445071717 35
1445071717 35
1445071717 35
1445071717 35
1445071717 35
1445071717 35
1445071717 35
1445071717 35
1445071718 35
1445071718 35
1445071718 35
1445071719 35
1445071719 35
1445071719 35
1445071719 35
1445071719 35
1445071720 35
1445071720 35
1445071720 35
1445071720 35
1445071721 35
1445071721 35
1445071721 35
1445071722 35
1445071722 35
1445071723 35
1445071723 35
1445071723 35
1445071723 35
1445071724 35
1445071724 35
1445071724 35
1445071725 35
1445071725 35
1445071725 35
1445071725 35
1445071725 35
1445071726 35
1445071726 35
1445071726 35
1445071726 35
1445071727 35
1445071727 35
1445071727 35
1445071727 35
1445071728 35
1445071728 35
1445071728 35
1445071729 35
1445071729 35
1445071729 35
1445071729 35
1445071729 35
1445071729 35
1445071729 35
1445071729 35
1445071729 35
1445071729 35
1445071729 35
1445071729 35
1445071729 35
1445071730 35
1445071730 35
1445071730 35
1445071730 35
1445071730 35
1445071730 35
1445071730 35
1445071730 35
1445071730 35
1445071730 35
1445071730 35
1445071730 35
1445071730 35
1445071730 35
1445071731 35
1445071731 35
1445071731 35
1445071731 35
1445071731 35
1445071731 35
1445071732 35
1445071732 35
1445071732 35
1445071732 35
1445071732 35
1445071732 35
1445071732 35
1445071733 35
1445071733 35
1445071733 35
1445071733 35
1445071733 35
1445071734 35
1445071734 35
1445071735 35
1445071735 35
1445071735 35
1445071735 35
1445071735 35
1445071735 35
1445071735 35
1445071736 35
1445071736 35
1445071736 35
1445071736 35
1445071736 35
1445071736 35
1445071736 35
1445071736 35
1445071737 35
1445071737 35
1445071738 35
1445071738 35
1445071738 35
1445071738 35
1445071738 35
1445071738 35
1445071738 35
1445071739 35
1445071739 35
1445071739 35
1445071739 35
1445071740 35
1445071740 35
1445071740 35
1445071741 35
1445071741 35
1445071741 35
1445071741 35
1445071741 35
1445071741 35
1445071741 35
1445071742 35
1445071742 35
1445071742 35
1445071742 35
1445071743 35
1445071743 35
1445071744 35
1445071744 35
1445071744 35
1445071744 35
1445071744 35
1445071744 35
1445071744 35
1445071744 35
1445071744 35
1445071744 35
1445071744 35
1445071744 35
1445071744 35
1445071744 35
1445071744 35
1445071744 35
1445071745 35
1445071745 35
1445071745 35
1445071745 35
1445071746 35
1445071747 35
1445071747 35
1445071747 35
1445071747 35
1445071747 35
1445071747 35
1445071747 35
1445071747 35
1445071748 35
1445071748 35
1445071748 35
1445071748 35
1445071749 35
1445071749 35
1445071750 35
1445071750 35
1445071750 35
1445071750 35
1445071750 35
1445071750 35
1445071750 35
1445071750 35
1445071751 35
1445071751 35
1445071751 35
1445071751 35
1445071752 35
1445071752 35
1445071753 35
1445071753 35
1445071753 35
1445071753 35
1445071753 35
1445071753 35
1445071753 35
1445071753 35
1445071753 35
1445071753 35
1445071754 35
1445071754 35
1445071754 35
1445071754 35
1445071754 35
1445071755 35
1445071755 35
1445071756 35
1445071756 35
1445071756 35
1445071756 35
1445071756 35
1445071756 35
1445071756 35
1445071757 35
1445071757 35
1445071757 35
1445071757 35
1445071757 35
1445071758 35
1445071758 35
1445071759 35
1445071759 35
1445071759 35
1445071759 35
1445071759 35
1445071759 35
1445071759 35
1445071759 35
1445071760 35
1445071760 35
1445071760 35
1445071760 35
1445071761 35
1445071761 35
1445071761 35
1445071762 35
1445071762 35
1445071762 35
1445071762 35
1445071762 35
1445071762 35
1445071762 35
1445071762 35
1445071762 35
1445071762 35
1445071763 35
1445071763 35
1445071763 35
1445071763 35
1445071764 35
1445071764 35
1445071765 35
1445071765 35
1445071765 35
1445071765 35
1445071765 35
1445071765 35
1445071765 35
1445071765 35
1445071765 35
1445071766 35
1445071766 35
1445071766 35
1445071766 35
1445071766 35
1445071767 35
1445071767 35
1445071768 35
1445071768 35
1445071768 35
1445071768 35
1445071768 35
1445071768 35
1445071768 35
1445071768 35
1445071768 35
1445071768 35
1445071769 35
1445071769 35
1445071769 35
1445071770 35
1445071770 35
1445071770 35
1445071771 35
1445071771 35
1445071771 35
1445071771 35
1445071771 35
1445071771 35
1445071771 35
1445071771 35
1445071771 35
1445071772 35
1445071772 35
1445071773 35
1445071773 35
1445071773 35
1445071774 35
1445071774 35
1445071774 35
1445071774 35
1445071774 35
1445071774 35
1445071774 35
1445071775 35
1445071775 35
1445071775 35
1445071775 35
1445071775 35
1445071776 35
1445071776 35
1445071776 35
1445071777 35
1445071777 35
1445071777 35
1445071777 35
1445071777 35
1445071777 35
1445071777 35
1445071778 35
1445071778 35
1445071778 35
1445071778 35
1445071778 35
1445071779 35
1445071779 35
1445071780 35
1445071780 35
1445071780 35
1445071780 35
1445071780 35
1445071780 35
1445071780 35
1445071781 35
1445071781 35
1445071781 35
1445071782 35
1445071782 35
1445071782 35
1445071782 35
1445071782 35
1445071783 35
1445071783 35
1445071783 35
1445071783 35
1445071783 35
1445071783 35
1445071783 35
1445071784 35
1445071784 35
1445071784 35
1445071785 35
1445071785 35
1445071785 35
1445071785 35
1445071785 35
1445071786 35
1445071786 35
1445071786 35
1445071786 35
1445071786 35
1445071786 35
1445071786 35
1445071787 35
1445071788 35
1445071788 35
1445071788 35
1445071788 35
1445071788 35
1445071788 35
1445071788 35
1445071789 35
1445071789 35
1445071789 35
1445071789 35
1445071789 35
1445071789 35
1445071789 35
1445071791 35
1445071791 35
1445071791 35
1445071791 35
1445071791 35
1445071791 35
1445071791 35
1445071791 35
1445071791 35
1445071791 35
1445071791 35
1445071791 35
1445071791 35
1445071791 35
1445071791 35
1445071791 35
1445071791 35
1445071791 35
1445071791 35
1445071791 35
1445071791 35
1445071791 35
1445071791 35
1445071791 35
1445071791 35
1445071791 35
1445071791 35
1445071791 35
1445071791 35
1445071791 35
1445071791 35
1445071791 35
1445071791 35
1445071791 35
1445071791 35
1445071791 35
1445071791 35
1445071791 35
1445071791 35
1445071791 35
1445071791 35
1445071791 35
1445071791 35
1445071791 35
1445071791 35
1445071791 35
1445071791 35
1445071792 35
1445071792 35
1445071792 35
1445071792 35
1445071792 35
1445071792 35
1445071792 113
1445071792 119
1445071792 170
1445071792 35
1445071792 35
1445071792 113
1445071792 119
1445071792 170
1445071792 35
1445071792 35
1445071792 35
1445071792 35
1445071792 35
1445071792 35
1445071792 35
1445071792 35
1445071792 35
1445071792 35
1445071792 35
1445071793 35
1445071793 35
1445071793 35
1445071793 113
1445071793 119
1445071793 170
1445071793 35
1445071794 35
1445071794 35
1445071795 35
1445071795 35
1445071795 35
1445071795 35
1445071795 35
1445071795 35
1445071795 35
1445071795 35
1445071795 35
1445071796 35
1445071797 35
1445071797 35
1445071798 35
1445071798 35
1445071798 35
1445071798 35
1445071798 35
1445071798 35
1445071798 35
1445071798 35
1445071799 35
1445071799 35
1445071799 35
1445071799 35
1445071799 35
1445071799 35
1445071799 35
1445071799 35
1445071799 35
1445071799 35
1445071799 35
1445071799 35
1445071799 35
1445071799 35
1445071799 35
1445071799 35
1445071799 35
1445071799 35
1445071799 89
1445071799 35
1445071799 35
1445071799 36
1445071799 164
1445071799 106
1445071799 4
1445071799 106
1445071799 106
1445071799 61
1445071799 15
1445071799 61
1445071799 61
1445071799 61
1445071799 61
1445071799 35
1445071800 35
1445071800 35
1445071800 35
1445071800 35
1445071800 35
1445071800 35
1445071800 35
1445071800 35
1445071800 35
1445071800 35
1445071800 35
1445071800 35
1445071800 35
1445071801 35
1445071801 35
1445071801 35
1445071801 35
1445071801 113
1445071801 119
1445071801 170
1445071801 35
1445071801 35
1445071801 113
1445071801 119
1445071801 170
1445071801 35
1445071801 35
1445071801 35
1445071801 35
1445071801 35
1445071801 35
1445071801 35
1445071801 35
1445071801 35
1445071801 35
1445071801 35
1445071801 35
1445071801 35
1445071801 35
1445071801 35
1445071801 35
1445071801 35
1445071801 35
1445071801 35
1445071801 35
1445071801 35
1445071801 35
1445071801 35
1445071801 35
1445071801 35
1445071801 35
1445071801 35
1445071801 35
1445071801 35
1445071802 35
1445071802 35
1445071802 35
1445071802 35
1445071802 113
1445071802 119
1445071802 170
1445071802 35
1445071802 35
1445071802 113
1445071802 119
1445071802 170
1445071802 35
1445071802 35
1445071802 89
1445071802 35
1445071802 35
1445071802 35
1445071802 35
1445071802 36
1445071802 164
1445071802 106
1445071802 4
1445071802 106
1445071802 106
1445071802 61
1445071802 15
1445071802 61
1445071802 61
1445071802 61
1445071802 61
1445071802 35
1445071803 35
1445071803 35
1445071803 35
1445071803 113
1445071803 119
1445071803 170
1445071803 35
1445071803 35
1445071803 35
1445071803 35
1445071803 35
1445071803 35
1445071803 35
1445071803 35
1445071803 35
1445071803 35
1445071803 35
1445071803 35
1445071804 35
1445071804 35
1445071804 35
1445071804 35
1445071804 113
1445071804 119
1445071804 170
1445071804 35
1445071805 35
1445071805 35
1445071805 35
1445071805 113
1445071805 119
1445071805 170
1445071805 35
1445071805 35
1445071805 35
1445071805 35
1445071805 35
1445071805 35
1445071805 35
1445071805 35
1445071805 35
1445071805 35
1445071805 35
1445071805 35
1445071805 35
1445071805 35
1445071805 35
1445071805 35
1445071805 35
1445071805 35
1445071805 35
1445071805 89
1445071805 35
1445071806 35
1445071806 36
1445071806 164
1445071806 106
1445071806 4
1445071806 106
1445071806 106
1445071806 61
1445071806 15
1445071806 61
1445071806 61
1445071806 61
1445071806 61
1445071806 35
1445071806 35
1445071807 35
1445071807 35
1445071807 35
1445071807 113
1445071807 119
1445071807 170
1445071807 35
1445071807 35
1445071807 113
1445071807 119
1445071807 170
1445071808 35
1445071809 35
1445071810 35
1445071810 35
1445071812 35
1445071813 35
1445071814 35
1445071814 35
1445071815 35
1445071816 35
1445071817 35
1445071817 35
1445071818 35
1445071819 35
1445071820 35
1445071820 35
1445071821 35
1445071822 35
1445071823 35
1445071823 35
1445071824 35
1445071826 35
1445071828 35
1445071829 35
1445071830 35
1445071830 35
1445071831 35
1445071832 35
1445071833 35
1445071833 35
1445071834 35
1445071835 35
1445071836 35
1445071836 35
1445071837 35
1445071838 35
1445071839 35
1445071839 35
1445071840 35
1445071841 35
1445071843 35
1445071843 35
1445071844 35
1445071845 35
1445071846 35
1445071846 35
1445071848 35
1445071849 35
1445071849 35
1445071850 35
1445071851 35
1445071852 35
1445071853 35
1445071853 35
1445071854 35
1445071855 35
1445071856 35
1445071856 35
1445071857 35
1445071859 35
1445071861 35
1445071863 35
1445071863 35
1445071864 35
1445071865 35
1445071866 35
1445071866 35
1445071867 35
1445071868 35
1445071869 35
1445071869 35
1445071870 35
1445071871 35
1445071872 35
1445071873 35
1445071873 35
1445071875 35
1445071876 35
1445071876 35
1445071877 35
1445071878 35
1445071879 35
1445071879 35
1445071880 35
1445071881 35
1445071882 35
1445071882 35
1445071883 35
1445071884 35
1445071885 35
1445071887 35
1445071888 35
1445071889 35
1445071890 35
1445071890 35
1445071891 35
1445071893 35
1445071902 35
1445071903 35
1445071904 35
1445071904 35
1445071905 35
1445071906 35
1445071907 35
1445071907 35
1445071908 35
1445071909 35
1445071910 35
1445071910 35
1445071911 35
1445071912 35
1445071913 35
1445071914 35
1445071914 35
1445071915 35
1445071918 35
1445071918 35
1445071921 35
1445071922 35
1445071923 35
1445071923 35
1445071926 35
1445071927 35
1445071928 35
1445071928 35
1445071930 35
1445071931 35
1445071932 35
1445071932 35
1445071933 35
1445071934 35
1445071935 35
1445071935 35
1445071936 35
1445071937 35
1445071938 35
1445071938 35
1445071939 35
1445071941 35
1445071941 35
1445071942 35
1445071943 35
1445071944 35
1445071945 35
1445071946 35
1445071947 35
1445071947 35
1445071948 35
1445071949 35
1445071950 35
1445071951 35
1445071951 35
1445071952 35
1445071953 35
1445071954 35
1445071954 35
1445071955 35
1445071956 35
1445071957 35
1445071958 35
1445071959 35
1445071960 35
1445071961 35
1445071962 35
1445071963 35
1445071964 35
1445071964 35
1445071965 35
1445071966 35
1445071967 35
1445071967 35
1445071968 35
1445071969 35
1445071970 35
1445071971 35
1445071971 35
1445071972 35
1445071974 35
1445071974 35
1445071975 35
1445071976 35
1445071977 35
1445071977 35
1445071978 35
1445071979 35
1445071980 35
1445071980 35
1445071981 35
1445071982 35
1445071983 35
1445071984 35
1445071984 35
1445071985 35
1445071986 35
1445071987 35
1445071988 35
1445071989 35
1445071990 35
1445071991 35
1445071991 35
1445071992 35
1445071993 35
1445071994 35
1445071995 35
1445071995 35
1445071996 35
1445071997 35
1445071998 35
1445071998 35
1445071999 35
1445072000 35
1445072001 35
1445072002 35
1445072003 35
1445072004 35
1445072005 35
1445072005 35
1445072006 35
1445072008 35
1445072009 35
1445072009 35
1445072010 35
1445072011 35
