1445067764 8
1445067764 147
1445067764 16
1445067764 102
1445067764 83
1445067764 8
1445067765 147
1445067765 160
1445067766 82
1445067766 67
1445067766 22
1445067766 102
1445067766 3
1445067766 75
1445067766 25
1445067766 25
1445067766 154
1445067771 102
1445067771 25
1445067771 25
1445067771 102
1445067782 75
1445067782 25
1445067786 102
1445067786 25
1445067786 25
1445067786 102
1445067797 75
1445067797 25
1445067800 102
1445067800 25
1445067800 25
1445067800 102
1445067809 75
1445067809 25
1445067812 102
1445067812 25
1445067812 25
1445067812 102
1445067822 75
1445067822 25
1445067826 102
1445067826 25
1445067826 25
1445067826 102
1445067834 75
1445067834 25
1445067838 102
1445067838 25
1445067838 25
1445067838 102
1445067849 75
1445067849 25
1445067852 102
1445067852 25
1445067852 25
1445067852 102
1445067862 75
1445067862 25
1445067864 67
1445067864 102
1445067864 25
1445067864 25
1445067874 75
1445067874 102
1445067874 160
1445067906 129
1445067906 3
1445067906 16
1445067906 16
1445067906 111
