1445094607 8
1445094607 147
1445094607 16
1445094607 102
1445094607 83
1445094607 8
1445094608 147
1445094608 160
1445094609 82
1445094609 67
1445094609 154
1445094609 0
1445094609 58
1445094609 78
1445094609 78
1445094609 58
1445094609 60
1445094609 60
1445094609 167
1445094611 167
1445094611 1
1445094611 78
1445094611 78
1445094611 60
1445094611 60
1445094611 167
1445094614 167
1445094614 60
1445094614 167
1445094616 167
1445094616 60
1445094616 167
1445094618 167
1445094618 60
1445094618 167
1445094620 167
1445094620 1
1445094739 76
1445094739 76
1445094740 58
1445094740 78
1445094740 78
1445094740 60
1445094740 60
1445094740 167
1445094742 167
1445094742 1
1445094780 58
1445094780 78
1445094780 78
1445094780 60
1445094780 60
1445094780 167
1445094782 58
1445094782 78
1445094782 78
1445094782 60
1445094782 60
1445094782 167
1445094783 167
1445094783 1
1445094802 58
1445094848 167
1445094848 66
1445094848 78
1445094848 78
1445094848 60
1445094848 60
1445094848 167
1445094855 58
1445094855 78
1445094855 78
1445094855 60
1445094855 60
1445094855 167
1445094886 167
1445094886 66
1445094890 167
1445094890 66
1445094890 58
1445094890 0
1445094890 120
1445094890 120
1445094890 102
1445094890 160
1445094890 60
1445095677 129
1445095677 129
1445095677 167
1445095678 3
1445095678 16
1445095678 16
1445095678 111
