1445094490 8
1445094490 147
1445094490 16
1445094490 102
1445094490 83
1445094491 8
1445094492 147
1445094495 160
1445094497 82
1445094498 67
1445094499 22
1445094499 102
1445094499 3
1445094499 75
1445094499 25
1445094499 25
1445094499 154
1445094506 102
1445094506 25
1445094506 25
1445094506 102
1445094534 75
1445094534 25
1445094539 102
1445094539 25
1445094539 25
1445094539 102
1445094568 75
1445094569 25
1445094573 102
1445094573 25
1445094573 25
1445094573 102
1445094601 75
1445094601 25
1445094606 102
1445094606 25
1445094606 25
1445094606 102
1445094634 75
1445094634 25
1445094638 102
1445094638 25
1445094638 25
1445094638 102
1445094666 75
1445094667 25
1445094670 102
1445094670 25
1445094670 25
1445094670 102
1445094672 67
1445094696 75
1445094696 25
1445094696 102
1445094696 25
1445094696 25
1445094699 75
1445094699 102
1445094699 160
1445094800 129
1445094801 3
1445094801 16
1445094801 16
1445094801 111
