1445163057 8
1445163057 147
1445163057 16
1445163058 102
1445163058 83
1445163058 8
1445163058 147
1445163058 160
1445163059 82
1445163059 67
1445163060 22
1445163060 102
1445163060 3
1445163060 75
1445163060 25
1445163060 25
1445163060 154
1445163063 102
1445163063 25
1445163063 25
1445163063 102
1445163072 75
1445163072 25
1445163075 102
1445163075 25
1445163075 25
1445163075 102
1445163083 75
1445163083 25
1445163086 102
1445163086 25
1445163086 25
1445163086 102
1445163095 75
1445163095 25
1445163098 102
1445163098 25
1445163098 25
1445163098 102
1445163107 75
1445163107 25
1445163110 102
1445163110 25
1445163110 25
1445163110 102
1445163119 75
1445163119 25
1445163121 102
1445163121 25
1445163121 25
1445163121 102
1445163131 75
1445163131 25
1445163134 102
1445163134 25
1445163134 25
1445163134 102
1445163144 75
1445163144 25
1445163146 67
1445163146 102
1445163146 25
1445163146 25
1445163154 75
1445163154 102
1445163154 160
1445163184 129
1445163184 3
