1445163596 18
1445163596 12
1445163596 16
1445163596 23
1445163596 6
1445163596 3
1445163596 2
1445163597 4
1445163597 8
1445163597 13
1445163597 7
1445163598 27
1445163598 11
1445163598 20
1445163598 22
1445163598 19
1445163598 9
1445163601 21
1445163601 14
1445163601 17
1445163601 27
1445163611 26
1445163611 15
1445163613 21
1445163613 14
1445163613 17
1445163613 27
1445163621 26
1445163621 15
1445163623 21
1445163623 14
1445163623 17
1445163623 27
1445163631 26
1445163631 15
1445163633 21
1445163633 14
1445163633 17
1445163633 27
1445163643 26
1445163643 15
1445163646 21
1445163646 14
1445163646 17
1445163646 27
1445163658 26
1445163658 15
1445163660 21
1445163660 14
1445163660 17
1445163660 27
1445163672 26
1445163672 15
1445163674 21
1445163674 14
1445163674 17
1445163674 27
1445163684 26
1445163684 15
1445163686 10
1445163686 21
1445163686 14
1445163686 17
1445163696 28
1445163696 24
1445163696 1
1445163720 5
1445163720 25
