1445163596 8
1445163596 147
1445163596 16
1445163596 102
1445163596 83
1445163596 8
1445163596 147
1445163597 160
1445163597 82
1445163597 67
1445163597 22
1445163598 102
1445163598 3
1445163598 75
1445163598 25
1445163598 25
1445163598 154
1445163601 102
1445163601 25
1445163601 25
1445163601 102
1445163611 75
1445163611 25
1445163613 102
1445163613 25
1445163613 25
1445163613 102
1445163621 75
1445163621 25
1445163623 102
1445163623 25
1445163623 25
1445163623 102
1445163631 75
1445163631 25
1445163633 102
1445163633 25
1445163633 25
1445163633 102
1445163643 75
1445163643 25
1445163646 102
1445163646 25
1445163646 25
1445163646 102
1445163658 75
1445163658 25
1445163660 102
1445163660 25
1445163660 25
1445163660 102
1445163672 75
1445163672 25
1445163674 102
1445163674 25
1445163674 25
1445163674 102
1445163684 75
1445163684 25
1445163686 67
1445163686 102
1445163686 25
1445163686 25
1445163696 75
1445163696 102
1445163696 160
1445163720 129
1445163720 3
