1445175182 61
1445175183 61
1445175183 61
1445175183 61
1445175184 61
1445175184 61
1445175184 61
1445175184 61
1445175184 61
1445175184 61
1445175184 61
1445175184 61
1445175184 61
1445175184 61
1445175184 61
1445175184 61
1445175184 61
1445175184 61
1445175184 61
1445175184 61
1445175185 21
1445175185 61
1445175185 61
1445175185 61
1445175185 61
1445175185 61
1445175185 61
1445175185 61
1445175185 17
1445175185 61
1445175185 61
1445175185 61
1445175185 61
1445175185 14
1445175185 22
1445175185 61
1445175185 61
1445175185 61
1445175185 61
1445175185 61
1445175185 61
1445175185 61
1445175185 53
1445175185 13
1445175185 36
1445175185 18
1445175186 61
1445175186 61
1445175186 17
1445175186 61
1445175186 61
1445175186 61
1445175186 61
1445175186 61
1445175186 61
1445175186 16
1445175186 61
1445175186 61
1445175186 61
1445175186 61
1445175186 61
1445175186 61
1445175186 61
1445175186 61
1445175186 61
1445175186 61
1445175186 61
1445175186 61
1445175186 61
1445175186 61
1445175186 61
1445175186 61
1445175186 61
1445175186 61
1445175186 61
1445175186 61
1445175186 61
1445175186 61
1445175186 61
1445175186 61
1445175186 61
1445175186 61
1445175186 61
1445175186 61
1445175186 61
1445175186 61
1445175186 61
1445175186 61
1445175186 61
1445175186 61
1445175186 61
1445175186 61
1445175186 61
1445175186 61
1445175186 61
1445175186 61
1445175186 61
1445175186 61
1445175186 61
1445175186 61
1445175186 61
1445175186 61
1445175186 61
1445175186 61
1445175186 61
1445175186 61
1445175186 61
1445175186 61
1445175187 61
1445175187 61
1445175187 61
1445175187 61
1445175188 61
1445175188 61
1445175188 61
1445175188 61
1445175188 61
1445175188 61
1445175188 61
1445175188 61
1445175188 61
1445175188 61
1445175188 61
1445175188 61
1445175188 61
1445175188 61
1445175188 61
1445175188 61
1445175188 61
1445175188 61
1445175188 61
1445175188 61
1445175188 61
1445175188 61
1445175188 61
1445175188 61
1445175188 61
1445175188 61
1445175188 61
1445175188 61
1445175188 61
1445175188 61
1445175188 61
1445175188 61
1445175188 61
1445175188 61
1445175188 61
1445175188 61
1445175188 61
1445175188 61
1445175188 61
1445175188 61
1445175188 61
1445175188 61
1445175188 61
1445175188 61
1445175188 61
1445175188 61
1445175188 61
1445175188 61
1445175188 61
1445175188 61
1445175188 61
1445175188 61
1445175188 61
1445175188 61
1445175188 61
1445175188 61
1445175188 61
1445175188 61
1445175188 61
1445175188 61
1445175188 61
1445175188 61
1445175188 61
1445175188 61
1445175188 61
1445175188 61
1445175188 61
1445175188 61
1445175188 61
1445175188 61
1445175188 61
1445175188 61
1445175188 61
1445175188 61
1445175188 61
1445175188 61
1445175188 61
1445175188 61
1445175188 61
1445175188 61
1445175188 61
1445175188 61
1445175188 61
1445175188 61
1445175188 61
1445175188 61
1445175188 61
1445175188 61
1445175188 61
1445175188 61
1445175188 61
1445175188 61
1445175188 61
1445175188 61
1445175188 61
1445175188 61
1445175188 61
1445175188 61
1445175188 61
1445175188 61
1445175188 61
1445175188 61
1445175188 61
1445175188 61
1445175188 61
1445175188 61
1445175188 61
1445175188 61
1445175188 61
1445175188 61
1445175188 61
1445175188 61
1445175188 61
1445175188 61
1445175188 61
1445175188 61
1445175188 61
1445175188 61
1445175188 61
1445175188 61
1445175188 61
1445175189 61
1445175189 61
1445175189 61
1445175192 61
1445175192 61
1445175192 61
1445175192 61
1445175192 61
1445175192 61
1445175192 61
1445175192 61
1445175192 61
1445175192 61
1445175192 61
1445175193 61
1445175193 61
1445175193 61
1445175193 61
1445175193 61
1445175193 61
1445175193 61
1445175193 61
1445175193 61
1445175193 61
1445175193 61
1445175193 61
1445175193 61
1445175193 61
1445175194 61
1445175194 61
1445175194 61
1445175194 61
1445175195 61
1445175195 61
1445175195 61
1445175195 61
1445175195 61
1445175195 61
1445175195 61
1445175196 61
1445175196 61
1445175199 61
1445175200 61
1445175200 61
1445175201 61
1445175201 61
1445175201 61
1445175201 61
1445175203 61
1445175203 61
1445175203 61
1445175204 61
1445175204 61
1445175204 61
1445175204 61
1445175206 61
1445175206 61
1445175206 61
1445175207 61
1445175207 61
1445175207 61
1445175207 61
1445175209 61
1445175209 61
1445175209 61
1445175210 61
1445175210 61
1445175210 61
1445175210 61
1445175212 61
1445175212 61
1445175212 61
1445175212 61
1445175212 61
1445175212 61
1445175213 61
1445175213 61
1445175213 61
1445175213 61
1445175215 61
1445175215 61
1445175215 61
1445175215 61
1445175215 61
1445175216 61
1445175216 61
1445175216 61
1445175216 61
1445175216 61
1445175218 61
1445175218 61
1445175218 61
1445175219 61
1445175219 61
1445175219 61
1445175219 61
1445175219 61
1445175219 61
1445175219 61
1445175221 61
1445175221 61
1445175221 61
1445175222 61
1445175222 61
1445175222 61
1445175222 61
1445175223 61
1445175223 61
1445175223 61
1445175224 61
1445175224 61
1445175224 61
1445175225 61
1445175225 61
1445175225 61
1445175225 61
1445175226 61
1445175227 61
1445175227 61
1445175227 61
1445175227 61
1445175227 61
1445175228 61
1445175228 61
1445175228 61
1445175228 61
1445175230 61
1445175230 61
1445175230 61
1445175230 61
1445175230 61
1445175230 61
1445175231 61
1445175231 61
1445175231 61
1445175231 61
1445175233 61
1445175233 61
1445175233 61
1445175233 61
1445175234 61
1445175234 61
1445175234 61
1445175234 61
1445175234 61
1445175234 61
1445175236 61
1445175236 61
1445175236 61
1445175237 61
1445175237 61
1445175237 61
1445175237 61
1445175237 61
1445175237 61
1445175237 61
1445175239 61
1445175239 61
1445175239 61
1445175240 61
1445175241 61
1445175241 61
1445175241 61
1445175241 61
1445175241 61
1445175241 61
1445175242 61
1445175242 61
1445175242 61
1445175243 61
1445175243 61
1445175243 61
1445175243 61
1445175243 61
1445175243 61
1445175244 61
1445175244 61
1445175244 61
1445175244 61
1445175244 61
1445175244 61
1445175245 61
1445175245 61
1445175246 61
1445175246 61
1445175247 61
1445175247 61
1445175247 61
1445175247 61
1445175247 61
1445175248 61
1445175248 61
1445175248 61
1445175249 61
1445175249 61
1445175250 61
1445175250 61
1445175250 61
1445175250 61
1445175251 61
1445175251 61
1445175251 61
1445175251 61
1445175252 61
1445175252 61
1445175253 61
1445175253 61
1445175253 61
1445175253 61
1445175254 61
1445175255 61
1445175255 61
1445175255 61
1445175255 61
1445175256 61
1445175256 61
1445175256 61
1445175256 61
1445175256 61
1445175257 61
1445175257 61
1445175258 61
1445175258 61
1445175258 61
1445175259 61
1445175259 61
1445175259 61
1445175259 61
1445175259 61
1445175259 61
1445175260 61
1445175261 61
1445175261 61
1445175262 61
1445175262 61
1445175262 61
1445175262 61
1445175262 61
1445175263 61
1445175263 61
1445175263 61
1445175264 61
1445175264 61
1445175265 61
1445175265 61
1445175265 61
1445175265 61
1445175266 61
1445175266 61
1445175266 61
1445175266 61
1445175267 61
1445175267 61
1445175268 61
1445175268 61
1445175268 61
1445175268 61
1445175269 61
1445175269 61
1445175270 61
1445175270 61
1445175270 61
1445175270 61
1445175271 61
1445175271 61
1445175271 61
1445175271 61
1445175272 61
1445175272 61
1445175272 61
1445175272 61
1445175272 61
1445175272 61
1445175272 61
1445175272 61
1445175272 61
1445175272 61
1445175272 61
1445175272 61
1445175272 61
1445175272 61
1445175272 61
1445175272 61
1445175272 61
1445175272 61
1445175272 61
1445175272 61
1445175273 61
1445175273 61
1445175273 61
1445175273 61
1445175273 61
1445175273 61
1445175273 61
1445175273 61
1445175273 61
1445175273 61
1445175273 61
1445175273 61
1445175273 61
1445175273 61
1445175273 61
1445175273 61
1445175273 61
1445175273 61
1445175273 61
1445175273 61
1445175273 61
1445175273 61
1445175273 61
1445175273 61
1445175273 61
1445175274 61
1445175274 61
1445175274 61
1445175274 61
1445175274 61
1445175274 61
1445175274 61
1445175274 61
1445175274 61
1445175274 61
1445175274 61
1445175274 61
1445175274 -1
1445175274 61
1445175274 61
1445175274 61
1445175274 61
1445175274 61
1445175274 61
1445175275 61
1445175275 61
1445175275 61
1445175275 61
1445175275 61
1445175275 -1
1445175276 61
1445175276 61
1445175276 61
1445175276 61
1445175276 61
1445175276 61
1445175276 61
1445175276 61
1445175276 61
1445175276 61
1445175276 61
1445175276 61
1445175276 61
1445175277 61
1445175277 61
1445175277 61
1445175277 61
1445175277 61
1445175277 61
1445175277 61
1445175277 61
1445175277 61
1445175277 61
1445175277 61
1445175277 61
1445175277 61
1445175277 61
1445175277 61
1445175277 37
1445175277 38
1445175277 -1
1445175277 61
1445175278 61
1445175278 61
1445175278 61
1445175278 37
1445175278 38
1445175278 -1
1445175279 61
1445175280 61
1445175280 61
1445175281 61
1445175282 61
1445175283 61
1445175284 61
1445175284 61
1445175285 61
1445175287 61
1445175288 61
1445175288 61
1445175289 61
1445175291 61
1445175291 61
1445175292 61
1445175292 61
1445175294 61
1445175295 61
1445175295 61
1445175295 61
1445175297 61
1445175297 61
1445175297 61
1445175297 61
1445175297 61
1445175297 61
1445175297 61
1445175297 61
1445175297 61
1445175297 61
1445175297 61
1445175297 61
1445175297 61
1445175297 61
1445175298 61
1445175298 61
1445175298 61
1445175298 61
1445175299 61
1445175301 61
1445175301 61
1445175301 61
1445175301 61
1445175302 61
1445175302 61
1445175303 61
1445175304 61
1445175305 61
1445175305 61
1445175305 61
1445175306 61
1445175306 61
1445175307 61
1445175307 61
1445175307 61
1445175307 61
1445175307 61
1445175307 61
1445175307 61
1445175307 61
1445175307 61
1445175307 61
1445175307 61
1445175307 61
1445175308 61
1445175308 61
1445175308 61
1445175308 61
1445175308 37
1445175308 38
1445175308 -1
1445175309 61
1445175309 61
1445175309 61
1445175309 61
1445175309 61
1445175310 61
1445175311 61
1445175312 61
1445175313 61
1445175313 61
1445175313 61
1445175313 61
1445175314 61
1445175315 61
1445175316 61
1445175316 61
1445175316 61
1445175316 61
1445175317 61
1445175318 61
1445175319 61
1445175320 61
1445175320 61
1445175320 61
1445175320 61
1445175321 61
1445175322 61
1445175323 61
1445175323 61
1445175323 61
1445175324 61
1445175324 61
1445175325 61
1445175326 61
1445175327 61
1445175327 61
1445175327 61
1445175327 61
1445175328 61
1445175329 61
1445175330 61
1445175330 61
1445175330 61
1445175331 61
1445175331 61
1445175331 61
1445175332 61
1445175332 61
1445175332 61
1445175332 61
1445175332 61
1445175332 61
1445175332 61
1445175332 61
1445175332 61
1445175332 61
1445175332 61
1445175332 61
1445175332 61
1445175332 61
1445175333 61
1445175333 61
1445175333 61
1445175333 61
1445175333 61
1445175333 61
1445175333 61
1445175333 61
1445175333 61
1445175334 61
1445175334 61
1445175334 61
1445175334 61
1445175335 61
1445175335 61
1445175336 61
1445175337 61
1445175337 61
1445175337 61
1445175337 61
1445175337 61
1445175337 61
1445175338 61
1445175338 61
1445175339 61
1445175340 61
1445175340 61
1445175341 61
1445175341 61
1445175341 61
1445175341 61
1445175341 61
1445175341 61
1445175341 61
1445175341 61
1445175341 61
1445175341 61
1445175341 61
1445175342 61
1445175342 61
1445175342 61
1445175342 61
1445175342 61
1445175342 61
1445175343 61
1445175343 61
1445175343 61
1445175344 61
1445175344 61
1445175344 61
1445175344 61
1445175344 61
1445175344 61
1445175345 61
1445175345 61
1445175345 61
1445175346 61
1445175346 61
1445175347 61
1445175347 61
1445175348 61
1445175348 61
1445175348 61
1445175348 61
1445175348 61
1445175348 61
1445175348 61
1445175348 61
1445175348 61
1445175349 61
1445175349 61
1445175349 61
1445175349 61
1445175349 61
1445175350 61
1445175351 61
1445175351 61
1445175351 61
1445175351 61
1445175351 61
1445175352 61
1445175352 61
1445175353 61
1445175353 61
1445175354 61
1445175354 61
1445175354 61
1445175355 61
1445175355 61
1445175355 61
1445175355 61
1445175356 61
1445175356 61
1445175357 61
1445175357 61
1445175357 61
1445175358 61
1445175358 61
1445175358 61
1445175359 61
1445175360 61
1445175360 61
1445175360 61
1445175360 61
1445175361 61
1445175361 61
1445175362 61
1445175362 61
1445175362 61
1445175363 61
1445175363 61
1445175363 61
1445175364 61
1445175364 61
1445175365 61
1445175365 61
1445175365 61
1445175366 61
1445175366 61
1445175366 61
1445175366 61
1445175367 61
1445175367 61
1445175368 61
1445175368 61
1445175369 61
1445175369 61
1445175369 61
1445175369 61
1445175370 61
1445175370 61
1445175371 61
1445175371 61
1445175371 61
1445175372 61
1445175372 61
1445175372 61
1445175372 61
1445175373 61
1445175373 61
1445175374 61
1445175374 61
1445175374 61
1445175375 61
1445175375 61
1445175376 61
1445175376 61
1445175376 61
1445175377 61
1445175377 61
1445175378 61
1445175378 61
1445175378 61
1445175378 61
1445175379 61
1445175379 61
1445175380 61
1445175380 61
1445175380 61
1445175381 61
1445175381 61
1445175381 61
1445175381 61
1445175382 61
1445175383 61
1445175383 61
1445175383 61
1445175383 61
1445175384 61
1445175384 61
1445175384 61
1445175385 61
1445175385 61
1445175386 61
1445175386 61
1445175386 61
1445175386 61
1445175387 61
1445175387 61
1445175387 61
1445175387 61
1445175388 61
1445175389 61
1445175389 61
1445175389 61
1445175390 61
1445175390 61
1445175390 61
1445175390 61
1445175390 61
1445175390 61
1445175391 61
1445175392 61
1445175392 61
1445175392 61
1445175393 61
1445175393 61
1445175393 61
1445175393 61
1445175393 61
1445175394 61
1445175395 61
1445175395 61
1445175396 61
1445175396 61
1445175396 61
1445175396 61
1445175397 61
1445175397 61
1445175398 61
1445175398 61
1445175398 61
1445175399 61
1445175399 61
1445175399 61
1445175399 61
1445175400 61
1445175400 61
1445175401 61
1445175401 61
1445175401 61
1445175402 61
1445175402 61
1445175403 61
1445175403 61
1445175403 61
1445175403 61
1445175404 61
1445175404 61
1445175405 61
1445175405 61
1445175405 61
1445175405 61
1445175406 61
1445175406 61
1445175406 61
1445175407 61
1445175407 61
1445175408 61
1445175408 61
1445175408 61
1445175408 61
1445175409 61
1445175409 61
1445175410 61
1445175410 61
1445175410 61
1445175411 61
1445175411 61
1445175411 61
1445175412 61
1445175412 61
1445175412 61
1445175413 61
1445175413 61
1445175414 61
1445175414 61
1445175414 61
1445175415 61
1445175415 61
1445175415 61
1445175416 61
1445175416 61
1445175417 61
1445175417 61
1445175417 61
1445175417 61
1445175418 61
1445175418 61
1445175419 61
1445175419 61
1445175420 61
1445175420 61
1445175420 61
1445175420 61
1445175421 61
1445175421 61
1445175421 61
1445175422 61
1445175422 61
1445175423 61
1445175423 61
1445175423 61
1445175424 61
1445175424 61
1445175424 61
1445175424 61
1445175424 61
1445175424 61
1445175424 61
1445175424 61
1445175424 61
1445175424 61
1445175424 61
1445175424 61
1445175424 61
1445175424 61
1445175424 61
1445175424 61
1445175424 61
1445175424 61
1445175425 61
1445175425 61
1445175425 61
1445175425 61
1445175425 61
1445175426 61
1445175426 61
1445175426 61
1445175426 61
1445175426 37
1445175426 38
1445175426 -1
1445175426 61
1445175426 61
1445175426 61
1445175426 8
1445175426 19
1445175426 32
1445175426 42
1445175426 39
1445175426 33
1445175426 35
1445175426 57
1445175426 57
1445175426 57
1445175426 57
1445175426 57
1445175426 57
1445175426 61
1445175427 61
1445175427 61
1445175428 61
1445175428 61
1445175428 61
1445175428 37
1445175428 38
1445175428 -1
1445175428 61
1445175429 61
1445175429 61
1445175429 61
1445175429 61
1445175430 61
1445175430 61
1445175431 61
1445175432 61
1445175432 61
1445175433 61
1445175433 61
1445175434 61
1445175434 61
1445175435 61
1445175435 61
1445175435 61
1445175436 61
1445175436 61
1445175437 61
1445175437 61
1445175438 61
1445175438 61
1445175438 61
1445175438 61
1445175438 61
1445175438 61
1445175438 61
1445175438 61
1445175438 61
1445175438 61
1445175438 61
1445175438 61
1445175438 61
1445175438 61
1445175439 61
1445175439 61
1445175439 61
1445175440 61
1445175440 61
1445175440 61
1445175440 61
1445175441 61
1445175441 61
1445175441 61
1445175441 61
1445175442 61
1445175443 61
1445175443 61
1445175444 61
1445175444 61
1445175444 61
1445175444 61
1445175445 61
1445175446 61
1445175447 61
1445175447 61
1445175447 61
1445175447 61
1445175447 61
1445175447 61
1445175449 61
1445175450 61
1445175450 61
1445175450 61
1445175450 61
1445175451 61
1445175451 61
1445175451 61
1445175452 61
1445175453 61
1445175453 61
1445175453 61
1445175454 61
1445175454 61
1445175454 61
1445175454 61
1445175455 61
1445175456 61
1445175456 61
1445175456 61
1445175456 61
1445175456 61
1445175456 61
1445175456 61
1445175456 61
1445175456 61
1445175457 61
1445175457 61
1445175457 61
1445175457 61
1445175457 61
1445175457 61
1445175457 61
1445175457 61
1445175457 61
1445175457 61
1445175457 61
1445175457 8
1445175457 19
1445175457 32
1445175457 42
1445175457 39
1445175457 33
1445175457 35
1445175457 57
1445175457 57
1445175457 57
1445175457 57
1445175457 57
1445175457 57
1445175457 61
1445175457 61
1445175457 61
1445175457 61
1445175457 61
1445175458 61
1445175458 61
1445175458 61
1445175458 61
1445175458 61
1445175458 37
1445175458 38
1445175458 -1
1445175459 61
1445175459 61
1445175459 61
1445175459 61
1445175459 37
1445175459 38
1445175459 -1
1445175459 61
1445175460 61
1445175461 61
1445175462 61
1445175462 61
1445175462 61
1445175463 61
1445175464 61
1445175464 61
1445175464 61
1445175464 61
1445175464 61
1445175464 61
1445175464 61
1445175464 61
1445175464 61
1445175464 61
1445175464 61
1445175464 61
1445175464 61
1445175464 61
1445175464 61
1445175464 61
1445175465 61
1445175465 61
1445175465 61
1445175465 61
1445175465 61
1445175465 61
1445175465 61
1445175465 61
1445175466 61
1445175466 61
1445175466 61
1445175466 37
1445175466 38
1445175466 -1
1445175466 61
1445175466 8
1445175466 19
1445175466 32
1445175466 42
1445175466 39
1445175466 33
1445175466 35
1445175466 57
1445175466 57
1445175466 57
1445175466 57
1445175466 57
1445175466 57
1445175467 61
1445175468 61
1445175468 61
1445175468 61
1445175468 37
1445175468 38
1445175468 -1
1445175468 61
1445175468 61
1445175469 61
1445175470 61
1445175471 61
1445175471 61
1445175472 61
1445175473 61
1445175474 61
1445175474 61
1445175475 61
1445175476 61
1445175477 61
1445175478 61
1445175479 61
1445175480 61
1445175481 61
1445175481 61
1445175482 61
1445175483 61
1445175484 61
1445175484 61
1445175485 61
1445175486 61
1445175487 61
1445175487 61
1445175488 61
1445175489 61
1445175490 61
1445175490 61
1445175491 61
1445175492 61
1445175493 61
1445175493 61
1445175494 61
1445175495 61
1445175496 61
1445175496 61
1445175499 61
1445175508 61
1445175514 61
1445175517 61
1445175520 61
1445175523 61
1445175526 61
1445175529 61
1445175532 61
1445175535 61
1445175538 61
1445175541 61
1445175544 61
1445175547 61
1445175550 61
1445175554 61
1445175556 61
