1445088390 8
1445088390 147
1445088390 16
1445088390 102
1445088390 83
1445088390 8
1445088391 147
1445088391 160
1445088392 82
1445088392 67
1445088392 154
1445088392 0
1445088392 58
1445088392 78
1445088392 78
1445088392 58
1445088393 60
1445088393 60
1445088393 167
1445088399 167
1445088402 1
1445088402 78
1445088402 78
1445088402 60
1445088402 60
1445088402 167
1445088404 167
1445088420 1
1445088430 76
1445088432 76
1445088432 76
1445088453 78
1445088453 78
1445088453 58
1445088453 60
1445088453 60
1445088453 167
1445088455 167
1445088455 1
1445088455 78
1445088455 78
1445088455 60
1445088455 60
1445088455 167
1445088455 58
1445088457 167
1445088457 1
1445088457 78
1445088457 78
1445088457 60
1445088457 60
1445088457 167
1445088459 167
1445088459 1
1445088464 58
1445088464 78
1445088464 78
1445088464 60
1445088464 60
1445088464 167
1445088467 167
1445088467 1
1445088542 58
1445088542 78
1445088542 78
1445088542 60
1445088542 60
1445088542 167
1445088544 167
1445088544 1
1445088544 78
1445088544 58
1445088544 78
1445088544 60
1445088544 60
1445088544 167
1445088546 167
1445088546 1
1445088552 58
1445088552 78
1445088552 78
1445088552 60
1445088552 60
1445088552 167
1445088554 167
1445088554 1
1445088595 58
1445088595 78
1445088595 78
1445088595 60
1445088595 60
1445088595 167
1445088597 167
1445088597 1
1445088648 58
1445088648 78
1445088648 78
1445088648 60
1445088648 60
1445088648 167
1445088651 167
1445088651 1
1445088667 58
1445088667 78
1445088667 78
1445088667 60
1445088667 60
1445088667 167
1445088669 167
1445088669 1
1445088851 58
1445088851 78
1445088851 78
1445088851 60
1445088851 60
1445088851 167
1445088916 167
1445088916 66
1445088916 58
1445088916 0
1445088916 120
1445088916 120
1445088916 102
1445088916 147
1445089002 160
1445089002 60
1445089276 20
1445089276 53
1445089276 15
1445089276 15
1445089276 44
1445089276 12
1445089276 91
1445089276 31
1445089276 36
1445089276 164
1445089276 106
1445089276 4
1445089276 106
1445089276 106
1445089276 144
1445089276 53
1445089276 53
1445089276 53
1445089276 51
1445089276 51
1445089276 152
1445089276 51
1445089276 136
1445089276 51
1445089276 152
1445089276 15
1445089276 170
1445089299 33
1445089319 33
1445089339 33
1445089359 33
1445089379 33
1445089399 33
1445089419 33
1445089439 33
1445089459 33
1445089470 168
1445089470 158
1445089470 117
1445089470 117
1445089470 149
1445089470 168
1445089470 168
1445089479 33
1445089499 33
1445089519 33
1445089539 33
1445089559 33
1445089579 169
1445089598 169
1445089618 169
1445089637 169
1445089657 169
1445089677 169
1445089695 129
1445089696 169
1445089716 169
1445089735 169
1445089755 169
1445089773 169
1445089773 71
1445089773 148
1445089773 62
1445089773 62
1445089773 53
1445089773 53
1445089773 15
1445089773 15
1445089773 44
1445089773 12
1445089773 91
1445089773 31
1445089773 52
1445089773 11
1445089773 4
1445089773 131
1445089773 131
1445089773 131
1445089773 152
1445089773 152
1445089773 15
1445089773 152
1445089773 15
1445089773 170
1445089773 170
1445089793 169
1445089812 169
1445089832 169
1445089851 169
1445089868 169
1445089887 169
