1445236916 8
1445236916 147
1445236916 16
1445236916 102
1445236916 83
1445236916 8
1445236917 147
1445236917 160
1445236918 82
1445236918 67
1445236919 22
1445236919 102
1445236919 3
1445236919 75
1445236919 25
1445236919 25
1445236919 154
1445236921 102
1445236921 25
1445236921 25
1445236921 102
1445236932 75
1445236932 25
1445236933 102
1445236933 25
1445236933 25
1445236933 102
1445236943 75
1445236943 25
1445236945 102
1445236945 25
1445236945 25
1445236945 102
1445236955 75
1445236955 25
1445236957 102
1445236957 25
1445236957 25
1445236957 102
1445236966 75
1445236966 25
1445236968 102
1445236968 25
1445236968 25
1445236968 102
1445236978 75
1445236978 25
1445236979 102
1445236979 25
1445236979 25
1445236979 102
1445236980 67
1445236988 75
1445236988 25
1445236988 102
1445236988 25
1445236988 25
1445236990 75
1445236990 102
1445236990 160
1445237019 129
1445237019 3
