1445163428 24
1445163429 14
1445163429 15
1445163429 25
1445163429 6
1445163429 4
1445163429 2
1445163430 5
1445163431 7
1445163431 11
1445163431 8
1445163431 29
1445163431 10
1445163431 23
1445163431 26
1445163431 22
1445163431 12
1445163435 21
1445163435 19
1445163435 17
1445163435 29
1445163447 31
1445163447 18
1445163450 21
1445163450 19
1445163450 17
1445163450 29
1445163461 31
1445163461 18
1445163463 21
1445163463 19
1445163463 17
1445163463 29
1445163474 31
1445163474 18
1445163476 21
1445163476 19
1445163476 17
1445163476 29
1445163485 31
1445163485 18
1445163488 21
1445163488 19
1445163488 17
1445163488 29
1445163497 31
1445163497 18
1445163498 21
1445163498 19
1445163498 17
1445163498 29
1445163508 31
1445163508 18
1445163510 21
1445163510 19
1445163510 17
1445163510 29
1445163521 31
1445163521 18
1445163522 9
1445163522 21
1445163522 19
1445163522 17
1445163529 30
1445163529 28
1445163529 1
1445163553 3
1445163553 27
1445163554 16
1445163554 20
1445163554 13
