1445163428 8
1445163429 147
1445163429 16
1445163429 102
1445163429 83
1445163429 8
1445163429 147
1445163430 160
1445163431 82
1445163431 67
1445163431 22
1445163431 102
1445163431 3
1445163431 75
1445163431 25
1445163431 25
1445163431 154
1445163435 102
1445163435 25
1445163435 25
1445163435 102
1445163447 75
1445163447 25
1445163450 102
1445163450 25
1445163450 25
1445163450 102
1445163461 75
1445163461 25
1445163463 102
1445163463 25
1445163463 25
1445163463 102
1445163474 75
1445163474 25
1445163476 102
1445163476 25
1445163476 25
1445163476 102
1445163485 75
1445163485 25
1445163488 102
1445163488 25
1445163488 25
1445163488 102
1445163497 75
1445163497 25
1445163498 102
1445163498 25
1445163498 25
1445163498 102
1445163508 75
1445163508 25
1445163510 102
1445163510 25
1445163510 25
1445163510 102
1445163521 75
1445163521 25
1445163522 67
1445163522 102
1445163522 25
1445163522 25
1445163529 75
1445163529 102
1445163529 160
1445163553 129
1445163553 3
1445163554 16
1445163554 16
1445163554 111
