1445176502 8
1445176502 147
1445176502 16
1445176502 102
1445176502 83
1445176502 8
1445176503 147
1445176503 160
1445176503 82
1445176503 67
1445176504 22
1445176504 102
1445176504 3
1445176504 75
1445176504 25
1445176504 25
1445176504 154
1445176505 102
1445176505 25
1445176505 25
1445176505 102
1445176514 75
1445176514 25
1445176515 102
1445176515 25
1445176515 25
1445176515 102
1445176523 75
1445176523 25
1445176524 102
1445176524 25
1445176524 25
1445176524 102
1445176533 75
1445176533 25
1445176534 102
1445176534 25
1445176534 25
1445176534 102
1445176542 75
1445176542 25
1445176543 67
1445176543 102
1445176543 25
1445176543 25
1445176549 75
1445176549 102
1445176549 160
