1445094681 8
1445094681 147
1445094681 16
1445094681 102
1445094681 83
1445094682 8
1445094682 147
1445094684 160
1445094685 82
1445094685 67
1445094686 22
1445094686 102
1445094686 3
1445094686 75
1445094686 25
1445094686 25
1445094686 154
1445094690 102
1445094690 25
1445094690 25
1445094690 102
1445094702 75
1445094702 25
1445094703 102
1445094703 25
1445094703 25
1445094703 102
1445094712 75
1445094712 25
1445094713 102
1445094713 25
1445094713 25
1445094713 102
1445094723 75
1445094723 25
1445094724 102
1445094724 25
1445094724 25
1445094724 102
1445094732 75
1445094732 25
1445094732 102
1445094732 25
1445094732 25
1445094732 102
1445094741 75
1445094741 25
1445094741 102
1445094741 25
1445094741 25
1445094741 102
1445094742 67
1445094749 75
1445094749 25
1445094749 102
1445094749 25
1445094749 25
1445094750 75
1445094750 102
1445094750 160
1445094779 129
1445094779 3
1445094779 16
1445094779 16
1445094779 111
