1445076711 8
1445076711 147
1445076711 16
1445076711 102
1445076711 83
1445076712 8
1445076712 147
1445076713 160
1445076714 82
1445076714 67
1445076714 22
1445076714 102
1445076714 3
1445076714 75
1445076714 25
1445076714 25
1445076714 154
1445076719 102
1445076719 25
1445076719 25
1445076719 102
1445076730 75
1445076730 25
1445076733 102
1445076733 25
1445076733 25
1445076733 102
1445076742 75
1445076748 25
1445076750 102
1445076750 25
1445076750 25
1445076750 102
1445076760 75
1445076760 25
1445076763 102
1445076763 25
1445076763 25
1445076763 102
1445076773 75
1445076773 25
1445076775 102
1445076775 25
1445076775 25
1445076775 102
1445076786 75
1445076786 25
1445076788 102
1445076788 25
1445076788 25
1445076788 102
1445076799 75
1445076799 25
1445076801 102
1445076801 25
1445076801 25
1445076801 102
1445076811 75
1445076811 25
1445076812 67
1445076812 102
1445076812 25
1445076812 25
1445076820 75
1445076820 102
1445076820 160
1445076848 129
1445076848 3
