1445095251 19
1445095251 12
1445095251 16
1445095251 23
1445095251 6
1445095251 3
1445095252 2
1445095252 4
1445095253 7
1445095253 9
1445095253 8
1445095253 26
1445095253 13
1445095253 18
1445095253 25
1445095253 22
1445095253 10
1445095256 21
1445095256 14
1445095256 15
1445095256 26
1445095266 27
1445095266 17
1445095267 21
1445095267 14
1445095267 15
1445095267 26
1445095276 27
1445095276 17
1445095277 21
1445095277 14
1445095277 15
1445095277 26
1445095286 27
1445095286 17
1445095288 21
1445095288 14
1445095288 15
1445095288 26
1445095297 27
1445095297 17
1445095299 11
1445095299 21
1445095299 14
1445095299 15
1445095306 28
1445095306 20
1445095306 1
1445095324 5
1445095324 24
