1445235925 24
1445235925 9
1445235925 15
1445235925 20
1445235925 6
1445235925 5
1445235925 2
1445235926 4
1445235926 7
1445235926 10
1445235927 8
1445235927 27
1445235927 12
1445235927 18
1445235927 21
1445235927 25
1445235927 13
1445235928 19
1445235928 14
1445235928 16
1445235928 27
1445235937 26
1445235944 17
1445235946 19
1445235946 14
1445235946 16
1445235946 27
1445235956 26
1445235956 17
1445235957 19
1445235957 14
1445235957 16
1445235957 27
1445235966 26
1445235969 17
1445235970 19
1445235970 14
1445235970 16
1445235970 27
1445235979 26
1445235979 17
1445235980 11
1445235980 19
1445235980 14
1445235980 16
1445235987 28
1445235987 23
1445235987 1
1445236004 3
1445236004 22
