1445163454 16
1445163455 8
1445163455 13
1445163455 17
1445163455 4
1445163455 3
1445163456 1
1445163457 2
1445163459 6
1445163459 7
1445163461 5
1445163461 22
1445163461 10
1445163461 15
1445163461 19
1445163461 20
1445163461 9
1445163471 18
1445163471 11
1445163471 12
1445163471 22
1445163507 21
1445163507 14
1445163513 18
1445163513 11
1445163513 12
1445163513 22
1445163547 21
1445163547 14
1445163554 18
1445163554 11
1445163554 12
1445163554 22
1445163583 21
1445163583 14
1445163587 18
1445163587 11
1445163587 12
1445163587 22
1445163615 21
1445163615 14
1445163620 18
1445163620 11
1445163620 12
1445163620 22
1445163649 21
1445163649 14
1445163656 18
1445163656 11
1445163656 12
1445163656 22
1445163691 21
1445163691 14
1445163699 18
1445163699 11
1445163699 12
1445163699 22
