1445163454 8
1445163455 147
1445163455 16
1445163455 102
1445163455 83
1445163455 8
1445163456 147
1445163457 160
1445163459 82
1445163459 67
1445163461 22
1445163461 102
1445163461 3
1445163461 75
1445163461 25
1445163461 25
1445163461 154
1445163471 102
1445163471 25
1445163471 25
1445163471 102
1445163507 75
1445163507 25
1445163513 102
1445163513 25
1445163513 25
1445163513 102
1445163547 75
1445163547 25
1445163554 102
1445163554 25
1445163554 25
1445163554 102
1445163583 75
1445163583 25
1445163587 102
1445163587 25
1445163587 25
1445163587 102
1445163615 75
1445163615 25
1445163620 102
1445163620 25
1445163620 25
1445163620 102
1445163649 75
1445163649 25
1445163656 102
1445163656 25
1445163656 25
1445163656 102
1445163691 75
1445163691 25
1445163699 102
1445163699 25
1445163699 25
1445163699 102
