1445094498 21
1445094498 13
1445094498 19
1445094498 24
1445094498 6
1445094499 5
1445094499 2
1445094501 3
1445094502 8
1445094502 9
1445094509 7
1445094510 31
1445094510 14
1445094510 22
1445094510 23
1445094510 27
1445094510 11
1445094527 25
1445094527 20
1445094527 16
1445094527 31
1445094570 30
1445094570 18
1445094575 25
1445094575 20
1445094575 16
1445094575 31
1445094619 30
1445094619 18
1445094623 25
1445094623 20
1445094623 16
1445094623 31
1445094662 30
1445094662 18
1445094666 25
1445094666 20
1445094666 16
1445094666 31
1445094703 30
1445094703 18
1445094709 25
1445094709 20
1445094709 16
1445094709 31
1445094745 30
1445094745 18
1445094749 25
1445094749 20
1445094749 16
1445094749 31
1445094750 10
1445094785 30
1445094785 18
1445094785 25
1445094785 20
1445094785 16
1445094791 29
1445094791 26
1445094791 1
1445094845 4
1445094845 28
1445094846 17
1445094846 15
1445094846 12
