1445247571 17
1445247572 8
1445247572 13
1445247572 15
1445247572 4
1445247572 3
1445247573 1
1445247574 2
1445247576 6
1445247576 7
1445247577 5
1445247577 21
1445247577 10
1445247577 18
1445247577 16
1445247577 20
1445247577 9
1445247611 19
1445247611 11
1445247611 14
1445247611 21
1445247631 22
1445247631 12
1445247634 19
1445247634 11
1445247634 14
1445247634 21
1445247649 22
1445247649 12
1445247661 19
1445247661 11
1445247661 14
1445247661 21
1445247682 22
1445247682 12
1445247684 19
1445247684 11
1445247684 14
1445247684 21
