1445162517 22
1445162517 10
1445162517 15
1445162517 28
1445162517 6
1445162517 3
1445162518 2
1445162518 5
1445162519 8
1445162519 11
1445162519 7
1445162520 31
1445162520 14
1445162520 23
1445162520 25
1445162520 26
1445162520 13
1445162524 21
1445162524 19
1445162524 17
1445162524 31
1445162536 29
1445162536 20
1445162539 21
1445162539 19
1445162539 17
1445162539 31
1445162548 29
1445162548 20
1445162550 21
1445162550 19
1445162550 17
1445162550 31
1445162561 29
1445162561 20
1445162564 21
1445162564 19
1445162564 17
1445162564 31
1445162574 29
1445162574 20
1445162576 21
1445162576 19
1445162576 17
1445162576 31
1445162587 29
1445162587 20
1445162589 21
1445162589 19
1445162589 17
1445162589 31
1445162600 29
1445162600 20
1445162602 21
1445162602 19
1445162602 17
1445162602 31
1445162611 29
1445162611 20
1445162612 12
1445162612 21
1445162612 19
1445162612 17
1445162622 30
1445162622 27
1445162622 1
1445162648 4
1445162648 24
1445162648 18
1445162648 16
1445162648 9
