1445092323 28
1445092323 14
1445092323 20
1445092323 24
1445092323 6
1445092324 4
1445092324 2
1445092325 3
1445092325 8
1445092325 13
1445092326 7
1445092326 29
1445092326 12
1445092326 21
1445092326 23
1445092326 27
1445092326 10
1445092328 22
1445092328 16
1445092328 17
1445092328 29
1445092338 30
1445092338 15
1445092340 22
1445092340 16
1445092340 17
1445092340 29
1445092349 30
1445092349 15
1445092351 22
1445092351 16
1445092351 17
1445092351 29
1445092360 30
1445092360 15
1445092362 22
1445092362 16
1445092362 17
1445092362 29
1445092372 30
1445092372 15
1445092373 22
1445092373 16
1445092373 17
1445092373 29
1445092383 30
1445092383 15
1445092385 22
1445092385 16
1445092385 17
1445092385 29
1445092386 11
1445092396 30
1445092396 15
1445092396 22
1445092396 16
1445092396 17
1445092398 31
1445092398 25
1445092398 1
1445092437 5
1445092437 26
1445092437 18
1445092437 19
1445092437 9
