1445076747 24
1445076747 14
1445076747 17
1445076747 28
1445076747 6
1445076747 3
1445076748 2
1445076748 5
1445076749 7
1445076749 10
1445076749 8
1445076749 29
1445076749 11
1445076749 26
1445076749 27
1445076749 21
1445076749 12
1445076751 23
1445076751 20
1445076751 15
1445076751 29
1445076762 30
1445076762 19
1445076764 23
1445076764 20
1445076764 15
1445076764 29
1445076774 30
1445076774 19
1445076775 23
1445076775 20
1445076775 15
1445076775 29
1445076784 30
1445076784 19
1445076786 23
1445076786 20
1445076786 15
1445076786 29
1445076795 30
1445076795 19
1445076797 23
1445076797 20
1445076797 15
1445076797 29
1445076806 30
1445076806 19
1445076808 23
1445076808 20
1445076808 15
1445076808 29
1445076817 30
1445076817 19
1445076818 23
1445076818 20
1445076818 15
1445076818 29
1445076833 30
1445076833 19
1445076834 9
1445076834 23
1445076834 20
1445076834 15
1445076841 31
1445076841 25
1445076841 1
1445076872 4
1445076872 22
1445076872 16
1445076872 18
1445076872 13
