1445076747 8
1445076747 147
1445076747 16
1445076747 102
1445076747 83
1445076747 8
1445076748 147
1445076748 160
1445076749 82
1445076749 67
1445076749 22
1445076749 102
1445076749 3
1445076749 75
1445076749 25
1445076749 25
1445076749 154
1445076751 102
1445076751 25
1445076751 25
1445076751 102
1445076762 75
1445076762 25
1445076764 102
1445076764 25
1445076764 25
1445076764 102
1445076774 75
1445076774 25
1445076775 102
1445076775 25
1445076775 25
1445076775 102
1445076784 75
1445076784 25
1445076786 102
1445076786 25
1445076786 25
1445076786 102
1445076795 75
1445076795 25
1445076797 102
1445076797 25
1445076797 25
1445076797 102
1445076806 75
1445076806 25
1445076808 102
1445076808 25
1445076808 25
1445076808 102
1445076817 75
1445076817 25
1445076818 102
1445076818 25
1445076818 25
1445076818 102
1445076833 75
1445076833 25
1445076834 67
1445076834 102
1445076834 25
1445076834 25
1445076841 75
1445076841 102
1445076841 160
1445076872 129
1445076872 3
1445076872 16
1445076872 16
1445076872 111
