1445248448 28
1445248448 12
1445248448 17
1445248448 27
1445248448 6
1445248448 5
1445248451 2
1445248452 3
1445248453 7
1445248453 13
1445248453 8
1445248453 31
1445248453 10
1445248453 22
1445248453 25
1445248453 23
1445248453 11
1445248456 21
1445248456 20
1445248456 18
1445248456 31
1445248465 29
1445248465 15
1445248467 21
1445248467 20
1445248467 18
1445248467 31
1445248477 29
1445248477 15
1445248478 21
1445248478 20
1445248478 18
1445248478 31
1445248489 29
1445248489 15
1445248490 21
1445248490 20
1445248490 18
1445248490 31
1445248502 29
1445248502 15
1445248503 21
1445248503 20
1445248503 18
1445248503 31
1445248512 29
1445248512 15
1445248514 21
1445248514 20
1445248514 18
1445248514 31
1445248525 29
1445248525 15
1445248527 21
1445248527 20
1445248527 18
1445248527 31
1445248536 29
1445248536 15
1445248537 9
1445248537 21
1445248537 20
1445248537 18
1445248543 30
1445248543 24
1445248543 1
1445248568 4
1445248568 26
1445248568 16
1445248568 19
1445248568 14
