1445248448 8
1445248448 147
1445248448 16
1445248448 102
1445248448 83
1445248448 8
1445248451 147
1445248452 160
1445248453 82
1445248453 67
1445248453 22
1445248453 102
1445248453 3
1445248453 75
1445248453 25
1445248453 25
1445248453 154
1445248456 102
1445248456 25
1445248456 25
1445248456 102
1445248465 75
1445248465 25
1445248467 102
1445248467 25
1445248467 25
1445248467 102
1445248477 75
1445248477 25
1445248478 102
1445248478 25
1445248478 25
1445248478 102
1445248489 75
1445248489 25
1445248490 102
1445248490 25
1445248490 25
1445248490 102
1445248502 75
1445248502 25
1445248503 102
1445248503 25
1445248503 25
1445248503 102
1445248512 75
1445248512 25
1445248514 102
1445248514 25
1445248514 25
1445248514 102
1445248525 75
1445248525 25
1445248527 102
1445248527 25
1445248527 25
1445248527 102
1445248536 75
1445248536 25
1445248537 67
1445248537 102
1445248537 25
1445248537 25
1445248543 75
1445248543 102
1445248543 160
1445248568 129
1445248568 3
1445248568 16
1445248568 16
1445248568 111
