1445175338 21
1445175338 9
1445175338 17
1445175338 20
1445175338 6
1445175339 5
1445175339 2
1445175340 4
1445175341 7
1445175341 12
1445175341 8
1445175341 27
1445175341 13
1445175341 18
1445175341 22
1445175341 25
1445175341 10
1445175343 24
1445175343 14
1445175343 16
1445175343 27
1445175353 28
1445175353 15
1445175355 24
1445175355 14
1445175355 16
1445175355 27
1445175363 28
1445175363 15
1445175365 24
1445175365 14
1445175365 16
1445175365 27
1445175374 28
1445175374 15
1445175375 24
1445175375 14
1445175375 16
1445175375 27
1445175384 28
1445175384 15
1445175385 24
1445175385 14
1445175385 16
1445175385 27
1445175394 28
1445175394 15
1445175395 24
1445175395 14
1445175395 16
1445175395 27
1445175396 11
1445175404 28
1445175404 15
1445175404 24
1445175404 14
1445175404 16
1445175405 26
1445175406 19
1445175406 1
1445175460 3
1445175460 23
