1445094684 8
1445094684 147
1445094684 16
1445094684 102
1445094684 83
1445094684 8
1445094685 147
1445094685 160
1445094686 82
1445094686 67
1445094686 22
1445094686 102
1445094686 3
1445094686 75
1445094686 25
1445094686 25
1445094686 154
1445094688 102
1445094688 25
1445094688 25
1445094688 102
1445094699 75
1445094699 25
1445094700 102
1445094700 25
1445094700 25
1445094700 102
1445094710 75
1445094710 25
1445094712 102
1445094712 25
1445094712 25
1445094712 102
1445094721 75
1445094721 25
1445094722 102
1445094722 25
1445094722 25
1445094722 102
1445094732 75
1445094732 25
1445094733 67
1445094733 102
1445094733 25
1445094733 25
1445094742 75
1445094742 102
1445094742 160
1445094762 129
1445094762 3
1445094762 16
1445094762 16
1445094762 111
