1445248042 35
1445248043 35
1445248043 35
1445248043 35
1445248044 35
1445248044 35
1445248044 35
1445248044 35
1445248044 35
1445248044 35
1445248044 35
1445248044 35
1445248044 35
1445248044 35
1445248044 35
1445248044 35
1445248044 35
1445248044 35
1445248044 35
1445248045 35
1445248045 35
1445248045 35
1445248045 35
1445248045 35
1445248045 35
1445248045 35
1445248045 35
1445248045 35
1445248045 35
1445248045 35
1445248045 35
1445248045 35
1445248045 35
1445248045 35
1445248045 8
1445248045 35
1445248045 35
1445248045 35
1445248045 35
1445248045 35
1445248045 35
1445248045 35
1445248045 64
1445248045 5
1445248046 64
1445248046 35
1445248046 35
1445248046 35
1445248046 35
1445248046 35
1445248046 35
1445248046 35
1445248046 35
1445248046 35
1445248046 35
1445248046 35
1445248046 35
1445248046 35
1445248046 35
1445248046 35
1445248046 35
1445248046 35
1445248046 35
1445248046 35
1445248046 35
1445248046 35
1445248046 35
1445248046 35
1445248046 35
1445248046 35
1445248046 35
1445248046 35
1445248046 35
1445248046 35
1445248046 35
1445248046 35
1445248046 35
1445248046 35
1445248046 35
1445248046 35
1445248046 35
1445248046 35
1445248046 35
1445248046 35
1445248046 35
1445248046 35
1445248046 35
1445248046 35
1445248046 35
1445248046 35
1445248046 35
1445248046 35
1445248046 35
1445248046 35
1445248046 35
1445248046 35
1445248046 35
1445248046 35
1445248046 35
1445248046 35
1445248046 35
1445248046 35
1445248046 35
1445248046 35
1445248046 35
1445248046 35
1445248046 35
1445248046 35
1445248047 35
1445248047 35
1445248047 35
1445248047 35
1445248048 35
1445248048 35
1445248049 35
1445248049 35
1445248050 35
1445248050 35
1445248051 35
1445248051 35
1445248052 35
1445248052 35
1445248053 35
1445248053 35
1445248053 35
1445248053 35
1445248053 35
1445248053 35
1445248054 35
1445248054 35
1445248054 35
1445248054 35
1445248054 35
1445248054 35
1445248054 35
1445248054 35
1445248054 35
1445248054 35
1445248054 35
1445248054 35
1445248054 35
1445248054 35
1445248054 35
1445248054 35
1445248054 35
1445248054 35
1445248055 35
1445248055 35
1445248056 35
1445248056 35
1445248056 35
1445248056 35
1445248056 35
1445248057 35
1445248057 35
1445248058 35
1445248058 35
1445248058 35
1445248058 35
1445248058 35
1445248058 35
1445248058 35
1445248058 35
1445248058 35
1445248058 35
1445248058 35
1445248059 35
1445248059 35
1445248059 35
1445248059 35
1445248059 35
1445248059 35
1445248059 35
1445248059 35
1445248061 35
1445248061 35
1445248062 35
1445248062 35
1445248062 35
1445248062 35
1445248062 35
1445248063 35
1445248063 35
1445248063 35
1445248063 35
1445248063 35
1445248063 35
1445248063 35
1445248063 35
1445248063 35
1445248063 35
1445248063 35
1445248063 35
1445248063 35
1445248063 35
1445248063 35
1445248063 35
1445248064 35
1445248064 35
1445248064 35
1445248064 35
1445248064 35
1445248064 35
1445248064 35
1445248064 35
1445248064 35
1445248064 35
1445248064 35
1445248064 35
1445248064 35
1445248064 35
1445248064 35
1445248064 35
1445248064 35
1445248064 35
1445248065 35
1445248065 35
1445248065 35
1445248066 35
1445248066 35
1445248067 35
1445248067 35
1445248067 35
1445248067 35
1445248067 35
1445248067 35
1445248067 35
1445248067 35
1445248067 35
1445248067 35
1445248067 35
1445248067 35
1445248067 35
1445248067 35
1445248067 35
1445248067 35
1445248068 35
1445248068 35
1445248068 35
1445248068 35
1445248068 35
1445248068 35
1445248068 35
1445248069 35
1445248069 35
1445248069 35
1445248069 35
1445248069 35
1445248070 35
1445248070 35
1445248071 35
1445248071 35
1445248072 35
1445248072 35
1445248072 35
1445248073 35
1445248073 35
1445248074 35
1445248074 35
1445248075 35
1445248075 35
1445248075 35
1445248075 35
1445248075 35
1445248075 35
1445248076 35
1445248076 35
1445248077 35
1445248077 35
1445248077 35
1445248078 35
1445248078 35
1445248078 35
1445248079 35
1445248079 35
1445248080 35
1445248080 35
1445248080 35
1445248080 35
1445248081 35
1445248081 35
1445248081 35
1445248081 35
1445248081 35
1445248081 35
1445248081 35
1445248081 35
1445248081 35
1445248081 35
1445248081 35
1445248081 35
1445248082 35
1445248082 35
1445248082 35
1445248082 35
1445248082 35
1445248082 35
1445248082 35
1445248082 35
1445248082 35
1445248083 35
1445248083 35
1445248083 35
1445248083 35
1445248083 35
1445248083 35
1445248083 35
1445248083 35
1445248083 35
1445248083 35
1445248083 35
1445248083 35
1445248083 35
1445248083 35
1445248084 35
1445248084 35
1445248084 35
1445248084 35
1445248085 35
1445248085 35
1445248085 35
1445248086 35
1445248086 35
1445248086 35
1445248087 35
1445248087 35
1445248087 35
1445248088 35
1445248088 35
1445248088 35
1445248089 35
1445248089 35
1445248089 35
1445248090 35
1445248090 35
1445248090 35
1445248091 35
1445248091 35
1445248091 35
1445248092 35
1445248092 35
1445248092 35
1445248093 35
1445248093 35
1445248093 35
1445248094 35
1445248094 35
1445248094 35
1445248095 35
1445248095 35
1445248095 35
1445248096 35
1445248096 35
1445248096 35
1445248097 35
1445248097 35
1445248097 35
1445248098 35
1445248098 35
1445248099 35
1445248099 35
1445248099 35
1445248099 35
1445248100 35
1445248100 35
1445248101 35
1445248101 35
1445248101 35
1445248102 35
1445248102 35
1445248102 35
1445248103 35
1445248103 35
1445248103 35
1445248103 35
1445248104 35
1445248104 35
1445248104 35
1445248105 35
1445248105 35
1445248105 35
1445248106 35
1445248106 35
1445248106 35
1445248106 35
1445248107 35
1445248107 35
1445248107 35
1445248108 35
1445248108 35
1445248108 35
1445248109 35
1445248109 35
1445248110 35
1445248110 35
1445248110 35
1445248111 35
1445248111 35
1445248111 35
1445248112 35
1445248112 35
1445248112 35
1445248112 35
1445248113 35
1445248113 35
1445248113 35
1445248113 35
1445248114 35
1445248114 35
1445248114 35
1445248115 35
1445248115 35
1445248115 35
1445248115 35
1445248115 35
1445248115 35
1445248115 35
1445248115 35
1445248115 35
1445248116 35
1445248116 35
1445248116 35
1445248116 35
1445248116 35
1445248117 35
1445248117 35
1445248118 35
1445248118 35
1445248118 35
1445248119 35
1445248119 35
1445248119 35
1445248119 35
1445248119 35
1445248120 35
1445248120 35
1445248120 35
1445248121 35
1445248121 35
1445248121 35
1445248122 35
1445248122 35
1445248122 35
1445248123 35
1445248123 35
1445248123 35
1445248124 35
1445248124 35
1445248124 35
1445248125 35
1445248125 35
1445248125 35
1445248125 35
1445248126 35
1445248126 35
1445248126 35
1445248126 35
1445248126 35
1445248126 35
1445248127 35
1445248127 35
1445248128 35
1445248128 35
1445248128 35
1445248128 35
1445248129 35
1445248129 35
1445248129 35
1445248129 35
1445248129 35
1445248129 35
1445248130 35
1445248130 35
1445248130 35
1445248131 35
1445248131 35
1445248131 35
1445248132 35
1445248132 35
1445248132 35
1445248132 35
1445248132 35
1445248133 35
1445248133 35
1445248133 35
1445248133 35
1445248133 35
1445248134 35
1445248134 35
1445248135 35
1445248135 35
1445248135 35
1445248136 35
1445248136 35
1445248136 35
1445248136 35
1445248136 35
1445248136 35
1445248136 35
1445248136 35
1445248137 35
1445248137 35
1445248138 35
1445248138 35
1445248138 35
1445248139 35
1445248139 35
1445248139 35
1445248139 35
1445248139 35
1445248139 35
1445248140 35
1445248140 35
1445248140 35
1445248140 35
1445248141 35
1445248141 35
1445248141 35
1445248142 35
1445248142 35
1445248142 35
1445248143 35
1445248143 35
1445248143 35
1445248143 35
1445248143 35
1445248143 35
1445248143 35
1445248144 35
1445248144 35
1445248145 35
1445248145 35
1445248145 35
1445248146 35
1445248146 35
1445248146 35
1445248147 35
1445248147 35
1445248147 35
1445248147 35
1445248147 35
1445248148 35
1445248148 35
1445248148 35
1445248149 35
1445248149 35
1445248149 35
1445248150 35
1445248150 35
1445248150 35
1445248150 35
1445248150 35
1445248150 35
1445248150 35
1445248151 35
1445248151 35
1445248151 35
1445248152 35
1445248152 35
1445248153 35
1445248153 35
1445248153 35
1445248153 35
1445248154 35
1445248154 35
1445248154 35
1445248154 35
1445248154 35
1445248154 35
1445248155 35
1445248155 35
1445248155 35
1445248156 35
1445248156 35
1445248156 35
1445248156 35
1445248157 35
1445248157 35
1445248157 35
1445248157 35
1445248157 35
1445248157 35
1445248158 35
1445248158 35
1445248158 35
1445248159 35
1445248159 35
1445248159 35
1445248160 35
1445248160 35
1445248160 35
1445248160 35
1445248161 35
1445248161 35
1445248161 35
1445248161 35
1445248161 35
1445248161 35
1445248162 35
1445248162 35
1445248163 35
1445248163 35
1445248163 35
1445248163 35
1445248164 35
1445248164 35
1445248164 35
1445248164 35
1445248165 35
1445248165 35
1445248165 35
1445248165 35
1445248165 35
1445248166 35
1445248166 35
1445248166 35
1445248167 35
1445248167 35
1445248167 35
1445248167 35
1445248167 35
1445248168 35
1445248168 35
1445248168 35
1445248168 35
1445248168 35
1445248169 35
1445248169 35
1445248169 35
1445248170 35
1445248170 35
1445248170 35
1445248170 35
1445248171 35
1445248171 35
1445248171 35
1445248172 35
1445248172 35
1445248172 35
1445248172 35
1445248172 35
1445248173 35
1445248173 35
1445248173 35
1445248173 35
1445248173 35
1445248173 35
1445248173 35
1445248173 35
1445248173 35
1445248173 35
1445248174 35
1445248174 35
1445248174 35
1445248174 35
1445248174 35
1445248174 35
1445248174 35
1445248174 35
1445248174 35
1445248174 35
1445248174 35
1445248174 35
1445248174 35
1445248175 35
1445248175 35
1445248175 35
1445248175 35
1445248175 35
1445248176 35
1445248177 35
1445248177 35
1445248177 35
1445248177 35
1445248178 35
1445248178 35
1445248178 35
1445248178 35
1445248179 35
1445248179 35
1445248179 35
1445248179 35
1445248179 35
1445248180 35
1445248180 35
1445248180 35
1445248181 35
1445248181 35
1445248181 35
1445248181 35
1445248182 35
1445248182 35
1445248182 35
1445248182 35
1445248182 35
1445248183 35
1445248183 35
1445248183 35
1445248183 35
1445248184 35
1445248184 35
1445248184 35
1445248184 35
1445248184 35
1445248184 35
1445248185 35
1445248185 35
1445248185 35
1445248185 35
1445248186 35
1445248186 35
1445248186 35
1445248186 35
1445248186 35
1445248187 35
1445248187 35
1445248187 35
1445248187 35
1445248188 35
1445248188 35
1445248188 35
1445248188 35
1445248189 35
1445248189 35
1445248189 35
1445248190 35
1445248190 35
1445248190 35
1445248191 35
1445248191 35
1445248191 35
1445248191 35
1445248192 35
1445248192 35
1445248192 35
1445248193 35
1445248193 35
1445248193 35
1445248193 35
1445248193 35
1445248194 35
1445248194 35
1445248194 35
1445248194 35
1445248195 35
1445248195 35
1445248195 35
1445248195 35
1445248196 35
1445248196 35
1445248196 35
1445248196 35
1445248197 35
1445248197 35
1445248197 35
1445248197 35
1445248197 35
1445248198 35
1445248198 35
1445248198 35
1445248198 35
1445248199 35
1445248199 35
1445248199 35
1445248200 35
1445248200 35
1445248200 35
1445248200 35
1445248200 35
1445248201 35
1445248201 35
1445248201 35
1445248201 35
1445248202 35
1445248202 35
1445248202 35
1445248203 35
1445248203 35
1445248203 35
1445248203 35
1445248203 35
1445248204 35
1445248204 35
1445248204 35
1445248204 35
1445248204 35
1445248205 35
1445248205 35
1445248205 35
1445248205 35
1445248206 35
1445248206 35
1445248206 35
1445248207 35
1445248207 35
1445248207 35
1445248207 35
1445248207 35
1445248208 35
1445248208 35
1445248208 35
1445248208 35
1445248208 35
1445248209 35
1445248209 35
1445248209 35
1445248209 35
1445248210 35
1445248210 35
1445248210 35
1445248211 35
1445248211 35
1445248211 35
1445248211 35
1445248211 35
1445248211 35
1445248211 35
1445248212 35
1445248212 35
1445248212 35
1445248213 35
1445248213 35
1445248213 35
1445248213 35
1445248214 35
1445248214 35
1445248214 35
1445248214 35
1445248215 35
1445248215 35
1445248215 35
1445248215 35
1445248215 35
1445248216 35
1445248216 35
1445248216 35
1445248216 35
1445248217 35
1445248217 35
1445248217 35
1445248218 35
1445248218 35
1445248218 35
1445248218 35
1445248218 35
1445248219 35
1445248219 35
1445248219 35
1445248220 35
1445248220 35
1445248220 35
1445248220 35
1445248221 35
1445248221 35
1445248221 35
1445248222 35
1445248222 35
1445248222 35
1445248222 35
1445248222 35
1445248222 35
1445248222 35
1445248223 35
1445248223 35
1445248223 35
1445248224 35
1445248224 35
1445248224 35
1445248224 35
1445248225 35
1445248225 35
1445248225 35
1445248225 35
1445248225 35
1445248225 35
1445248226 35
1445248226 35
1445248226 35
1445248226 35
1445248227 35
1445248227 35
1445248227 35
1445248228 35
1445248228 35
1445248228 35
1445248228 35
1445248229 35
1445248229 35
1445248229 35
1445248229 35
1445248229 35
1445248229 35
1445248230 35
1445248230 35
1445248230 35
1445248230 35
1445248231 35
1445248231 35
1445248231 35
1445248232 35
1445248232 35
1445248232 35
1445248232 35
1445248233 35
1445248233 35
1445248233 35
1445248233 35
1445248233 35
1445248233 35
1445248233 35
1445248234 35
1445248234 35
1445248234 35
1445248235 35
1445248235 35
1445248235 35
1445248236 35
1445248236 35
1445248236 35
1445248236 35
1445248236 35
1445248236 35
1445248236 35
1445248237 35
1445248237 35
1445248237 35
1445248238 35
1445248238 35
1445248238 35
1445248238 35
1445248239 35
1445248239 35
1445248239 35
1445248239 35
1445248240 35
1445248240 35
1445248240 35
1445248240 35
1445248240 35
1445248241 35
1445248241 35
1445248241 35
1445248241 35
1445248242 35
1445248242 35
1445248242 35
1445248242 35
1445248243 35
1445248243 35
1445248243 35
1445248243 35
1445248244 35
1445248244 35
1445248244 35
1445248244 35
1445248244 35
1445248244 35
1445248245 35
1445248246 35
1445248246 35
1445248246 35
1445248246 35
1445248247 35
1445248247 35
1445248247 35
1445248247 35
1445248247 35
1445248248 35
1445248248 35
1445248248 35
1445248248 35
1445248248 35
1445248249 35
1445248249 35
1445248249 35
1445248250 35
1445248250 35
1445248250 35
1445248250 35
1445248250 35
1445248251 35
1445248251 35
1445248251 35
1445248251 35
1445248251 35
1445248252 35
1445248252 35
1445248252 35
1445248252 35
1445248253 35
1445248253 35
1445248253 35
1445248253 35
1445248254 35
1445248254 35
1445248254 35
1445248254 35
1445248254 35
1445248255 35
1445248255 35
1445248255 35
1445248255 35
1445248256 35
1445248256 35
1445248256 35
1445248257 35
1445248257 35
1445248257 35
1445248257 35
1445248257 35
1445248258 35
1445248258 35
1445248258 35
1445248258 35
1445248258 35
1445248259 35
1445248259 35
1445248259 35
1445248259 35
1445248260 35
1445248260 35
1445248260 35
1445248260 35
1445248261 35
1445248261 35
1445248261 35
1445248261 35
1445248262 35
1445248262 35
1445248262 35
1445248262 35
1445248262 35
1445248262 35
1445248263 35
1445248263 35
1445248263 35
1445248264 35
1445248264 35
1445248264 35
1445248264 35
1445248264 35
1445248265 35
1445248265 35
1445248265 35
1445248265 35
1445248265 35
1445248266 35
1445248266 35
1445248266 35
1445248267 35
1445248267 35
1445248267 35
1445248267 35
1445248268 35
1445248268 35
1445248268 35
1445248268 35
1445248269 35
1445248269 35
1445248269 35
1445248269 35
1445248269 35
1445248269 35
1445248270 35
1445248270 35
1445248270 35
1445248270 35
1445248271 35
1445248271 35
1445248271 35
1445248271 35
1445248272 35
1445248272 35
1445248272 35
1445248272 35
1445248272 35
1445248272 35
1445248273 35
1445248274 35
1445248274 35
1445248274 35
1445248274 35
1445248275 35
1445248275 35
1445248275 35
1445248275 35
1445248276 35
1445248276 35
1445248276 35
1445248276 35
1445248276 35
1445248277 35
1445248277 35
1445248277 35
1445248277 35
1445248278 35
1445248278 35
1445248278 35
1445248278 35
1445248279 35
1445248279 35
1445248279 35
1445248279 35
1445248279 35
1445248280 35
1445248280 35
1445248280 35
1445248280 35
1445248281 35
1445248281 35
1445248281 35
1445248281 35
1445248282 35
1445248282 35
1445248282 35
1445248282 35
1445248283 35
1445248283 35
1445248283 35
1445248283 35
1445248283 35
1445248284 35
1445248284 35
1445248284 35
1445248284 35
1445248285 35
1445248285 35
1445248285 35
1445248286 35
1445248286 35
1445248286 35
1445248286 35
1445248286 35
1445248286 35
1445248287 35
1445248287 35
1445248287 35
1445248287 35
1445248287 35
1445248288 35
1445248288 35
1445248288 35
1445248289 35
1445248289 35
1445248289 35
1445248289 35
1445248289 35
1445248289 35
1445248290 35
1445248290 35
1445248290 35
1445248290 35
1445248291 35
1445248291 35
1445248291 35
1445248291 35
1445248292 35
1445248292 35
1445248292 35
1445248292 35
1445248293 35
1445248293 35
1445248293 35
1445248293 35
1445248293 35
1445248294 35
1445248294 35
1445248294 35
1445248294 35
1445248294 35
1445248294 35
1445248295 35
1445248295 35
1445248296 35
1445248296 35
1445248296 35
1445248296 35
1445248296 35
1445248297 35
1445248297 35
1445248297 35
1445248297 35
1445248297 35
1445248298 35
1445248298 35
1445248298 35
1445248298 35
1445248299 35
1445248299 35
1445248299 35
1445248299 35
1445248300 35
1445248300 35
1445248301 35
1445248301 35
1445248301 35
1445248301 35
1445248301 35
1445248301 35
1445248302 35
1445248302 35
1445248302 35
1445248303 35
1445248303 35
1445248303 35
1445248304 35
1445248304 35
1445248304 35
1445248304 35
1445248304 35
1445248304 35
1445248305 35
1445248305 35
1445248305 35
1445248305 35
1445248306 35
1445248306 35
1445248306 35
1445248306 35
1445248307 35
1445248307 35
1445248307 35
1445248308 35
1445248308 35
1445248308 35
1445248308 35
1445248308 35
1445248308 35
1445248308 35
1445248308 35
1445248309 35
1445248309 35
1445248309 35
1445248309 35
1445248310 35
1445248310 35
1445248311 35
1445248311 35
1445248311 35
1445248312 35
1445248312 35
1445248312 35
1445248313 35
1445248313 35
1445248313 35
1445248313 35
1445248314 35
1445248314 35
1445248314 35
1445248314 35
1445248314 35
1445248315 35
1445248315 35
1445248315 35
1445248315 35
1445248315 35
1445248316 35
1445248316 35
1445248316 35
1445248316 35
1445248316 35
1445248316 35
1445248317 35
1445248317 35
1445248317 35
1445248317 35
1445248317 35
1445248318 35
1445248318 35
1445248318 35
1445248319 35
1445248319 35
1445248319 35
1445248319 35
1445248320 35
1445248320 35
1445248320 35
1445248320 35
1445248320 35
1445248321 35
1445248321 35
1445248321 35
1445248321 35
1445248321 35
1445248322 35
1445248322 35
1445248322 35
1445248323 35
1445248323 35
1445248323 35
1445248323 35
1445248323 35
1445248324 35
1445248324 35
1445248324 35
1445248324 35
1445248324 35
1445248325 35
1445248325 35
1445248325 35
1445248325 35
1445248326 35
1445248326 35
1445248326 35
1445248327 35
1445248327 35
1445248327 35
1445248327 35
1445248327 35
1445248327 35
1445248328 35
1445248328 35
1445248328 35
1445248328 35
1445248329 35
1445248329 35
1445248329 35
1445248329 35
1445248330 35
1445248330 35
1445248331 35
1445248331 35
1445248331 35
1445248331 35
1445248331 35
1445248331 35
1445248331 35
1445248331 35
1445248332 35
1445248332 35
1445248332 35
1445248333 35
1445248333 35
1445248333 35
1445248334 35
1445248334 35
1445248334 35
1445248334 35
1445248334 35
1445248334 35
1445248334 35
1445248335 35
1445248335 35
1445248335 35
1445248335 35
1445248336 35
1445248336 35
1445248336 35
1445248336 35
1445248337 35
1445248337 35
1445248337 35
1445248337 35
1445248337 35
1445248337 35
1445248338 35
1445248338 35
1445248338 35
1445248338 35
1445248339 35
1445248339 35
1445248339 35
1445248339 35
1445248340 35
1445248340 35
1445248340 35
1445248341 35
1445248341 35
1445248341 35
1445248341 35
1445248341 35
1445248342 35
1445248342 35
1445248342 35
1445248342 35
1445248342 35
1445248342 35
1445248343 35
1445248343 35
1445248344 35
1445248344 35
1445248344 35
1445248344 35
1445248344 35
1445248345 35
1445248345 35
1445248345 35
1445248345 35
1445248345 35
1445248345 35
1445248346 35
1445248347 35
1445248347 35
1445248347 35
1445248348 35
1445248348 35
1445248348 35
1445248348 35
1445248349 35
1445248349 35
1445248349 35
1445248349 35
1445248349 35
1445248349 35
1445248349 35
1445248349 35
1445248350 35
1445248350 35
1445248350 35
1445248351 35
1445248351 35
1445248352 35
1445248352 35
1445248352 35
1445248352 35
1445248352 35
1445248352 35
1445248353 35
1445248353 35
1445248353 35
1445248353 35
1445248353 35
1445248354 35
1445248354 35
1445248354 35
1445248355 35
1445248355 35
1445248355 35
1445248355 35
1445248355 35
1445248356 35
1445248356 35
1445248356 35
1445248356 35
1445248356 35
1445248356 35
1445248357 35
1445248357 35
1445248357 35
1445248358 35
1445248358 35
1445248358 35
1445248358 35
1445248358 35
1445248359 35
1445248359 35
1445248359 35
1445248360 35
1445248360 35
1445248360 35
1445248360 35
1445248360 35
1445248360 35
1445248361 35
1445248361 35
1445248362 35
1445248362 35
1445248362 35
1445248362 35
1445248362 35
1445248362 35
1445248362 35
1445248362 35
1445248362 35
1445248362 35
1445248362 35
1445248362 35
1445248362 35
1445248362 35
1445248362 35
1445248362 35
1445248362 35
1445248362 35
1445248362 35
1445248362 35
1445248362 35
1445248362 35
1445248362 35
1445248362 35
1445248362 35
1445248362 35
1445248362 35
1445248362 35
1445248362 35
1445248362 35
1445248362 35
1445248363 35
1445248363 35
1445248363 35
1445248363 35
1445248364 35
1445248365 35
1445248365 35
1445248365 35
1445248366 35
1445248366 35
1445248366 35
1445248366 35
1445248367 35
1445248367 35
1445248367 35
1445248367 35
1445248368 35
1445248368 35
1445248369 35
1445248369 35
1445248370 35
1445248370 35
1445248370 35
1445248371 35
1445248372 35
1445248372 35
1445248372 35
1445248373 35
1445248374 35
1445248374 35
1445248374 35
1445248374 35
1445248374 35
1445248375 35
1445248375 35
1445248375 35
1445248376 35
1445248376 35
1445248376 35
1445248376 35
1445248377 35
1445248377 35
1445248378 35
1445248378 35
1445248379 35
1445248380 35
1445248380 35
1445248380 35
1445248380 35
1445248380 35
1445248381 35
1445248382 35
1445248382 35
1445248382 35
1445248383 35
1445248383 35
1445248383 35
1445248383 35
1445248383 35
1445248384 35
1445248385 35
1445248385 35
1445248386 35
1445248386 35
1445248386 35
1445248386 35
1445248386 35
1445248386 35
1445248386 35
1445248386 35
1445248386 35
1445248387 35
1445248387 35
1445248387 35
1445248387 35
1445248387 35
1445248387 35
1445248387 35
1445248387 35
1445248388 35
1445248388 35
1445248388 35
1445248388 35
1445248388 35
1445248389 35
1445248389 35
1445248389 35
1445248389 35
1445248389 35
1445248389 113
1445248389 119
1445248389 170
1445248389 35
1445248389 35
1445248390 35
1445248390 35
1445248390 35
1445248390 35
1445248390 35
1445248390 35
1445248390 35
1445248390 35
1445248390 35
1445248390 35
1445248390 35
1445248390 35
1445248390 35
1445248390 35
1445248391 35
1445248391 35
1445248391 35
1445248391 35
1445248391 35
1445248391 35
1445248392 35
1445248392 35
1445248392 35
1445248392 35
1445248392 35
1445248392 35
1445248392 35
1445248392 35
1445248392 35
1445248392 35
1445248392 35
1445248392 35
1445248393 35
1445248393 35
1445248393 35
1445248393 35
1445248394 35
1445248394 35
1445248395 35
1445248395 35
1445248395 35
1445248395 113
1445248395 119
1445248395 170
1445248395 35
1445248396 35
1445248396 35
1445248396 35
1445248396 35
1445248396 35
1445248397 35
1445248397 35
1445248397 35
1445248397 35
1445248398 35
1445248398 35
1445248398 35
1445248398 35
1445248398 35
1445248398 35
1445248398 35
1445248399 35
1445248399 35
1445248399 35
1445248399 35
1445248400 35
1445248400 35
1445248400 35
1445248400 35
1445248400 35
1445248400 35
1445248400 35
1445248400 35
1445248400 35
1445248400 35
1445248400 35
1445248400 35
1445248400 35
1445248400 35
1445248400 35
1445248400 35
1445248400 35
1445248400 35
1445248401 35
1445248401 35
1445248401 35
1445248402 35
1445248402 35
1445248402 35
1445248403 35
1445248403 35
1445248403 35
1445248404 35
1445248404 35
1445248404 35
1445248404 35
1445248404 35
1445248404 35
1445248404 35
1445248404 35
1445248404 35
1445248405 35
1445248406 35
1445248406 158
1445248406 117
1445248406 117
1445248406 149
1445248406 35
1445248406 35
1445248406 35
1445248406 35
1445248406 35
1445248407 35
1445248407 35
1445248407 35
1445248407 35
1445248407 35
1445248407 35
1445248407 35
1445248408 35
1445248408 35
1445248409 35
1445248410 35
1445248410 35
1445248410 35
1445248410 35
1445248410 35
1445248410 35
1445248410 35
1445248410 35
1445248410 35
1445248410 35
1445248410 35
1445248410 35
1445248410 35
1445248410 35
1445248410 35
1445248410 35
1445248410 35
1445248410 35
1445248411 35
1445248411 35
1445248411 35
1445248412 35
1445248412 35
1445248412 35
1445248412 35
1445248412 113
1445248412 119
1445248412 170
1445248413 35
1445248413 35
1445248413 35
1445248413 35
1445248413 35
1445248414 35
1445248414 35
1445248414 35
1445248415 35
1445248415 35
1445248416 35
1445248416 35
1445248417 35
1445248417 35
1445248417 35
1445248417 35
1445248417 35
1445248417 35
1445248418 35
1445248418 35
1445248418 35
1445248419 35
1445248420 35
1445248420 35
1445248421 35
1445248421 35
1445248421 35
1445248421 35
1445248421 35
1445248421 35
1445248422 35
1445248422 35
1445248422 35
1445248422 35
1445248424 35
1445248424 35
1445248424 35
1445248424 35
1445248425 35
1445248425 35
1445248425 35
1445248425 35
1445248425 35
1445248426 35
1445248427 35
1445248427 35
1445248427 35
1445248428 35
1445248428 35
1445248428 35
1445248428 35
1445248428 35
1445248428 35
1445248428 35
1445248429 35
1445248430 35
1445248430 35
1445248431 35
1445248431 35
1445248431 35
1445248431 35
1445248431 35
1445248432 35
1445248432 35
1445248432 35
1445248432 35
1445248432 35
1445248433 35
1445248434 35
1445248434 35
1445248434 35
1445248435 35
1445248435 35
1445248435 35
1445248435 35
1445248435 35
1445248436 35
1445248436 35
1445248436 35
1445248437 35
1445248438 35
1445248438 35
1445248438 35
1445248438 35
1445248438 35
1445248439 35
1445248439 35
1445248439 35
1445248440 35
1445248440 35
1445248440 35
1445248440 35
1445248440 35
1445248440 35
1445248440 35
1445248440 35
1445248440 35
1445248440 35
1445248440 35
1445248440 35
1445248440 35
1445248440 35
1445248440 35
1445248440 35
1445248440 35
1445248440 35
1445248440 35
1445248441 35
1445248441 35
1445248441 35
1445248441 35
1445248441 35
1445248441 35
1445248441 35
1445248441 35
1445248442 35
1445248442 35
1445248442 35
1445248443 35
1445248443 35
1445248443 35
1445248443 35
1445248443 35
1445248443 170
1445248443 35
1445248443 35
1445248443 170
1445248443 35
1445248444 35
1445248444 35
1445248445 35
1445248445 35
1445248445 35
1445248446 35
1445248446 35
1445248446 35
1445248446 35
1445248447 35
1445248447 35
1445248448 35
1445248448 35
1445248448 35
1445248449 35
1445248449 35
1445248449 35
1445248450 35
1445248450 35
1445248452 35
1445248452 35
1445248452 35
1445248453 35
1445248453 35
1445248453 35
1445248454 35
1445248455 35
1445248455 35
1445248455 35
1445248455 35
1445248455 35
1445248456 35
1445248456 35
1445248456 35
1445248456 35
1445248458 35
1445248459 35
1445248459 35
1445248459 35
1445248459 35
1445248459 35
1445248459 35
1445248460 35
1445248460 35
1445248460 35
1445248461 35
1445248462 35
1445248462 35
1445248462 35
1445248463 35
1445248463 35
1445248464 35
1445248464 35
1445248464 35
1445248464 35
1445248465 35
1445248465 35
1445248466 35
1445248466 35
1445248466 35
1445248466 35
1445248466 35
1445248466 35
1445248466 35
1445248466 35
1445248466 35
1445248466 35
1445248466 35
1445248466 35
1445248466 35
1445248467 35
1445248467 35
1445248468 35
1445248468 35
1445248468 35
1445248468 35
1445248468 35
1445248469 35
1445248470 35
1445248470 35
1445248470 35
1445248471 35
1445248471 35
1445248471 35
1445248471 170
1445248471 35
1445248472 35
1445248472 35
1445248473 35
1445248473 35
1445248473 35
1445248473 35
1445248474 35
1445248474 35
1445248474 35
1445248475 35
1445248476 35
1445248476 35
1445248477 35
1445248477 35
1445248477 35
1445248477 35
1445248477 35
1445248477 35
1445248478 35
1445248479 35
1445248480 35
1445248480 35
1445248480 35
1445248480 35
1445248481 35
1445248481 35
1445248481 35
1445248482 35
1445248483 35
1445248484 35
1445248484 35
1445248484 35
1445248484 35
1445248485 35
1445248485 35
1445248486 35
1445248486 35
1445248486 35
1445248486 35
1445248486 35
1445248486 35
1445248487 35
1445248487 35
1445248487 35
1445248487 35
1445248487 35
1445248487 35
1445248487 35
1445248487 35
1445248488 35
1445248488 35
1445248488 35
1445248488 35
1445248488 113
1445248488 119
1445248488 170
1445248489 35
1445248490 35
1445248490 35
1445248490 35
1445248490 35
1445248490 35
1445248491 35
1445248493 35
1445248493 35
1445248494 35
1445248494 35
1445248494 35
1445248495 35
1445248495 35
1445248495 35
1445248495 35
1445248496 35
1445248496 35
1445248496 35
1445248496 35
1445248496 35
1445248496 35
1445248496 35
1445248496 35
1445248496 35
1445248496 35
1445248496 35
1445248496 35
1445248498 35
1445248498 35
1445248498 35
1445248498 113
1445248498 119
1445248498 170
1445248498 35
1445248498 35
1445248499 35
1445248499 35
1445248500 35
1445248502 35
1445248502 35
1445248503 35
1445248505 35
1445248505 35
1445248505 35
1445248506 35
1445248508 35
1445248509 35
1445248510 35
1445248510 35
1445248510 35
1445248510 35
1445248510 35
1445248510 35
1445248510 35
1445248511 35
1445248511 35
1445248511 35
1445248511 35
1445248512 35
1445248513 35
1445248514 35
1445248514 35
1445248514 35
1445248514 170
1445248514 35
1445248516 35
1445248518 35
1445248520 35
1445248520 35
1445248522 35
1445248523 35
1445248523 35
1445248523 35
1445248524 35
1445248524 35
1445248525 35
1445248526 35
1445248526 35
1445248527 35
1445248527 35
1445248528 35
1445248529 35
1445248530 35
1445248530 35
1445248530 35
1445248531 35
1445248531 35
1445248533 35
1445248533 35
1445248533 35
1445248534 35
1445248534 35
1445248534 35
1445248535 35
1445248536 35
1445248537 35
1445248537 35
1445248537 35
1445248538 35
1445248539 35
1445248540 35
1445248540 35
1445248541 35
1445248541 35
1445248541 35
1445248542 35
1445248543 35
1445248544 35
1445248544 35
1445248545 35
1445248546 35
1445248546 35
1445248546 35
1445248547 35
1445248548 35
1445248549 35
1445248550 35
1445248550 35
1445248551 35
1445248551 35
1445248552 35
1445248552 35
1445248553 35
1445248553 35
1445248554 35
1445248555 35
1445248555 35
1445248556 35
1445248557 35
1445248557 35
1445248558 35
1445248558 35
1445248559 35
1445248560 35
1445248560 35
1445248562 35
1445248562 35
1445248563 35
1445248563 35
1445248563 35
1445248563 35
1445248563 35
1445248563 35
1445248563 35
1445248563 35
1445248564 35
1445248564 35
1445248564 35
1445248564 35
1445248564 35
1445248564 35
1445248564 35
1445248564 35
1445248564 35
1445248564 35
1445248564 35
1445248564 35
1445248564 35
1445248564 35
1445248565 89
1445248565 35
1445248565 35
1445248565 35
1445248565 35
1445248565 113
1445248565 119
1445248565 170
1445248565 35
1445248566 35
1445248566 36
1445248566 164
1445248566 106
1445248566 4
1445248566 106
1445248566 106
1445248566 61
1445248566 15
1445248566 61
1445248566 61
1445248566 61
1445248566 61
1445248566 35
1445248567 35
1445248567 35
1445248567 35
1445248567 35
1445248567 113
1445248567 119
1445248567 170
1445248568 35
1445248569 35
1445248570 35
1445248570 35
1445248571 35
1445248572 35
1445248573 35
1445248574 35
1445248574 35
1445248575 35
1445248576 35
1445248577 35
1445248577 35
1445248578 35
1445248580 35
1445248580 35
1445248581 35
1445248582 35
1445248583 35
1445248584 35
1445248585 35
1445248586 35
1445248587 35
1445248587 35
1445248588 35
1445248589 35
1445248590 35
1445248591 35
1445248591 35
1445248592 35
1445248593 35
1445248595 35
1445248595 35
1445248596 35
1445248597 35
1445248598 35
1445248598 35
1445248599 35
1445248601 35
1445248602 35
1445248602 35
1445248603 35
1445248604 35
1445248605 35
1445248606 35
1445248606 35
1445248607 35
1445248608 35
1445248609 35
1445248610 35
1445248611 35
1445248612 35
1445248613 35
1445248613 35
1445248615 35
1445248616 35
1445248616 35
1445248618 35
1445248619 35
1445248620 35
1445248620 35
1445248622 35
1445248623 35
1445248625 35
1445248625 35
1445248626 35
1445248627 35
1445248628 35
1445248629 35
1445248629 35
1445248630 35
1445248631 35
1445248632 35
1445248632 35
1445248635 35
1445248636 35
1445248637 35
1445248637 35
1445248638 35
1445248639 35
1445248640 35
1445248641 35
1445248641 35
1445248643 35
1445248644 35
1445248645 35
1445248646 35
1445248646 35
1445248647 35
1445248648 35
1445248649 35
1445248649 35
1445248650 35
1445248651 35
1445248653 35
1445248653 35
1445248654 35
1445248655 35
1445248656 35
1445248657 35
1445248657 35
1445248658 35
1445248659 35
1445248660 35
1445248661 35
1445248661 35
1445248662 35
1445248663 35
1445248664 35
1445248665 35
1445248666 35
1445248667 35
1445248668 35
1445248668 35
1445248671 35
1445248672 35
1445248672 35
1445248673 35
1445248674 35
1445248675 35
1445248676 35
1445248676 35
1445248677 35
1445248679 35
1445248680 35
1445248680 35
1445248681 35
1445248682 35
1445248683 35
1445248684 35
1445248685 35
1445248686 35
1445248687 35
1445248688 35
1445248688 35
1445248689 35
1445248690 35
1445248691 35
1445248692 35
1445248693 35
1445248694 35
1445248695 35
1445248696 35
1445248696 35
1445248697 35
1445248698 35
1445248699 35
1445248700 35
1445248700 35
1445248701 35
1445248702 35
1445248703 35
1445248704 35
1445248705 35
1445248706 35
1445248707 35
1445248707 35
1445248709 35
1445248710 35
1445248711 35
1445248711 35
1445248712 35
1445248713 35
1445248714 35
1445248715 35
1445248716 35
1445248717 35
1445248718 35
1445248719 35
1445248719 35
1445248720 35
1445248721 35
1445248722 35
1445248723 35
1445248723 35
1445248724 35
1445248725 35
1445248727 35
1445248727 35
1445248728 35
1445248729 35
1445248730 35
1445248731 35
1445248731 35
1445248732 35
1445248733 35
1445248734 35
1445248735 35
1445248736 35
1445248737 35
1445248738 35
1445248738 35
1445248739 35
1445248740 35
1445248741 35
1445248742 35
1445248742 35
1445248743 35
1445248744 35
1445248745 35
1445248745 35
1445248746 35
1445248748 35
1445248749 35
1445248749 35
1445248750 35
1445248751 35
1445248752 35
1445248753 35
1445248753 35
1445248754 35
1445248755 35
1445248756 35
1445248756 35
1445248757 35
1445248758 35
1445248759 35
1445248760 35
1445248761 35
1445248762 35
1445248763 35
1445248763 35
1445248764 35
1445248765 35
1445248766 35
1445248767 35
1445248767 35
1445248769 35
1445248770 35
1445248770 35
1445248771 35
1445248772 35
1445248773 35
1445248773 35
1445248774 35
1445248775 35
1445248776 35
1445248776 35
1445248777 35
1445248778 35
1445248779 35
1445248780 35
1445248780 35
1445248781 35
1445248782 35
1445248783 35
1445248783 35
1445248784 35
1445248786 35
1445248787 35
1445248787 35
1445248788 35
1445248789 35
1445248790 35
1445248790 35
1445248791 35
1445248792 35
1445248793 35
1445248793 35
1445248794 35
1445248796 35
1445248796 35
1445248797 35
1445248798 35
1445248799 35
1445248799 35
1445248800 35
1445248801 35
1445248802 35
1445248802 35
1445248803 35
1445248805 35
1445248805 35
1445248807 35
1445248808 35
1445248808 35
1445248808 35
1445248809 35
1445248812 35
1445248815 35
1445248818 35
1445248821 35
1445248824 35
1445248827 35
1445248830 35
1445248833 35
1445248837 35
1445248840 35
1445248843 35
1445248846 35
1445248849 35
1445248852 35
1445248855 35
1445248858 35
1445248861 35
1445248863 35
1445248863 35
1445248863 35
1445248863 35
1445248863 35
1445248863 35
1445248863 35
1445248863 35
1445248863 35
1445248863 35
1445248863 35
1445248863 35
1445248863 35
1445248863 35
1445248863 35
1445248863 35
1445248864 35
1445248864 35
1445248864 35
1445248864 35
1445248864 35
1445248864 35
1445248864 35
1445248864 35
1445248864 35
1445248864 35
1445248864 35
1445248865 35
1445248865 17
1445248865 35
1445248865 35
1445248865 35
1445248865 113
1445248865 119
1445248865 170
1445248866 35
1445248866 17
1445248866 35
1445248866 130
1445248866 35
1445248866 130
1445248866 35
1445248866 34
1445248866 70
1445248866 35
1445248866 34
1445248866 130
1445248866 35
1445248866 34
1445248866 17
1445248866 35
1445248866 35
1445248866 35
1445248866 35
1445248867 35
1445248867 35
1445248867 35
1445248868 35
1445248868 35
1445248868 35
