1445071666 8
1445071666 147
1445071666 16
1445071666 102
1445071666 83
1445071667 8
1445071667 147
1445071668 160
1445071669 82
1445071669 67
1445071669 22
1445071669 102
1445071669 3
1445071669 75
1445071669 25
1445071669 25
1445071669 154
1445071673 102
1445071673 25
1445071673 25
1445071673 102
1445071683 75
1445071683 25
1445071686 102
1445071686 25
1445071686 25
1445071686 102
1445071697 75
1445071697 25
1445071699 102
1445071699 25
1445071699 25
1445071699 102
1445071708 75
1445071708 25
1445071710 102
1445071710 25
1445071710 25
1445071710 102
1445071722 75
1445071722 25
1445071724 102
1445071724 25
1445071724 25
1445071724 102
1445071734 75
1445071734 25
1445071736 102
1445071736 25
1445071736 25
1445071736 102
1445071747 75
1445071747 25
1445071749 102
1445071749 25
1445071749 25
1445071749 102
1445071758 75
1445071758 25
1445071760 67
1445071760 102
1445071760 25
1445071760 25
1445071768 75
1445071768 102
1445071768 160
1445071799 129
1445071799 3
