1445175276 8
1445175276 147
1445175276 16
1445175276 102
1445175276 83
1445175276 8
1445175276 147
1445175277 160
1445175277 82
1445175277 67
1445175278 22
1445175278 102
1445175278 3
1445175278 75
1445175278 25
1445175278 25
1445175278 154
1445175281 102
1445175281 25
1445175281 25
1445175281 102
1445175289 75
1445175289 25
1445175290 102
1445175290 25
1445175290 25
1445175290 102
1445175298 75
1445175298 25
1445175300 102
1445175300 25
1445175300 25
1445175300 102
1445175308 75
1445175308 25
1445175309 102
1445175309 25
1445175309 25
1445175309 102
1445175315 75
1445175315 25
1445175316 102
1445175316 25
1445175316 25
1445175316 102
1445175323 75
1445175323 25
1445175325 102
1445175325 25
1445175325 25
1445175325 102
1445175331 67
1445175332 75
1445175332 25
1445175332 102
1445175332 25
1445175332 25
1445175333 75
1445175333 102
1445175333 160
1445175358 129
1445175358 3
