1445235787 8
1445235787 147
1445235787 16
1445235788 102
1445235788 83
1445235788 8
1445235788 147
1445235789 160
1445235789 82
1445235789 67
1445235789 154
1445235789 0
1445235789 58
1445235789 58
1445235789 78
1445235789 78
1445235790 60
1445235790 60
1445235790 167
1445235791 167
1445235791 1
1445235797 58
1445235797 78
1445235797 78
1445235797 60
1445235797 60
1445235797 167
1445235798 167
1445235798 1
1445235896 58
1445235896 78
1445235896 78
1445235896 60
1445235896 60
1445235896 167
1445235901 167
1445235901 1
1445235935 58
1445235935 78
1445235935 78
1445235946 60
1445235946 60
1445235946 167
1445235947 58
1445235950 167
1445235950 1
1445235950 78
1445235950 78
1445235951 60
1445235951 60
1445235951 167
1445235955 167
1445235955 1
1445235965 58
1445235965 78
1445235965 78
1445235965 60
1445235965 60
1445235965 167
1445235970 167
1445235970 1
1445235979 58
1445235979 78
1445235979 78
1445235979 60
1445235979 60
1445235979 167
1445235982 167
1445235982 1
1445235983 78
1445235983 58
1445235983 78
1445235983 60
1445235983 60
1445235983 167
1445235986 167
1445235986 1
1445235989 76
1445236004 58
1445236004 78
1445236004 78
1445236004 60
1445236004 60
1445236004 167
1445236005 78
1445236005 58
1445236005 78
1445236005 60
1445236005 60
1445236005 167
1445236009 167
1445236009 1
1445236009 167
1445236009 1
1445236009 58
1445236009 0
1445236009 120
1445236009 120
1445236009 102
1445236009 160
1445236009 60
