1445247564 26
1445247564 10
1445247564 20
1445247564 27
1445247564 6
1445247564 5
1445247565 2
1445247566 3
1445247567 8
1445247567 9
1445247567 7
1445247567 29
1445247567 12
1445247567 28
1445247567 24
1445247567 23
1445247567 11
1445247571 21
1445247571 19
1445247571 17
1445247571 29
1445247580 31
1445247580 18
1445247582 21
1445247582 19
1445247582 17
1445247582 29
1445247591 31
1445247591 18
1445247593 21
1445247593 19
1445247593 17
1445247593 29
1445247605 31
1445247605 18
1445247606 21
1445247606 19
1445247606 17
1445247606 29
1445247616 31
1445247616 18
1445247617 21
1445247617 19
1445247617 17
1445247617 29
1445247626 31
1445247626 18
1445247628 21
1445247628 19
1445247628 17
1445247628 29
1445247637 31
1445247637 18
1445247639 21
1445247639 19
1445247639 17
1445247639 29
1445247649 31
1445247649 18
1445247650 13
1445247650 21
1445247650 19
1445247650 17
1445247657 30
1445247657 22
1445247657 1
1445247690 4
1445247690 25
1445247690 15
1445247690 16
1445247690 14
