1445092009 23
1445092009 12
1445092009 15
1445092009 21
1445092009 6
1445092010 3
1445092010 2
1445092011 4
1445092012 8
1445092012 10
1445092012 7
1445092012 28
1445092012 13
1445092012 19
1445092012 22
1445092012 20
1445092012 9
1445092015 24
1445092015 16
1445092015 17
1445092015 28
1445092024 26
1445092024 14
1445092025 24
1445092025 16
1445092025 17
1445092025 28
1445092033 26
1445092033 14
1445092033 24
1445092033 16
1445092033 17
1445092033 28
1445092042 26
1445092042 14
1445092042 24
1445092042 16
1445092042 17
1445092042 28
1445092051 26
1445092051 14
1445092051 24
1445092051 16
1445092051 17
1445092051 28
1445092059 26
1445092059 14
1445092060 24
1445092060 16
1445092060 17
1445092060 28
1445092060 11
1445092067 26
1445092067 14
1445092067 24
1445092067 16
1445092067 17
1445092068 27
1445092068 18
1445092068 1
1445092095 5
1445092096 25
