1445092009 8
1445092009 147
1445092009 16
1445092009 102
1445092009 83
1445092010 8
1445092010 147
1445092011 160
1445092012 82
1445092012 67
1445092012 22
1445092012 102
1445092012 3
1445092012 75
1445092012 25
1445092012 25
1445092012 154
1445092015 102
1445092015 25
1445092015 25
1445092015 102
1445092024 75
1445092024 25
1445092025 102
1445092025 25
1445092025 25
1445092025 102
1445092033 75
1445092033 25
1445092033 102
1445092033 25
1445092033 25
1445092033 102
1445092042 75
1445092042 25
1445092042 102
1445092042 25
1445092042 25
1445092042 102
1445092051 75
1445092051 25
1445092051 102
1445092051 25
1445092051 25
1445092051 102
1445092059 75
1445092059 25
1445092060 102
1445092060 25
1445092060 25
1445092060 102
1445092060 67
1445092067 75
1445092067 25
1445092067 102
1445092067 25
1445092067 25
1445092068 75
1445092068 102
1445092068 160
1445092095 129
1445092096 3
