1445072795 8
1445072795 147
1445072795 16
1445072795 102
1445072795 83
1445072796 8
1445072796 147
1445072797 160
1445072798 82
1445072798 67
1445072798 22
1445072798 102
1445072798 3
1445072798 75
1445072798 25
1445072798 25
1445072798 154
1445072802 102
1445072802 25
1445072802 25
1445072802 102
1445072812 75
1445072812 25
1445072815 102
1445072815 25
1445072815 25
1445072815 102
1445072826 75
1445072826 25
1445072829 102
1445072829 25
1445072829 25
1445072829 102
1445072839 75
1445072839 25
1445072841 102
1445072841 25
1445072841 25
1445072841 102
1445072851 75
1445072851 25
1445072853 102
1445072853 25
1445072853 25
1445072853 102
1445072863 75
1445072863 25
1445072866 102
1445072866 25
1445072866 25
1445072866 102
1445072875 75
1445072875 25
1445072877 102
1445072877 25
1445072877 25
1445072877 102
1445072887 75
1445072887 25
1445072888 67
1445072888 102
1445072888 25
1445072888 25
1445072896 75
1445072896 102
1445072896 160
1445072918 129
1445072918 3
