1445162646 22
1445162646 13
1445162646 14
1445162646 23
1445162646 6
1445162646 5
1445162646 3
1445162647 4
1445162647 8
1445162647 12
1445162648 9
1445162648 26
1445162648 11
1445162648 20
1445162648 19
1445162648 21
1445162648 10
1445162651 18
1445162651 16
1445162651 15
1445162651 26
1445162662 31
1445162662 17
1445162664 18
1445162664 16
1445162664 15
1445162664 26
1445162673 31
1445162673 17
1445162675 18
1445162675 16
1445162675 15
1445162675 26
1445162684 31
1445162684 17
1445162686 18
1445162686 16
1445162686 15
1445162686 26
1445162696 31
1445162696 17
1445162698 18
1445162698 16
1445162698 15
1445162698 26
1445162708 31
1445162708 17
1445162709 18
1445162709 16
1445162709 15
1445162709 26
1445162719 1
1445162719 34
1445162719 32
1445162719 32
1445162719 29
1445162719 36
1445162719 28
1445162719 45
1445162719 7
1445162719 39
1445162719 38
1445162719 41
1445162719 37
1445162719 40
1445162719 24
1445162719 33
1445162719 35
1445162719 35
1445162719 42
1445162719 42
1445162719 25
1445162719 44
1445162719 43
1445162719 46
1445162719 30
1445162719 27
1445162719 -1
1445162719 31
1445162719 17
1445162721 18
1445162721 16
1445162721 15
1445162721 26
1445162732 31
1445162732 17
1445162742 2
1445162762 2
1445162782 2
1445162802 2
1445162822 2
1445162842 2
1445162862 2
1445162882 2
1445162902 2
1445162922 2
1445162942 2
1445162962 2
1445162982 2
1445163002 2
1445163022 2
1445163042 2
1445163062 2
1445163082 2
1445163102 2
1445163122 2
1445163142 2
1445163162 2
1445163182 2
1445163202 2
1445163222 2
1445163242 2
1445163262 2
1445163282 2
1445163302 2
1445163322 2
1445163342 2
1445163362 2
1445163382 2
1445163402 2
1445163422 2
