1445235721 15
1445235721 8
1445235721 13
1445235721 16
1445235721 4
1445235722 3
1445235723 1
1445235724 2
1445235726 5
1445235726 7
1445235726 6
1445235727 21
1445235727 10
1445235727 18
1445235727 17
1445235727 19
1445235727 9
1445235759 20
1445235759 12
1445235759 11
1445235759 21
1445235798 22
1445235798 14
1445235804 20
1445235804 12
1445235804 11
1445235804 21
1445235845 22
1445235845 14
1445235855 20
1445235855 12
1445235855 11
1445235855 21
1445235892 22
1445235892 14
1445235900 20
1445235900 12
1445235900 11
1445235900 21
1445235936 22
1445235936 14
