1445235716 25
1445235716 13
1445235716 21
1445235716 23
1445235716 6
1445235716 5
1445235717 2
1445235719 4
1445235720 7
1445235721 12
1445235723 8
1445235723 30
1445235723 16
1445235723 28
1445235723 26
1445235723 27
1445235723 14
1445235745 24
1445235745 17
1445235745 19
1445235745 30
1445235777 32
1445235777 18
1445235783 24
1445235783 17
1445235783 19
1445235783 30
1445235815 32
1445235815 18
1445235820 24
1445235820 17
1445235820 19
1445235820 30
1445235851 32
1445235851 18
1445235859 24
1445235859 17
1445235859 19
1445235859 30
1445235889 32
1445235889 18
1445235900 24
1445235900 17
1445235900 19
1445235900 30
1445235930 32
1445235930 18
1445235953 24
1445235953 17
1445235953 19
1445235953 30
1445235962 11
1445235985 32
1445235985 18
1445235985 24
1445235985 17
1445235985 19
1445235988 36
1445235988 11
1445235988 9
1445235988 46
1445235988 31
1445235988 35
1445235988 39
1445235988 42
1445235988 37
1445235988 29
1445235988 44
1445235988 45
1445235988 38
1445235988 43
1445235988 1
1445235988 33
1445235988 41
1445235988 41
1445235988 40
1445235988 34
1445235988 31
1445235988 35
1445235988 42
1445235988 37
1445235988 29
1445235988 44
1445235988 45
1445235988 38
1445235988 43
1445235988 -1
1445235988 10
1445235988 3
1445235989 22
1445235989 20
1445235989 15
