1445163673 8
1445163673 147
1445163673 16
1445163673 102
1445163673 83
1445163673 8
1445163674 147
1445163674 160
1445163674 82
1445163674 67
1445163674 154
1445163674 0
1445163674 58
1445163674 58
1445163674 78
1445163674 78
1445163674 60
1445163674 60
1445163675 167
1445163675 167
1445163675 1
1445163771 78
1445163771 78
1445163771 58
1445163771 60
1445163771 60
1445163771 167
1445163771 167
1445163771 1
1445163771 78
1445163771 78
1445163771 60
1445163771 60
1445163771 167
1445163772 167
1445163772 1
1445163790 58
1445163790 78
1445163790 78
1445163790 60
1445163790 60
1445163790 167
1445163791 167
1445163791 1
1445163793 58
1445163793 78
1445163793 78
1445163793 60
1445163793 60
1445163793 167
1445163793 167
1445163794 1
1445163800 58
1445163800 78
1445163800 78
1445163800 60
1445163800 60
1445163800 167
1445163800 167
1445163800 1
1445163820 58
1445163820 78
1445163820 78
1445163820 60
1445163820 60
1445163820 167
1445163820 167
1445163820 1
1445163841 58
1445163841 78
1445163841 78
1445163841 60
1445163841 60
1445163841 167
1445163842 167
1445163842 1
1445163862 58
1445163862 78
1445163862 78
1445163862 60
1445163862 60
1445163862 167
1445163870 167
1445163870 66
1445163962 58
1445163962 78
1445163962 78
1445163962 60
1445163962 60
1445163962 167
1445163973 167
1445163973 66
1445163973 58
1445163973 0
1445163973 120
1445163973 120
1445163973 102
1445163973 160
1445163973 60
1445164035 129
1445164035 129
1445164035 167
1445164035 3
