1445076560 35
1445076561 35
1445076561 35
1445076561 35
1445076562 35
1445076562 35
1445076562 35
1445076562 35
1445076562 35
1445076562 35
1445076562 35
1445076562 35
1445076562 35
1445076562 35
1445076562 35
1445076562 35
1445076562 35
1445076562 35
1445076562 35
1445076562 35
1445076563 35
1445076563 35
1445076563 35
1445076563 35
1445076563 35
1445076563 35
1445076563 35
1445076563 35
1445076563 35
1445076563 35
1445076563 35
1445076563 35
1445076563 35
1445076563 35
1445076563 8
1445076563 35
1445076563 35
1445076563 35
1445076563 35
1445076563 35
1445076563 35
1445076563 35
1445076563 64
1445076563 5
1445076563 64
1445076563 35
1445076564 35
1445076564 35
1445076564 35
1445076564 35
1445076564 35
1445076564 35
1445076564 35
1445076564 35
1445076564 35
1445076564 35
1445076564 35
1445076564 35
1445076564 35
1445076564 35
1445076564 35
1445076564 35
1445076564 35
1445076564 35
1445076564 35
1445076564 35
1445076564 35
1445076564 35
1445076564 35
1445076564 35
1445076564 35
1445076564 35
1445076564 35
1445076564 35
1445076564 35
1445076564 35
1445076564 35
1445076564 35
1445076564 35
1445076564 35
1445076564 35
1445076564 35
1445076564 35
1445076564 35
1445076564 35
1445076564 35
1445076564 35
1445076564 35
1445076564 35
1445076564 35
1445076564 35
1445076564 35
1445076564 35
1445076564 35
1445076564 35
1445076564 35
1445076564 35
1445076564 35
1445076564 35
1445076564 35
1445076564 35
1445076564 35
1445076564 35
1445076564 35
1445076564 35
1445076564 35
1445076564 35
1445076564 35
1445076565 35
1445076565 35
1445076565 35
1445076565 35
1445076566 35
1445076566 35
1445076566 35
1445076566 35
1445076566 35
1445076566 35
1445076566 35
1445076566 35
1445076566 35
1445076566 35
1445076566 35
1445076566 35
1445076566 35
1445076566 35
1445076566 35
1445076566 35
1445076566 35
1445076566 35
1445076566 35
1445076566 35
1445076566 35
1445076566 35
1445076566 35
1445076566 35
1445076566 35
1445076566 35
1445076566 35
1445076566 35
1445076566 35
1445076566 35
1445076566 35
1445076566 35
1445076566 35
1445076567 35
1445076567 35
1445076567 35
1445076567 35
1445076567 35
1445076567 35
1445076567 35
1445076567 35
1445076567 35
1445076567 35
1445076567 35
1445076567 35
1445076567 35
1445076567 35
1445076567 35
1445076567 35
1445076567 35
1445076567 35
1445076567 35
1445076567 35
1445076567 35
1445076567 35
1445076567 35
1445076567 35
1445076567 35
1445076567 35
1445076567 35
1445076567 35
1445076567 35
1445076567 35
1445076567 35
1445076567 35
1445076567 35
1445076567 35
1445076567 35
1445076567 35
1445076567 35
1445076568 35
1445076568 35
1445076568 35
1445076568 35
1445076568 35
1445076568 35
1445076568 35
1445076568 35
1445076568 35
1445076568 35
1445076568 35
1445076568 35
1445076568 35
1445076568 35
1445076568 35
1445076568 35
1445076568 35
1445076568 35
1445076568 35
1445076568 35
1445076568 35
1445076568 35
1445076568 35
1445076568 35
1445076568 35
1445076568 35
1445076568 35
1445076568 35
1445076568 35
1445076569 35
1445076569 35
1445076569 35
1445076569 35
1445076569 35
1445076569 35
1445076569 35
1445076569 35
1445076569 35
1445076569 35
1445076569 35
1445076569 35
1445076569 35
1445076569 35
1445076569 35
1445076569 35
1445076569 35
1445076569 35
1445076569 35
1445076569 35
1445076569 35
1445076569 35
1445076569 35
1445076569 35
1445076569 35
1445076569 35
1445076569 35
1445076569 35
1445076569 35
1445076569 35
1445076569 35
1445076569 35
1445076570 35
1445076570 35
1445076570 35
1445076570 35
1445076570 35
1445076570 35
1445076570 35
1445076570 35
1445076570 35
1445076570 35
1445076570 35
1445076570 35
1445076570 35
1445076570 35
1445076570 35
1445076570 35
1445076570 35
1445076570 35
1445076571 35
1445076571 35
1445076571 110
1445076571 35
1445076571 35
1445076571 35
1445076571 35
1445076571 35
1445076571 35
1445076571 35
1445076571 35
1445076572 35
1445076572 35
1445076572 110
1445076572 35
1445076572 35
1445076573 35
1445076573 35
1445076573 35
1445076574 35
1445076574 35
1445076574 35
1445076574 35
1445076574 35
1445076574 35
1445076574 35
1445076574 35
1445076574 35
1445076575 35
1445076575 35
1445076575 35
1445076575 35
1445076575 35
1445076575 35
1445076575 35
1445076575 35
1445076575 35
1445076575 35
1445076575 35
1445076575 35
1445076575 35
1445076577 35
1445076577 35
1445076581 35
1445076581 35
1445076582 35
1445076582 35
1445076583 35
1445076583 35
1445076584 35
1445076584 35
1445076585 35
1445076586 35
1445076586 35
1445076587 35
1445076587 35
1445076588 35
1445076588 35
1445076589 35
1445076589 35
1445076590 35
1445076590 35
1445076590 35
1445076591 35
1445076592 35
1445076592 35
1445076592 35
1445076593 35
1445076594 35
1445076594 35
1445076594 35
1445076594 35
1445076595 35
1445076595 35
1445076595 35
1445076596 35
1445076597 35
1445076597 35
1445076597 35
1445076598 35
1445076598 35
1445076598 35
1445076599 35
1445076599 35
1445076600 35
1445076600 35
1445076601 35
1445076601 35
1445076601 35
1445076602 35
1445076602 35
1445076602 35
1445076602 35
1445076603 35
1445076603 35
1445076603 35
1445076604 35
1445076604 35
1445076605 35
1445076605 35
1445076605 35
1445076605 35
1445076605 35
1445076606 35
1445076606 35
1445076608 35
1445076608 35
1445076608 35
1445076608 35
1445076608 35
1445076608 35
1445076609 35
1445076609 35
1445076609 35
1445076609 35
1445076611 35
1445076611 35
1445076611 35
1445076611 35
1445076611 35
1445076611 35
1445076612 35
1445076612 35
1445076613 35
1445076613 35
1445076614 35
1445076614 35
1445076614 35
1445076614 35
1445076614 35
1445076615 35
1445076615 35
1445076616 35
1445076616 35
1445076617 35
1445076617 35
1445076617 35
1445076617 35
1445076617 35
1445076617 35
1445076619 35
1445076619 35
1445076619 35
1445076620 35
1445076620 35
1445076620 35
1445076620 35
1445076620 35
1445076620 35
1445076621 35
1445076622 35
1445076622 35
1445076622 35
1445076623 35
1445076624 35
1445076624 35
1445076624 35
1445076624 35
1445076624 35
1445076625 35
1445076625 35
1445076625 35
1445076626 35
1445076626 35
1445076627 35
1445076627 35
1445076627 35
1445076627 35
1445076628 35
1445076629 35
1445076629 35
1445076629 35
1445076629 35
1445076629 35
1445076630 35
1445076630 35
1445076631 35
1445076631 35
1445076632 35
1445076632 35
1445076632 35
1445076633 35
1445076633 35
1445076633 35
1445076633 35
1445076634 35
1445076635 35
1445076635 35
1445076635 35
1445076636 35
1445076636 35
1445076636 35
1445076637 35
1445076637 35
1445076637 35
1445076637 35
1445076638 35
1445076638 35
1445076638 35
1445076640 35
1445076640 35
1445076640 35
1445076640 35
1445076640 35
1445076640 35
1445076641 35
1445076641 35
1445076642 35
1445076642 35
1445076643 35
1445076643 35
1445076643 35
1445076643 35
1445076643 35
1445076644 35
1445076644 35
1445076645 35
1445076645 35
1445076646 35
1445076646 35
1445076646 35
1445076646 35
1445076647 35
1445076647 35
1445076647 35
1445076648 35
1445076649 35
1445076649 35
1445076649 35
1445076649 35
1445076649 35
1445076649 35
1445076650 35
1445076650 35
1445076650 35
1445076651 35
1445076652 35
1445076652 35
1445076653 35
1445076653 35
1445076653 35
1445076653 35
1445076653 35
1445076653 35
1445076653 35
1445076655 35
1445076655 35
1445076655 35
1445076656 35
1445076656 35
1445076656 35
1445076657 35
1445076657 35
1445076657 35
1445076657 35
1445076658 35
1445076658 35
1445076659 35
1445076659 35
1445076659 35
1445076660 35
1445076660 35
1445076660 35
1445076661 35
1445076661 35
1445076661 35
1445076661 35
1445076662 35
1445076662 35
1445076663 35
1445076663 35
1445076664 35
1445076664 35
1445076664 35
1445076664 35
1445076664 35
1445076664 35
1445076665 35
1445076665 35
1445076666 35
1445076666 35
1445076667 35
1445076667 35
1445076667 35
1445076667 35
1445076667 35
1445076667 35
1445076668 35
1445076668 35
1445076668 35
1445076668 35
1445076669 35
1445076671 35
1445076671 35
1445076671 35
1445076671 35
1445076671 35
1445076671 35
1445076671 35
1445076673 35
1445076673 35
1445076673 35
1445076673 35
1445076674 35
1445076674 35
1445076675 35
1445076675 35
1445076675 35
1445076676 35
1445076676 35
1445076677 35
1445076677 35
1445076677 35
1445076678 35
1445076678 35
1445076678 35
1445076678 35
1445076679 35
1445076679 35
1445076679 35
1445076679 35
1445076681 35
1445076681 35
1445076681 35
1445076681 35
1445076681 35
1445076681 35
1445076681 35
1445076682 35
1445076682 35
1445076683 35
1445076684 35
1445076684 35
1445076684 35
1445076685 35
1445076685 35
1445076685 35
1445076685 35
1445076685 35
1445076685 35
1445076686 35
1445076687 35
1445076687 35
1445076688 35
1445076688 35
1445076688 35
1445076688 35
1445076689 35
1445076689 35
1445076689 35
1445076689 35
1445076690 35
1445076691 35
1445076691 35
1445076691 35
1445076691 35
1445076691 35
1445076692 35
1445076692 35
1445076693 35
1445076694 35
1445076694 35
1445076694 35
1445076694 35
1445076694 35
1445076695 35
1445076695 35
1445076695 35
1445076696 35
1445076697 35
1445076697 35
1445076697 35
1445076697 35
1445076698 35
1445076698 35
1445076698 35
1445076698 35
1445076699 35
1445076699 35
1445076700 35
1445076700 35
1445076701 35
1445076701 35
1445076701 35
1445076701 35
1445076701 35
1445076702 35
1445076703 35
1445076703 35
1445076703 35
1445076704 35
1445076704 35
1445076704 35
1445076704 35
1445076705 35
1445076705 35
1445076706 35
1445076706 35
1445076707 35
1445076707 35
1445076707 35
1445076708 35
1445076708 35
1445076708 35
1445076708 35
1445076709 35
1445076709 35
1445076709 35
1445076710 35
1445076710 35
1445076710 35
1445076711 35
1445076711 35
1445076712 35
1445076712 35
1445076712 35
1445076712 35
1445076712 35
1445076712 35
1445076712 35
1445076712 35
1445076712 35
1445076712 35
1445076712 35
1445076712 35
1445076712 35
1445076712 35
1445076712 35
1445076712 35
1445076712 35
1445076712 35
1445076712 35
1445076712 35
1445076712 35
1445076712 35
1445076713 35
1445076713 35
1445076713 35
1445076713 35
1445076713 35
1445076713 35
1445076713 35
1445076713 35
1445076713 35
1445076713 35
1445076713 35
1445076713 113
1445076713 119
1445076713 170
1445076713 35
1445076713 35
1445076713 35
1445076713 113
1445076713 119
1445076713 170
1445076713 35
1445076713 35
1445076713 35
1445076713 35
1445076713 35
1445076713 35
1445076713 35
1445076713 35
1445076713 35
1445076713 35
1445076713 35
1445076713 35
1445076713 35
1445076713 35
1445076713 35
1445076713 35
1445076714 35
1445076714 35
1445076714 35
1445076714 35
1445076714 35
1445076714 113
1445076714 119
1445076714 170
1445076714 35
1445076714 35
1445076714 35
1445076714 35
1445076714 35
1445076714 35
1445076714 35
1445076714 35
1445076714 35
1445076714 35
1445076714 35
1445076714 35
1445076715 35
1445076715 35
1445076715 35
1445076715 35
1445076715 35
1445076715 35
1445076715 35
1445076715 35
1445076715 35
1445076715 35
1445076715 35
1445076715 35
1445076715 35
1445076715 35
1445076715 35
1445076715 35
1445076716 35
1445076716 35
1445076716 35
1445076716 35
1445076717 35
1445076717 35
1445076718 35
1445076719 35
1445076720 35
1445076720 35
1445076721 35
1445076721 35
1445076721 35
1445076721 35
1445076721 35
1445076721 35
1445076721 35
1445076721 35
1445076721 35
1445076721 35
1445076721 35
1445076721 35
1445076721 35
1445076721 35
1445076721 35
1445076722 35
1445076722 35
1445076722 35
1445076722 35
1445076722 35
1445076722 35
1445076722 35
1445076722 35
1445076722 113
1445076722 119
1445076722 170
1445076722 35
1445076723 35
1445076723 35
1445076723 35
1445076724 35
1445076725 35
1445076725 35
1445076725 35
1445076726 35
1445076726 35
1445076726 35
1445076726 35
1445076726 35
1445076727 35
1445076727 35
1445076728 35
1445076728 35
1445076728 35
1445076728 35
1445076728 35
1445076728 35
1445076728 35
1445076729 35
1445076729 35
1445076729 35
1445076729 35
1445076729 35
1445076729 35
1445076729 35
1445076729 35
1445076729 35
1445076730 35
1445076730 35
1445076730 35
1445076730 35
1445076730 35
1445076730 35
1445076730 35
1445076730 35
1445076732 35
1445076732 35
1445076732 35
1445076732 35
1445076732 35
1445076732 35
1445076732 35
1445076732 35
1445076732 35
1445076732 35
1445076732 35
1445076732 35
1445076733 35
1445076733 35
1445076733 35
1445076734 35
1445076734 35
1445076735 35
1445076735 35
1445076735 35
1445076736 35
1445076736 35
1445076736 35
1445076736 35
1445076736 35
1445076737 35
1445076737 35
1445076737 35
1445076738 35
1445076738 35
1445076738 35
1445076739 35
1445076739 35
1445076740 35
1445076740 35
1445076740 35
1445076740 35
1445076740 35
1445076740 35
1445076741 35
1445076741 35
1445076741 35
1445076742 35
1445076742 35
1445076742 35
1445076743 35
1445076743 35
1445076743 35
1445076743 35
1445076743 35
1445076743 35
1445076743 35
1445076743 35
1445076743 35
1445076743 35
1445076743 35
1445076743 35
1445076744 35
1445076744 35
1445076744 35
1445076745 35
1445076745 35
1445076745 35
1445076745 35
1445076745 35
1445076745 35
1445076745 35
1445076745 35
1445076745 35
1445076745 35
1445076745 35
1445076745 35
1445076745 35
1445076745 35
1445076745 35
1445076745 35
1445076746 35
1445076746 35
1445076746 35
1445076746 35
1445076746 35
1445076747 35
1445076747 35
1445076747 35
1445076747 35
1445076748 35
1445076748 35
1445076748 35
1445076748 35
1445076749 35
1445076749 35
1445076749 35
1445076749 35
1445076749 35
1445076750 35
1445076751 35
1445076752 35
1445076752 35
1445076752 35
1445076752 35
1445076752 35
1445076752 35
1445076752 35
1445076752 35
1445076753 35
1445076753 35
1445076754 35
1445076755 35
1445076755 35
1445076755 35
1445076755 35
1445076755 35
1445076755 35
1445076755 35
1445076756 35
1445076756 35
1445076756 35
1445076757 35
1445076757 35
1445076758 35
1445076758 35
1445076758 35
1445076758 35
1445076758 35
1445076758 35
1445076758 35
1445076758 35
1445076758 35
1445076758 35
1445076758 35
1445076759 35
1445076759 35
1445076759 35
1445076759 35
1445076759 35
1445076759 35
1445076759 35
1445076760 35
1445076760 35
1445076761 35
1445076761 35
1445076761 35
1445076762 35
1445076762 35
1445076762 35
1445076762 35
1445076762 35
1445076762 35
1445076762 35
1445076762 35
1445076763 35
1445076764 35
1445076764 35
1445076764 35
1445076765 35
1445076765 35
1445076765 35
1445076765 35
1445076765 35
1445076766 35
1445076766 35
1445076766 35
1445076766 35
1445076766 35
1445076767 35
1445076767 35
1445076768 35
1445076768 35
1445076768 35
1445076768 35
1445076768 35
1445076769 35
1445076769 35
1445076769 35
1445076769 35
1445076770 35
1445076770 35
1445076771 35
1445076771 35
1445076771 35
1445076771 35
1445076771 35
1445076771 35
1445076772 35
1445076772 35
1445076772 35
1445076773 35
1445076773 35
1445076773 35
1445076774 35
1445076774 35
1445076774 35
1445076774 35
1445076774 35
1445076775 35
1445076775 35
1445076775 35
1445076776 35
1445076776 35
1445076777 35
1445076777 35
1445076777 35
1445076777 35
1445076777 35
1445076777 35
1445076777 35
1445076777 35
1445076777 35
1445076777 35
1445076777 35
1445076777 35
1445076777 35
1445076778 35
1445076778 35
1445076778 35
1445076778 35
1445076778 35
1445076778 35
1445076779 35
1445076779 35
1445076779 35
1445076780 35
1445076780 35
1445076780 35
1445076780 35
1445076780 35
1445076780 35
1445076781 35
1445076781 35
1445076782 35
1445076782 35
1445076783 35
1445076783 35
1445076783 35
1445076783 35
1445076783 35
1445076783 35
1445076783 35
1445076784 35
1445076784 35
1445076785 35
1445076785 35
1445076785 35
1445076786 35
1445076786 35
1445076786 35
1445076786 35
1445076786 35
1445076786 35
1445076786 113
1445076786 119
1445076786 170
1445076786 35
1445076786 35
1445076786 35
1445076786 35
1445076786 35
1445076786 35
1445076786 35
1445076786 35
1445076786 35
1445076786 35
1445076786 35
1445076787 35
1445076787 35
1445076787 35
1445076787 35
1445076787 35
1445076787 35
1445076787 35
1445076787 35
1445076787 35
1445076787 35
1445076787 35
1445076787 35
1445076787 35
1445076788 35
1445076788 35
1445076788 35
1445076788 35
1445076789 35
1445076790 35
1445076790 35
1445076790 35
1445076790 35
1445076790 35
1445076791 35
1445076791 35
1445076791 35
1445076791 35
1445076792 35
1445076793 35
1445076793 35
1445076794 35
1445076794 35
1445076794 35
1445076794 35
1445076794 35
1445076794 35
1445076794 35
1445076795 35
1445076795 35
1445076796 35
1445076796 35
1445076797 35
1445076797 35
1445076797 35
1445076797 35
1445076797 35
1445076798 35
1445076798 35
1445076798 35
1445076798 35
1445076799 35
1445076799 35
1445076799 35
1445076799 35
1445076799 35
1445076800 35
1445076800 35
1445076800 35
1445076800 35
1445076801 35
1445076801 35
1445076801 35
1445076802 35
1445076803 35
1445076803 35
1445076803 35
1445076803 35
1445076804 35
1445076804 35
1445076804 35
1445076804 35
1445076804 35
1445076804 35
1445076805 35
1445076806 35
1445076806 35
1445076806 35
1445076807 35
1445076807 35
1445076807 35
1445076807 35
1445076808 35
1445076808 35
1445076809 35
1445076809 35
1445076810 35
1445076810 35
1445076810 35
1445076811 35
1445076811 35
1445076811 35
1445076811 35
1445076812 35
1445076812 35
1445076812 35
1445076812 35
1445076812 35
1445076813 35
1445076813 35
1445076814 35
1445076814 35
1445076814 35
1445076815 35
1445076815 35
1445076815 35
1445076816 35
1445076816 35
1445076816 35
1445076816 35
1445076817 35
1445076817 35
1445076817 35
1445076818 35
1445076818 35
1445076818 35
1445076818 35
1445076819 35
1445076819 35
1445076819 35
1445076819 35
1445076820 35
1445076820 35
1445076821 35
1445076821 35
1445076821 35
1445076821 35
1445076821 35
1445076821 35
1445076821 35
1445076822 35
1445076822 35
1445076822 35
1445076823 35
1445076823 35
1445076824 35
1445076824 35
1445076824 35
1445076824 35
1445076824 35
1445076824 35
1445076824 35
1445076825 35
1445076825 35
1445076826 35
1445076826 35
1445076826 35
1445076827 35
1445076827 35
1445076827 35
1445076827 35
1445076827 35
1445076827 35
1445076827 35
1445076828 35
1445076828 35
1445076829 35
1445076829 35
1445076830 35
1445076830 35
1445076830 35
1445076830 35
1445076830 35
1445076830 35
1445076830 35
1445076830 35
1445076830 35
1445076831 35
1445076831 35
1445076832 35
1445076832 35
1445076833 35
1445076833 35
1445076833 35
1445076833 35
1445076833 35
1445076833 35
1445076833 35
1445076833 35
1445076834 35
1445076834 35
1445076834 35
1445076835 35
1445076835 35
1445076836 35
1445076836 35
1445076836 35
1445076836 35
1445076836 35
1445076836 35
1445076836 35
1445076837 35
1445076837 35
1445076837 35
1445076837 35
1445076838 35
1445076839 35
1445076839 35
1445076839 35
1445076839 35
1445076839 35
1445076839 35
1445076839 35
1445076839 35
1445076839 35
1445076839 35
1445076839 35
1445076839 35
1445076839 35
1445076839 35
1445076839 35
1445076839 35
1445076839 35
1445076839 35
1445076839 35
1445076839 35
1445076839 35
1445076840 35
1445076840 35
1445076840 35
1445076840 35
1445076840 35
1445076840 35
1445076840 89
1445076840 35
1445076840 35
1445076841 35
1445076841 35
1445076841 35
1445076841 113
1445076841 119
1445076841 170
1445076841 35
1445076841 35
1445076841 35
1445076841 35
1445076841 35
1445076841 35
1445076841 35
1445076841 35
1445076841 35
1445076841 35
1445076841 35
1445076841 35
1445076842 35
1445076842 35
1445076842 35
1445076842 35
1445076842 35
1445076842 36
1445076842 164
1445076842 106
1445076842 4
1445076842 106
1445076842 106
1445076842 61
1445076842 15
1445076842 61
1445076842 61
1445076842 61
1445076842 61
1445076842 35
1445076842 35
1445076843 35
1445076843 35
1445076843 35
1445076844 35
1445076844 35
1445076844 35
1445076844 35
1445076844 113
1445076844 119
1445076844 170
1445076844 35
1445076845 35
1445076845 35
1445076845 35
1445076845 35
1445076846 35
1445076846 35
1445076846 35
1445076846 35
1445076847 35
1445076847 35
1445076848 35
1445076848 35
1445076848 35
1445076848 35
1445076848 35
1445076849 35
1445076849 35
1445076849 35
1445076849 35
1445076850 35
1445076851 35
1445076851 35
1445076851 35
1445076851 35
1445076852 35
1445076852 35
1445076852 35
1445076852 36
1445076852 164
1445076852 106
1445076852 4
1445076852 106
1445076852 106
1445076852 61
1445076852 15
1445076852 61
1445076852 61
1445076852 61
1445076852 61
1445076852 35
1445076852 35
1445076852 35
1445076852 35
1445076852 35
1445076853 35
1445076854 35
1445076854 35
1445076855 35
1445076855 35
1445076855 35
1445076855 35
1445076855 35
1445076855 35
1445076855 35
1445076856 35
1445076857 35
1445076858 35
1445076858 35
1445076858 35
1445076858 35
1445076858 35
1445076858 35
1445076858 35
1445076859 35
1445076859 35
1445076859 35
1445076861 35
1445076861 35
1445076861 35
1445076861 35
1445076861 35
1445076862 35
1445076862 35
1445076862 35
1445076863 35
1445076863 35
1445076863 35
1445076864 35
1445076864 35
1445076865 35
1445076865 35
1445076866 35
1445076866 35
1445076866 35
1445076867 35
1445076867 35
1445076867 35
1445076867 35
1445076867 35
1445076868 35
1445076868 35
1445076868 35
1445076868 35
1445076868 35
1445076868 35
1445076868 35
1445076868 35
1445076868 35
1445076868 35
1445076868 35
1445076868 35
1445076868 35
1445076868 35
1445076868 35
1445076868 35
1445076868 35
1445076868 35
1445076869 35
1445076869 35
1445076869 35
1445076869 35
1445076869 35
1445076869 35
1445076869 35
1445076869 113
1445076869 119
1445076869 170
1445076870 35
1445076870 35
1445076870 35
1445076870 35
1445076871 35
1445076871 35
1445076871 35
1445076871 35
1445076871 35
1445076872 35
1445076872 35
1445076872 35
1445076872 35
1445076872 35
1445076872 35
1445076872 35
1445076873 35
1445076873 35
1445076873 35
1445076873 35
1445076873 35
1445076873 35
1445076873 35
1445076873 35
1445076873 35
1445076873 35
1445076873 35
1445076874 35
1445076874 35
1445076874 35
1445076874 35
1445076874 35
1445076874 35
1445076874 113
1445076874 119
1445076874 170
1445076874 35
1445076874 35
1445076874 35
1445076875 89
1445076875 35
1445076875 35
1445076875 35
1445076875 35
1445076875 35
1445076875 36
1445076875 164
1445076875 106
1445076875 4
1445076875 106
1445076875 106
1445076875 61
1445076875 15
1445076875 61
1445076875 61
1445076875 61
1445076875 61
1445076875 35
1445076876 35
1445076876 35
1445076876 35
1445076876 35
1445076876 35
1445076876 113
1445076876 119
1445076876 170
1445076877 35
1445076877 35
1445076878 35
1445076878 35
1445076878 35
1445076878 35
1445076879 35
1445076880 35
1445076880 35
1445076881 35
1445076881 35
1445076881 35
1445076881 35
1445076882 35
1445076882 35
1445076883 35
1445076884 35
1445076884 35
1445076884 35
1445076884 35
1445076884 35
1445076885 35
1445076885 35
1445076885 35
1445076885 35
1445076886 35
1445076887 35
1445076887 35
1445076888 35
1445076888 35
1445076888 35
1445076888 35
1445076888 35
1445076888 35
1445076889 35
1445076890 35
1445076890 35
1445076891 35
1445076891 35
1445076891 35
1445076891 35
1445076891 35
1445076892 35
1445076893 35
1445076893 35
1445076894 35
1445076894 35
1445076894 35
1445076895 35
1445076895 35
1445076895 35
1445076896 35
1445076896 35
1445076897 35
1445076897 35
1445076898 35
1445076898 35
1445076898 35
1445076899 35
1445076900 35
1445076900 35
1445076900 35
1445076900 35
1445076901 35
1445076901 35
1445076902 35
1445076903 35
1445076903 35
1445076903 35
1445076903 35
1445076904 35
1445076904 35
1445076904 35
1445076905 35
1445076906 35
1445076906 35
1445076906 35
1445076906 35
1445076907 35
1445076907 35
1445076908 35
1445076908 35
1445076909 35
1445076909 35
1445076909 35
1445076909 35
1445076909 35
1445076910 35
1445076910 35
1445076911 35
1445076912 35
1445076912 35
1445076912 35
1445076912 35
1445076912 35
1445076913 35
1445076913 35
1445076914 35
1445076915 35
1445076915 35
1445076915 35
1445076915 35
1445076915 35
1445076916 35
1445076916 35
1445076917 35
1445076918 35
1445076918 35
1445076919 35
1445076919 35
1445076919 35
1445076919 35
1445076919 35
1445076920 35
1445076921 35
1445076921 35
1445076922 35
1445076922 35
1445076922 35
1445076922 35
1445076922 35
1445076923 35
1445076924 35
1445076924 35
1445076925 35
1445076925 35
1445076925 35
1445076925 35
1445076926 35
1445076926 35
1445076927 35
1445076927 35
1445076928 35
1445076928 35
1445076928 35
1445076928 35
1445076928 35
1445076929 35
1445076930 35
1445076930 35
1445076930 35
1445076931 35
1445076931 35
1445076931 35
1445076931 35
1445076932 35
1445076932 35
1445076933 35
1445076933 35
1445076933 35
1445076934 35
1445076934 35
1445076934 35
1445076934 35
1445076935 35
1445076936 35
1445076936 35
1445076937 35
1445076937 35
1445076937 35
1445076937 35
1445076937 35
1445076938 35
1445076939 35
1445076939 35
1445076940 35
1445076940 35
1445076940 35
1445076940 35
1445076940 35
1445076940 35
1445076940 35
1445076940 35
1445076940 35
1445076940 35
1445076940 35
1445076940 35
1445076940 35
1445076940 35
1445076940 35
1445076940 35
1445076940 35
1445076940 35
1445076940 35
1445076940 35
1445076940 35
1445076940 89
1445076940 35
1445076940 35
1445076940 36
1445076940 164
1445076940 106
1445076940 4
1445076940 106
1445076940 106
1445076940 61
1445076940 15
1445076940 61
1445076940 61
1445076940 61
1445076940 61
1445076941 35
1445076941 35
1445076942 35
1445076942 35
1445076942 35
1445076942 113
1445076942 119
1445076942 170
1445076942 35
1445076942 35
1445076942 113
1445076942 119
1445076942 170
1445076942 35
1445076942 35
1445076943 35
1445076943 35
1445076943 35
1445076944 35
1445076945 35
1445076945 35
1445076946 35
1445076946 35
1445076946 35
1445076947 35
1445076948 35
1445076948 35
1445076948 35
1445076949 35
1445076949 35
1445076950 35
1445076951 35
1445076951 35
1445076952 35
1445076952 35
1445076953 35
1445076953 35
1445076954 35
1445076954 35
1445076955 35
1445076955 35
1445076956 35
1445076957 35
1445076957 35
1445076957 35
1445076958 35
1445076958 35
1445076959 35
1445076960 35
1445076960 35
1445076961 35
1445076961 35
1445076961 35
1445076962 35
1445076963 35
1445076963 35
1445076964 35
1445076964 35
1445076964 35
1445076964 35
1445076964 35
1445076964 35
1445076964 35
1445076964 35
1445076964 35
1445076964 35
1445076964 35
1445076964 35
1445076964 35
1445076964 35
1445076964 35
1445076964 35
1445076964 35
1445076964 35
1445076964 35
1445076964 89
1445076964 35
1445076964 35
1445076964 36
1445076964 164
1445076964 106
1445076964 4
1445076964 106
1445076964 106
1445076964 61
1445076964 15
1445076964 61
1445076964 61
1445076964 61
1445076964 61
1445076964 35
1445076965 35
1445076965 35
1445076965 35
1445076965 35
1445076965 113
1445076965 119
1445076965 170
1445076965 35
1445076965 35
1445076965 113
1445076965 119
1445076965 170
1445076966 35
1445076967 35
1445076967 35
1445076968 35
1445076968 35
1445076969 35
1445076970 35
1445076970 35
1445076972 35
1445076973 35
1445076973 35
1445076974 35
1445076975 35
1445076976 35
1445076976 35
1445076977 35
1445076978 35
1445076979 35
1445076979 35
1445076980 35
1445076981 35
1445076981 35
1445076982 35
1445076985 35
1445076988 35
1445076988 35
1445076991 35
1445077008 35
1445077010 35
1445077013 35
1445077016 35
1445077019 35
1445077022 35
1445077025 35
1445077028 35
1445077028 35
1445077031 35
1445077035 35
1445077038 35
1445077041 35
1445077045 35
1445077048 35
1445077048 35
1445077051 35
1445077055 35
1445077058 35
1445077061 35
1445077064 35
1445077067 35
1445077068 35
1445077068 35
1445077068 35
1445077068 35
1445077068 35
1445077068 35
1445077068 35
1445077068 35
1445077068 35
1445077068 35
1445077068 35
1445077068 35
1445077068 35
1445077068 35
1445077068 35
1445077068 35
1445077068 35
1445077068 35
1445077068 35
1445077068 35
1445077068 35
1445077068 35
1445077068 35
1445077068 35
1445077068 35
1445077068 35
1445077068 35
1445077069 35
1445077069 35
1445077069 17
1445077071 35
1445077071 35
1445077071 35
1445077071 113
1445077071 119
1445077071 170
1445077088 35
1445077091 35
1445077091 158
1445077091 117
1445077091 117
1445077091 149
1445077091 35
1445077091 35
1445077092 35
1445077092 17
1445077092 35
1445077092 130
1445077093 35
1445077093 130
1445077093 35
1445077093 34
1445077093 70
1445077093 35
1445077093 34
1445077093 130
1445077093 35
1445077093 34
1445077093 17
1445077093 35
1445077108 35
1445077128 35
1445077148 35
1445077168 35
1445077188 35
1445077208 35
1445077228 35
1445077248 35
1445077268 35
1445077288 35
1445077308 35
1445077328 35
1445077348 35
1445077368 35
1445077388 35
1445077408 35
1445077428 35
1445077448 35
1445077468 35
1445077488 35
1445077508 35
1445077528 35
1445077548 35
1445077568 35
1445077588 35
1445077608 35
1445077628 35
1445077638 35
1445077638 35
1445077638 35
1445077638 35
1445077638 35
1445077658 35
1445077677 35
1445077697 35
1445077716 35
1445077736 35
1445077755 35
