1445088379 44
1445088379 39
1445088379 41
1445088379 43
1445088379 34
1445088379 31
1445088380 10
1445088380 28
1445088381 36
1445088381 40
1445088381 37
1445088381 33
1445088381 30
1445088381 23
1445088381 17
1445088381 21
1445088381 2
1445088381 18
1445088381 4
1445088383 29
1445088384 5
1445088384 23
1445088384 17
1445088384 21
1445088384 2
1445088384 18
1445088384 4
1445088385 23
1445088386 29
1445088386 8
1445088386 17
1445088386 21
1445088388 2
1445088388 18
1445088388 4
1445088389 29
1445088419 14
1445088431 1
1445088431 1
1445088431 1
1445088432 1
1445088432 1
1445088493 23
1445088493 17
1445088493 21
1445088493 2
1445088493 18
1445088493 4
1445088495 29
1445088495 11
1445088578 24
1445088578 26
1445088578 23
1445088579 2
1445088579 18
1445088579 4
1445088582 23
1445088595 23
1445088595 17
1445088595 21
1445088595 2
1445088595 18
1445088595 4
1445088598 29
1445088627 29
1445088627 15
1445088630 20
1445088630 24
1445088630 26
1445088630 2
1445088630 18
1445088630 4
1445088666 29
1445088666 18
1445088666 4
1445088681 23
1445088681 25
1445088681 27
1445088681 2
1445088681 18
1445088681 4
1445088705 23
1445088705 17
1445088705 21
1445088705 2
1445088705 18
1445088705 4
1445088707 29
1445088707 13
1445088707 29
1445088708 16
1445088718 29
1445088719 22
1445088738 23
1445088738 17
1445088738 21
1445088738 2
1445088738 18
1445088738 4
1445088739 29
1445088739 9
1445088745 23
1445088745 17
1445088745 21
1445088745 2
1445088745 18
1445088745 4
1445088747 29
1445088747 6
1445088754 23
1445088754 17
1445088754 21
1445088754 2
1445088754 18
1445088754 4
1445088756 29
1445088756 12
1445088756 7
1445088756 35
1445088756 32
1445088756 42
1445088756 38
1445088810 3
1445088810 19
