1445088379 8
1445088379 147
1445088379 16
1445088379 102
1445088379 83
1445088379 8
1445088380 147
1445088380 160
1445088381 82
1445088381 67
1445088381 154
1445088381 0
1445088381 58
1445088381 58
1445088381 78
1445088381 78
1445088381 60
1445088381 60
1445088381 167
1445088383 167
1445088384 1
1445088384 58
1445088384 78
1445088384 78
1445088384 60
1445088384 60
1445088384 167
1445088385 58
1445088386 167
1445088386 1
1445088386 78
1445088386 78
1445088388 60
1445088388 60
1445088388 167
1445088389 167
1445088419 1
1445088431 76
1445088431 76
1445088431 76
1445088432 76
1445088432 76
1445088493 58
1445088493 78
1445088493 78
1445088493 60
1445088493 60
1445088493 167
1445088495 167
1445088495 1
1445088578 78
1445088578 78
1445088578 58
1445088579 60
1445088579 60
1445088579 167
1445088582 58
1445088595 58
1445088595 78
1445088595 78
1445088595 60
1445088595 60
1445088595 167
1445088598 167
1445088627 167
1445088627 1
1445088630 66
1445088630 78
1445088630 78
1445088630 60
1445088630 60
1445088630 167
1445088666 167
1445088666 60
1445088666 167
1445088681 58
1445088681 78
1445088681 78
1445088681 60
1445088681 60
1445088681 167
1445088705 58
1445088705 78
1445088705 78
1445088705 60
1445088705 60
1445088705 167
1445088707 167
1445088707 1
1445088707 167
1445088708 66
1445088718 167
1445088719 66
1445088738 58
1445088738 78
1445088738 78
1445088738 60
1445088738 60
1445088738 167
1445088739 167
1445088739 1
1445088745 58
1445088745 78
1445088745 78
1445088745 60
1445088745 60
1445088745 167
1445088747 167
1445088747 1
1445088754 58
1445088754 78
1445088754 78
1445088754 60
1445088754 60
1445088754 167
1445088756 167
1445088756 1
1445088756 0
1445088756 120
1445088756 120
1445088756 102
1445088756 147
1445088810 160
1445088810 60
