1445092193 42
1445092193 38
1445092193 40
1445092193 41
1445092193 29
1445092193 23
1445092194 7
1445092194 25
1445092194 34
1445092194 37
1445092194 36
1445092194 31
1445092194 27
1445092194 19
1445092194 16
1445092194 17
1445092195 5
1445092195 18
1445092195 13
1445092195 17
1445092196 21
1445092196 14
1445092196 19
1445092196 16
1445092196 5
1445092196 18
1445092196 13
1445092199 21
1445092199 18
1445092200 19
1445092200 16
1445092200 17
1445092200 5
1445092200 13
1445092200 18
1445092200 13
1445092201 21
1445092201 9
1445092202 21
1445092202 18
1445092202 13
1445092204 21
1445092204 18
1445092204 13
1445092207 21
1445092207 18
1445092207 13
1445092211 21
1445092211 18
1445092211 13
1445092213 17
1445092213 19
1445092213 16
1445092213 5
1445092213 18
1445092215 21
1445092216 13
1445092216 8
1445092216 19
1445092216 16
1445092216 5
1445092216 18
1445092216 13
1445092239 21
1445092239 10
1445092250 21
1445092250 11
1445092250 26
1445092250 12
1445092286 33
1445092286 28
1445092286 43
1445092302 6
1445092302 15
1445092412 35
1445092412 39
1445092412 45
1445092412 4
1445092412 1
1445092412 56
1445092412 58
1445092412 58
1445092412 48
1445092412 59
1445092412 46
1445092412 65
1445092412 32
1445092412 61
1445092412 60
1445092412 64
1445092412 62
1445092412 63
1445092412 47
1445092412 54
1445092412 55
1445092412 55
1445092412 67
1445092412 67
1445092412 51
1445092412 69
1445092412 68
1445092412 66
1445092412 49
1445092412 53
1445092412 -1
1445092434 2
1445092454 3
1445092474 3
1445092494 3
1445092514 3
1445092534 3
1445092554 3
1445092558 24
1445092558 57
1445092558 52
1445092558 44
1445092558 50
1445092558 20
1445092558 30
1445092574 3
1445092594 3
1445092614 3
1445092634 3
1445092654 3
1445092674 3
1445092694 3
1445092714 3
1445092734 3
1445092754 3
1445092774 3
1445092777 22
1445092794 3
1445092814 3
1445092834 3
1445092854 3
1445092874 3
1445092894 3
1445092914 3
1445092934 3
1445092954 3
1445092974 3
1445092994 3
1445093014 3
1445093034 3
1445093054 3
1445093074 3
