1445092193 8
1445092193 147
1445092193 16
1445092193 102
1445092193 83
1445092193 8
1445092194 147
1445092194 160
1445092194 82
1445092194 67
1445092194 154
1445092194 0
1445092194 58
1445092194 78
1445092194 78
1445092194 58
1445092195 60
1445092195 60
1445092195 167
1445092195 58
1445092196 167
1445092196 1
1445092196 78
1445092196 78
1445092196 60
1445092196 60
1445092196 167
1445092199 167
1445092199 60
1445092200 78
1445092200 78
1445092200 58
1445092200 60
1445092200 167
1445092200 60
1445092200 167
1445092201 167
1445092201 1
1445092202 167
1445092202 60
1445092202 167
1445092204 167
1445092204 60
1445092204 167
1445092207 167
1445092207 60
1445092207 167
1445092211 167
1445092211 60
1445092211 167
1445092213 58
1445092213 78
1445092213 78
1445092213 60
1445092213 60
1445092215 167
1445092216 167
1445092216 1
1445092216 78
1445092216 78
1445092216 60
1445092216 60
1445092216 167
1445092239 167
1445092239 1
1445092250 167
1445092250 1
1445092250 58
1445092250 0
1445092286 120
1445092286 120
1445092286 102
1445092302 160
1445092302 60
1445092412 14
1445092412 162
1445092412 142
1445092412 168
1445092412 20
1445092412 53
1445092412 15
1445092412 15
1445092412 44
1445092412 12
1445092412 91
1445092412 31
1445092412 36
1445092412 164
1445092412 106
1445092412 4
1445092412 106
1445092412 106
1445092412 144
1445092412 53
1445092412 53
1445092412 53
1445092412 51
1445092412 51
1445092412 152
1445092412 51
1445092412 136
1445092412 51
1445092412 152
1445092412 15
1445092412 170
1445092434 169
1445092454 33
1445092474 33
1445092494 33
1445092514 33
1445092534 33
1445092554 33
1445092558 168
1445092558 158
1445092558 117
1445092558 117
1445092558 149
1445092558 168
1445092558 168
1445092574 33
1445092594 33
1445092614 33
1445092634 33
1445092654 33
1445092674 33
1445092694 33
1445092714 33
1445092734 33
1445092754 33
1445092774 33
1445092777 129
1445092794 33
1445092814 33
1445092834 33
1445092854 33
1445092874 33
1445092894 33
1445092914 33
1445092934 33
1445092954 33
1445092974 33
1445092994 33
1445093014 33
1445093034 33
1445093054 33
1445093074 33
