1445076963 8
1445076964 147
1445076964 16
1445076964 102
1445076964 83
1445076964 8
1445076964 147
1445076965 160
1445076966 82
1445076966 67
1445076966 22
1445076966 102
1445076966 3
1445076966 75
1445076966 25
1445076966 25
1445076966 154
1445076970 102
1445076970 25
1445076970 25
1445076970 102
1445076979 75
1445076979 25
1445076981 102
1445076981 25
1445076981 25
1445076981 102
1445076990 75
1445076990 25
1445076992 102
1445076992 25
1445076992 25
1445076992 102
1445077002 75
1445077002 25
1445077003 102
1445077003 25
1445077003 25
1445077003 102
1445077013 75
1445077013 25
1445077015 102
1445077015 25
1445077015 25
1445077015 102
1445077028 75
1445077028 25
1445077030 102
1445077030 25
1445077030 25
1445077030 102
1445077039 75
1445077039 25
1445077040 102
1445077040 25
1445077040 25
1445077040 102
1445077050 75
1445077050 25
1445077051 67
1445077051 102
1445077051 25
1445077051 25
1445077063 75
1445077063 102
1445077063 160
1445077103 129
1445077104 3
