1445094608 20
1445094608 11
1445094608 17
1445094608 21
1445094608 6
1445094608 4
1445094609 2
1445094610 3
1445094610 8
1445094610 10
1445094611 7
1445094611 28
1445094611 9
1445094611 24
1445094611 19
1445094611 22
1445094611 13
1445094614 18
1445094614 14
1445094614 15
1445094614 28
1445094624 27
1445094624 16
1445094627 18
1445094627 14
1445094627 15
1445094627 28
1445094636 27
1445094636 16
1445094640 18
1445094640 14
1445094640 15
1445094640 28
1445094649 27
1445094649 16
1445094660 18
1445094660 14
1445094660 15
1445094660 28
1445094669 27
1445094669 16
1445094680 18
1445094680 14
1445094680 15
1445094680 28
1445094689 27
1445094689 16
1445094704 18
1445094704 14
1445094704 15
1445094704 28
1445094708 12
1445094713 27
1445094713 16
1445094713 18
1445094713 14
1445094713 15
1445094714 26
1445094714 23
1445094714 1
1445094739 5
1445094739 25
