1445094608 8
1445094608 147
1445094608 16
1445094608 102
1445094608 83
1445094608 8
1445094609 147
1445094610 160
1445094610 82
1445094610 67
1445094611 22
1445094611 102
1445094611 3
1445094611 75
1445094611 25
1445094611 25
1445094611 154
1445094614 102
1445094614 25
1445094614 25
1445094614 102
1445094624 75
1445094624 25
1445094627 102
1445094627 25
1445094627 25
1445094627 102
1445094636 75
1445094636 25
1445094640 102
1445094640 25
1445094640 25
1445094640 102
1445094649 75
1445094649 25
1445094660 102
1445094660 25
1445094660 25
1445094660 102
1445094669 75
1445094669 25
1445094680 102
1445094680 25
1445094680 25
1445094680 102
1445094689 75
1445094689 25
1445094704 102
1445094704 25
1445094704 25
1445094704 102
1445094708 67
1445094713 75
1445094713 25
1445094713 102
1445094713 25
1445094713 25
1445094714 75
1445094714 102
1445094714 160
1445094739 129
1445094739 3
