1445067886 23
1445067886 12
1445067886 17
1445067886 26
1445067886 6
1445067886 5
1445067887 2
1445067888 4
1445067889 8
1445067889 14
1445067891 7
1445067891 30
1445067891 9
1445067891 22
1445067891 28
1445067891 21
1445067891 13
1445067908 27
1445067908 16
1445067908 18
1445067908 30
1445067930 29
1445067930 20
1445067950 27
1445067950 16
1445067950 18
1445067950 30
1445067971 29
1445067971 20
1445067979 27
1445067979 16
1445067979 18
1445067979 30
1445067998 29
1445067998 20
1445068004 27
1445068004 16
1445068004 18
1445068004 30
1445068023 29
1445068023 20
1445068032 27
1445068032 16
1445068032 18
1445068032 30
1445068052 29
1445068052 20
1445068060 27
1445068060 16
1445068060 18
1445068060 30
1445068074 29
1445068074 20
1445068077 27
1445068077 16
1445068077 18
1445068077 30
1445068092 29
1445068092 20
1445068098 11
1445068098 27
1445068098 16
1445068098 18
1445068109 31
1445068109 24
1445068109 1
1445068148 3
1445068152 25
1445068152 19
1445068152 15
1445068152 10
