1445163426 44
1445163426 44
1445163426 44
1445163426 44
1445163427 44
1445163427 44
1445163427 44
1445163427 44
1445163427 44
1445163427 44
1445163427 44
1445163427 44
1445163427 44
1445163427 44
1445163427 44
1445163427 44
1445163427 44
1445163427 44
1445163427 44
1445163427 44
1445163427 44
1445163427 5
1445163427 29
1445163427 14
1445163427 24
1445163427 15
1445163427 20
1445163427 18
1445163427 27
1445163427 11
1445163427 35
1445163427 36
1445163427 26
1445163427 23
1445163427 12
1445163427 44
1445163427 44
1445163427 3
1445163427 29
1445163427 14
1445163427 21
1445163427 20
1445163427 18
1445163427 27
1445163427 11
1445163427 35
1445163427 36
1445163427 26
1445163427 23
1445163427 12
1445163427 44
1445163428 44
1445163428 44
1445163428 44
1445163428 44
1445163428 44
1445163428 44
1445163428 44
1445163428 44
1445163428 44
1445163428 44
1445163428 44
1445163428 44
1445163428 44
1445163428 44
1445163428 44
1445163428 9
1445163428 44
1445163428 44
1445163428 44
1445163428 44
1445163428 44
1445163428 44
1445163428 44
1445163428 42
1445163428 1
1445163428 39
1445163428 44
1445163428 44
1445163428 44
1445163428 44
1445163428 44
1445163428 44
1445163428 44
1445163428 44
1445163428 44
1445163428 44
1445163428 44
1445163429 44
1445163429 44
1445163429 44
1445163429 44
1445163429 44
1445163429 44
1445163429 44
1445163429 44
1445163429 44
1445163429 44
1445163429 44
1445163429 44
1445163429 44
1445163429 44
1445163429 44
1445163429 44
1445163429 44
1445163429 44
1445163429 44
1445163429 44
1445163429 44
1445163429 44
1445163429 44
1445163429 44
1445163429 44
1445163429 44
1445163429 44
1445163429 44
1445163429 44
1445163429 44
1445163429 44
1445163429 44
1445163429 44
1445163429 44
1445163429 44
1445163429 44
1445163429 44
1445163429 44
1445163429 44
1445163429 44
1445163429 44
1445163429 44
1445163429 44
1445163429 44
1445163429 44
1445163429 44
1445163429 44
1445163429 44
1445163429 44
1445163429 44
1445163429 44
1445163429 44
1445163430 44
1445163430 44
1445163430 44
1445163430 44
1445163431 44
1445163431 44
1445163431 44
1445163431 44
1445163431 44
1445163431 44
1445163431 44
1445163431 44
1445163431 44
1445163431 44
1445163431 44
1445163431 44
1445163431 44
1445163431 44
1445163431 44
1445163431 44
1445163431 44
1445163431 44
1445163431 44
1445163431 44
1445163431 44
1445163431 44
1445163431 44
1445163431 44
1445163431 44
1445163431 44
1445163431 44
1445163431 44
1445163431 44
1445163431 44
1445163431 44
1445163431 44
1445163431 44
1445163431 44
1445163431 44
1445163431 44
1445163431 44
1445163431 44
1445163431 44
1445163431 44
1445163431 44
1445163431 44
1445163432 44
1445163432 44
1445163432 44
1445163433 44
1445163433 44
1445163433 44
1445163433 44
1445163433 44
1445163433 44
1445163433 44
1445163433 44
1445163433 44
1445163433 44
1445163433 44
1445163434 44
1445163434 44
1445163434 44
1445163434 44
1445163434 44
1445163434 44
1445163434 44
1445163434 44
1445163434 44
1445163434 44
1445163434 44
1445163434 44
1445163434 44
1445163434 44
1445163434 44
1445163434 44
1445163434 44
1445163434 44
1445163434 44
1445163434 44
1445163434 44
1445163434 44
1445163434 44
1445163434 44
1445163434 44
1445163434 44
1445163434 44
1445163435 44
1445163435 44
1445163435 44
1445163436 44
1445163436 44
1445163436 44
1445163436 44
1445163436 44
1445163437 44
1445163437 44
1445163437 44
1445163437 44
1445163437 44
1445163438 44
1445163438 44
1445163438 44
1445163438 44
1445163438 44
1445163438 44
1445163438 44
1445163438 44
1445163438 44
1445163438 44
1445163438 44
1445163438 44
1445163438 44
1445163438 44
1445163438 44
1445163438 44
1445163439 44
1445163439 44
1445163439 44
1445163440 44
1445163440 44
1445163440 44
1445163440 44
1445163440 44
1445163441 44
1445163441 44
1445163441 44
1445163441 44
1445163441 44
1445163441 44
1445163441 44
1445163441 44
1445163441 44
1445163441 44
1445163441 44
1445163441 44
1445163441 44
1445163441 44
1445163441 44
1445163441 44
1445163442 44
1445163442 44
1445163442 44
1445163442 44
1445163442 44
1445163442 44
1445163443 44
1445163443 44
1445163443 44
1445163443 44
1445163444 44
1445163444 44
1445163444 44
1445163444 44
1445163444 44
1445163445 44
1445163445 44
1445163445 44
1445163445 44
1445163445 44
1445163445 44
1445163445 44
1445163445 44
1445163445 44
1445163445 44
1445163445 44
1445163445 44
1445163445 44
1445163445 44
1445163445 44
1445163445 44
1445163446 44
1445163446 44
1445163446 44
1445163446 44
1445163446 44
1445163447 44
1445163447 44
1445163447 44
1445163447 44
1445163447 44
1445163447 44
1445163447 44
1445163447 44
1445163447 44
1445163447 44
1445163447 44
1445163447 44
1445163447 44
1445163447 44
1445163447 44
1445163447 44
1445163447 44
1445163447 44
1445163447 44
1445163448 44
1445163448 44
1445163448 44
1445163448 44
1445163449 44
1445163449 44
1445163449 44
1445163449 44
1445163449 44
1445163449 44
1445163450 44
1445163450 44
1445163450 44
1445163450 44
1445163451 44
1445163451 44
1445163451 44
1445163452 44
1445163452 44
1445163452 44
1445163452 44
1445163452 44
1445163452 44
1445163452 44
1445163453 44
1445163453 44
1445163453 44
1445163453 44
1445163454 44
1445163454 44
1445163454 44
1445163455 44
1445163455 44
1445163455 44
1445163455 44
1445163455 44
1445163455 44
1445163455 44
1445163456 44
1445163456 44
1445163456 44
1445163456 44
1445163457 44
1445163457 44
1445163457 44
1445163458 44
1445163458 44
1445163458 44
1445163458 44
1445163459 44
1445163459 44
1445163459 44
1445163459 44
1445163460 44
1445163460 44
1445163461 44
1445163461 44
1445163461 44
1445163461 44
1445163461 44
1445163461 44
1445163462 44
1445163462 44
1445163462 44
1445163462 44
1445163463 44
1445163463 44
1445163464 44
1445163464 44
1445163464 44
1445163464 44
1445163464 44
1445163464 44
1445163464 44
1445163465 44
1445163465 44
1445163465 44
1445163465 44
1445163466 44
1445163466 44
1445163466 44
1445163467 44
1445163467 44
1445163467 44
1445163467 44
1445163467 44
1445163467 44
1445163468 44
1445163468 44
1445163468 44
1445163468 44
1445163468 44
1445163468 44
1445163469 44
1445163469 44
1445163469 44
1445163470 44
1445163470 44
1445163470 44
1445163470 44
1445163471 44
1445163471 44
1445163471 44
1445163471 44
1445163471 44
1445163471 44
1445163471 44
1445163472 44
1445163472 44
1445163472 44
1445163473 44
1445163473 44
1445163473 44
1445163473 44
1445163473 44
1445163474 44
1445163474 44
1445163474 44
1445163474 44
1445163474 44
1445163475 44
1445163475 44
1445163475 44
1445163475 44
1445163476 44
1445163476 44
1445163476 44
1445163476 44
1445163476 44
1445163476 44
1445163477 44
1445163477 44
1445163477 44
1445163477 44
1445163478 44
1445163478 44
1445163478 44
1445163478 44
1445163479 44
1445163479 44
1445163479 44
1445163479 44
1445163479 44
1445163479 44
1445163480 44
1445163480 44
1445163480 44
1445163480 44
1445163480 44
1445163481 44
1445163481 44
1445163481 44
1445163482 44
1445163482 44
1445163482 44
1445163482 44
1445163482 44
1445163482 44
1445163483 44
1445163483 44
1445163483 44
1445163483 44
1445163483 44
1445163483 44
1445163483 44
1445163483 44
1445163483 44
1445163483 44
1445163483 44
1445163483 44
1445163483 44
1445163483 44
1445163483 44
1445163483 44
1445163483 44
1445163483 44
1445163483 44
1445163484 44
1445163485 44
1445163485 44
1445163485 44
1445163485 44
1445163486 44
1445163486 44
1445163486 44
1445163486 44
1445163486 44
1445163486 44
1445163486 44
1445163487 44
1445163488 44
1445163488 44
1445163489 44
1445163489 44
1445163489 44
1445163489 44
1445163489 44
1445163490 44
1445163491 44
1445163491 44
1445163492 44
1445163492 44
1445163492 44
1445163492 44
1445163492 44
1445163493 44
1445163493 44
1445163493 44
1445163494 44
1445163494 44
1445163495 44
1445163495 44
1445163495 44
1445163495 44
1445163496 44
1445163496 44
1445163496 44
1445163496 44
1445163497 44
1445163497 44
1445163498 44
1445163498 44
1445163498 44
1445163499 44
1445163499 44
1445163499 44
1445163500 44
1445163500 44
1445163500 44
1445163501 44
1445163501 44
1445163501 44
1445163501 44
1445163502 44
1445163502 44
1445163503 44
1445163503 44
1445163503 44
1445163503 44
1445163504 44
1445163504 44
1445163504 44
1445163504 44
1445163505 44
1445163506 44
1445163506 44
1445163506 44
1445163507 44
1445163507 44
1445163507 44
1445163507 44
1445163507 44
1445163508 44
1445163508 44
1445163508 44
1445163509 44
1445163509 44
1445163509 44
1445163509 44
1445163510 44
1445163510 44
1445163510 44
1445163510 44
1445163510 44
1445163510 44
1445163511 44
1445163511 44
1445163512 44
1445163512 44
1445163513 44
1445163513 44
1445163513 44
1445163513 44
1445163514 44
1445163514 44
1445163514 44
1445163515 44
1445163515 44
1445163516 44
1445163516 44
1445163516 44
1445163516 44
1445163516 44
1445163517 44
1445163517 44
1445163518 44
1445163518 44
1445163518 44
1445163519 44
1445163519 44
1445163519 44
1445163519 44
1445163520 44
1445163520 44
1445163521 44
1445163521 44
1445163521 44
1445163522 44
1445163522 44
1445163522 44
1445163522 44
1445163522 44
1445163523 44
1445163523 44
1445163524 44
1445163525 44
1445163525 44
1445163525 44
1445163525 44
1445163525 44
1445163525 44
1445163525 44
1445163526 44
1445163527 44
1445163527 44
1445163528 44
1445163528 44
1445163528 44
1445163528 44
1445163528 44
1445163528 44
1445163529 44
1445163529 44
1445163529 44
1445163530 44
1445163531 44
1445163531 44
1445163531 44
1445163531 44
1445163531 44
1445163532 44
1445163532 44
1445163532 44
1445163532 44
1445163532 44
1445163532 44
1445163532 44
1445163532 44
1445163532 44
1445163532 44
1445163532 44
1445163532 44
1445163532 44
1445163532 44
1445163532 44
1445163532 44
1445163532 44
1445163532 44
1445163533 44
1445163533 44
1445163533 44
1445163533 44
1445163533 44
1445163533 44
1445163533 44
1445163533 44
1445163534 44
1445163534 44
1445163534 44
1445163534 44
1445163534 44
1445163534 44
1445163534 32
1445163534 31
1445163534 -1
1445163534 44
1445163534 44
1445163534 44
1445163534 44
1445163534 44
1445163534 44
1445163534 44
1445163534 44
1445163534 44
1445163534 44
1445163534 44
1445163534 44
1445163534 44
1445163534 44
1445163534 44
1445163535 44
1445163535 44
1445163536 44
1445163536 44
1445163537 44
1445163537 44
1445163537 44
1445163537 44
1445163537 44
1445163537 44
1445163537 44
1445163537 44
1445163538 44
1445163539 44
1445163539 44
1445163539 44
1445163540 44
1445163540 44
1445163540 44
1445163540 44
1445163541 44
1445163541 44
1445163542 44
1445163542 44
1445163543 44
1445163543 44
1445163543 44
1445163543 44
1445163543 44
1445163544 44
1445163544 44
1445163545 44
1445163546 44
1445163546 44
1445163546 44
1445163546 44
1445163546 44
1445163546 44
1445163546 44
1445163547 44
1445163547 44
1445163547 44
1445163547 44
1445163547 44
1445163547 44
1445163547 44
1445163547 44
1445163547 44
1445163547 44
1445163547 44
1445163547 44
1445163547 44
1445163547 44
1445163547 44
1445163547 44
1445163547 44
1445163548 44
1445163548 44
1445163548 44
1445163548 44
1445163548 44
1445163548 44
1445163548 44
1445163548 44
1445163548 44
1445163548 44
1445163548 44
1445163548 44
1445163548 44
1445163548 44
1445163549 44
1445163549 44
1445163549 44
1445163549 44
1445163549 32
1445163549 31
1445163549 -1
1445163549 44
1445163549 44
1445163549 44
1445163549 44
1445163549 44
1445163549 44
1445163549 44
1445163549 44
1445163549 44
1445163549 44
1445163549 44
1445163549 44
1445163549 44
1445163549 44
1445163549 44
1445163549 44
1445163550 44
1445163550 44
1445163550 44
1445163550 44
1445163550 44
1445163550 44
1445163550 32
1445163550 31
1445163550 -1
1445163550 44
1445163550 44
1445163550 44
1445163550 44
1445163550 44
1445163550 44
1445163550 44
1445163550 44
1445163550 44
1445163550 44
1445163550 44
1445163550 44
1445163551 44
1445163551 44
1445163551 44
1445163551 44
1445163551 44
1445163552 44
1445163552 44
1445163552 44
1445163552 44
1445163552 44
1445163552 44
1445163552 44
1445163552 44
1445163552 44
1445163552 44
1445163552 44
1445163552 44
1445163552 44
1445163552 44
1445163552 44
1445163552 44
1445163553 44
1445163553 44
1445163553 44
1445163553 44
1445163553 44
1445163553 44
1445163554 44
1445163554 44
1445163554 44
1445163554 44
1445163554 32
1445163554 31
1445163554 -1
1445163555 44
1445163555 44
1445163555 44
1445163555 44
1445163556 44
1445163556 44
1445163556 44
1445163557 44
1445163557 44
1445163557 44
1445163558 44
1445163558 44
1445163558 44
1445163558 44
1445163559 44
1445163559 44
1445163559 44
1445163559 44
1445163560 44
1445163560 44
1445163560 44
1445163560 44
1445163561 44
1445163561 44
1445163561 44
1445163562 44
1445163562 44
1445163562 44
1445163562 44
1445163562 44
1445163562 44
1445163562 44
1445163562 44
1445163562 44
1445163562 44
1445163563 44
1445163563 44
1445163563 44
1445163563 44
1445163563 44
1445163564 44
1445163564 44
1445163564 44
1445163564 44
1445163564 44
1445163564 44
1445163564 44
1445163564 44
1445163564 44
1445163564 44
1445163564 44
1445163564 44
1445163564 44
1445163564 44
1445163564 44
1445163564 44
1445163565 44
1445163565 44
1445163565 44
1445163565 44
1445163565 44
1445163566 44
1445163566 44
1445163566 44
1445163566 44
1445163566 44
1445163566 44
1445163567 44
1445163567 44
1445163567 44
1445163567 44
1445163567 44
1445163568 44
1445163568 44
1445163568 44
1445163568 44
1445163568 44
1445163568 44
1445163568 44
1445163568 44
1445163568 44
1445163568 44
1445163568 44
1445163568 44
1445163568 44
1445163569 44
1445163569 44
1445163569 44
1445163569 44
1445163569 44
1445163570 44
1445163570 44
1445163570 44
1445163570 32
1445163570 31
1445163570 -1
1445163570 44
1445163570 44
1445163570 44
1445163571 44
1445163571 44
1445163571 44
1445163571 44
1445163572 44
1445163572 44
1445163572 44
1445163572 44
1445163573 44
1445163573 44
1445163573 44
1445163574 44
1445163574 44
1445163574 44
1445163574 44
1445163574 44
1445163575 44
1445163575 44
1445163575 44
1445163576 44
1445163576 44
1445163576 44
1445163576 44
1445163577 44
1445163577 44
1445163577 44
1445163577 44
1445163577 44
1445163577 44
1445163577 44
1445163578 44
1445163578 44
1445163578 44
1445163578 44
1445163578 44
1445163578 44
1445163578 44
1445163578 44
1445163578 44
1445163579 44
1445163579 44
1445163579 44
1445163579 44
1445163579 44
1445163579 44
1445163579 44
1445163579 44
1445163579 44
1445163579 44
1445163579 44
1445163579 44
1445163579 44
1445163579 44
1445163579 44
1445163580 44
1445163580 44
1445163580 44
1445163580 44
1445163581 44
1445163581 44
1445163581 44
1445163581 44
1445163581 44
1445163581 44
1445163582 44
1445163582 44
1445163582 44
1445163582 44
1445163582 44
1445163582 44
1445163583 44
1445163583 44
1445163583 44
1445163584 44
1445163584 44
1445163584 44
1445163584 44
1445163584 44
1445163585 44
1445163585 44
1445163585 44
1445163586 44
1445163586 44
1445163586 44
1445163586 44
1445163587 44
1445163587 44
1445163587 44
1445163588 44
1445163588 44
1445163588 44
1445163588 44
1445163588 44
1445163589 44
1445163589 44
1445163589 44
1445163589 44
1445163590 44
1445163590 44
1445163590 44
1445163590 44
1445163591 44
1445163591 44
1445163591 44
1445163591 44
1445163592 44
1445163592 44
1445163592 44
1445163592 44
1445163592 44
1445163593 44
1445163593 44
1445163593 44
1445163593 44
1445163593 44
1445163593 44
1445163593 44
1445163593 44
1445163593 44
1445163593 44
1445163593 44
1445163593 44
1445163594 44
1445163594 44
1445163594 44
1445163594 44
1445163594 44
1445163594 44
1445163594 44
1445163594 44
1445163594 44
1445163594 44
1445163594 44
1445163594 44
1445163594 44
1445163594 44
1445163594 44
1445163595 44
1445163595 44
1445163595 44
1445163595 44
1445163595 44
1445163595 44
1445163596 44
1445163596 44
1445163596 44
1445163596 44
1445163596 44
1445163596 44
1445163597 44
1445163597 44
1445163597 44
1445163597 44
1445163598 44
1445163598 44
1445163598 44
1445163598 44
1445163599 44
1445163599 44
1445163599 44
1445163599 44
1445163599 44
1445163600 44
1445163600 44
1445163600 44
1445163600 44
1445163601 44
1445163601 44
1445163601 44
1445163602 44
1445163602 44
1445163602 44
1445163602 44
1445163602 44
1445163603 44
1445163603 44
1445163603 44
1445163603 44
1445163603 44
1445163603 44
1445163604 44
1445163604 44
1445163604 44
1445163605 44
1445163605 44
1445163605 44
1445163605 44
1445163605 44
1445163606 44
1445163606 44
1445163606 44
1445163606 44
1445163606 44
1445163607 44
1445163607 44
1445163607 44
1445163608 44
1445163608 44
1445163608 44
1445163608 44
1445163608 44
1445163609 44
1445163609 44
1445163609 44
1445163609 44
1445163609 44
1445163609 44
1445163610 44
1445163610 44
1445163610 44
1445163611 44
1445163611 44
1445163611 44
1445163611 44
1445163612 44
1445163612 44
1445163612 44
1445163612 44
1445163612 44
1445163612 44
1445163612 44
1445163613 44
1445163613 44
1445163613 44
1445163614 44
1445163614 44
1445163614 44
1445163614 44
1445163615 44
1445163615 44
1445163615 44
1445163615 44
1445163615 44
1445163615 44
1445163616 44
1445163616 44
1445163616 44
1445163617 44
1445163617 44
1445163617 44
1445163617 44
1445163618 44
1445163618 44
1445163618 44
1445163618 44
1445163618 44
1445163618 44
1445163619 44
1445163619 44
1445163619 44
1445163619 44
1445163620 44
1445163620 44
1445163620 44
1445163620 44
1445163621 44
1445163621 44
1445163621 44
1445163621 44
1445163621 44
1445163622 44
1445163622 44
1445163622 44
1445163622 44
1445163622 44
1445163623 44
1445163623 44
1445163623 44
1445163623 44
1445163624 44
1445163624 44
1445163624 44
1445163624 44
1445163624 44
1445163625 44
1445163625 44
1445163625 44
1445163625 44
1445163626 44
1445163626 44
1445163626 44
1445163626 44
1445163626 44
1445163627 44
1445163627 44
1445163627 44
1445163627 44
1445163627 44
1445163628 44
1445163628 44
1445163628 44
1445163629 44
1445163629 44
1445163629 44
1445163629 44
1445163629 44
1445163629 44
1445163630 44
1445163630 44
1445163630 44
1445163630 44
1445163630 44
1445163631 44
1445163631 44
1445163631 44
1445163632 44
1445163632 44
1445163632 44
1445163632 44
1445163632 44
1445163633 44
1445163633 44
1445163633 44
1445163633 44
1445163633 44
1445163633 44
1445163634 44
1445163634 44
1445163634 44
1445163635 44
1445163635 44
1445163635 44
1445163635 44
1445163636 44
1445163636 44
1445163636 44
1445163636 44
1445163636 44
1445163636 44
1445163636 44
1445163637 44
1445163637 44
1445163637 44
1445163638 44
1445163638 44
1445163638 44
1445163638 44
1445163639 44
1445163639 44
1445163639 44
1445163639 44
1445163639 44
1445163639 44
1445163640 44
1445163640 44
1445163640 44
1445163640 44
1445163641 44
1445163641 44
1445163641 44
1445163642 44
1445163642 44
1445163642 44
1445163642 44
1445163642 44
1445163642 44
1445163643 44
1445163643 44
1445163643 44
1445163643 44
1445163644 44
1445163644 44
1445163644 44
1445163644 44
1445163645 44
1445163645 44
1445163645 44
1445163645 44
1445163646 44
1445163646 44
1445163646 44
1445163646 44
1445163646 44
1445163646 44
1445163647 44
1445163647 44
1445163647 44
1445163647 44
1445163648 44
1445163648 44
1445163648 44
1445163648 44
1445163649 44
1445163649 44
1445163649 44
1445163649 44
1445163650 44
1445163650 44
1445163650 44
1445163650 44
1445163650 44
1445163651 44
1445163651 44
1445163651 44
1445163651 44
1445163652 44
1445163652 44
1445163652 44
1445163652 44
1445163652 44
1445163653 44
1445163653 44
1445163653 44
1445163654 44
1445163654 44
1445163654 44
1445163654 44
1445163654 44
1445163654 44
1445163654 44
1445163654 44
1445163654 44
1445163654 44
1445163654 44
1445163654 44
1445163654 44
1445163654 44
1445163654 44
1445163654 44
1445163654 44
1445163654 44
1445163654 44
1445163654 44
1445163654 44
1445163655 44
1445163655 44
1445163655 44
1445163655 44
1445163655 44
1445163655 44
1445163655 44
1445163655 44
1445163655 2
1445163655 44
1445163655 44
1445163656 44
1445163656 44
1445163656 44
1445163656 44
1445163656 44
1445163656 32
1445163656 31
1445163656 -1
1445163656 44
1445163657 44
1445163657 44
1445163657 8
1445163657 34
1445163657 41
1445163657 40
1445163657 33
1445163657 37
1445163657 30
1445163657 28
1445163657 22
1445163657 13
1445163657 19
1445163657 17
1445163657 44
1445163657 44
1445163658 44
1445163658 44
1445163658 44
1445163658 44
1445163658 44
1445163658 44
1445163659 44
1445163659 44
1445163659 44
1445163659 44
1445163659 44
1445163659 32
1445163659 31
1445163659 -1
1445163659 44
1445163660 44
1445163660 44
1445163660 44
1445163661 44
1445163661 44
1445163661 44
1445163662 44
1445163662 44
1445163662 44
1445163662 44
1445163662 44
1445163663 44
1445163663 44
1445163663 44
1445163663 44
1445163664 44
1445163664 44
1445163664 44
1445163665 44
1445163665 44
1445163665 44
1445163665 44
1445163666 44
1445163666 44
1445163666 44
1445163666 44
1445163666 44
1445163667 44
1445163667 44
1445163667 44
1445163668 44
1445163668 44
1445163669 44
1445163669 44
1445163669 44
1445163669 44
1445163669 44
1445163669 44
1445163669 44
1445163670 44
1445163670 44
1445163670 44
1445163670 44
1445163670 44
1445163670 44
1445163670 44
1445163670 44
1445163670 44
1445163670 44
1445163670 44
1445163670 44
1445163670 44
1445163670 44
1445163670 44
1445163670 44
1445163670 44
1445163670 44
1445163670 44
1445163671 44
1445163671 44
1445163671 44
1445163671 44
1445163671 44
1445163671 44
1445163671 2
1445163671 44
1445163672 44
1445163672 44
1445163672 44
1445163672 44
1445163672 44
1445163672 32
1445163672 31
1445163672 -1
1445163672 44
1445163672 8
1445163672 34
1445163672 41
1445163672 40
1445163672 33
1445163672 37
1445163672 30
1445163672 28
1445163672 22
1445163672 13
1445163672 19
1445163672 17
1445163672 44
1445163673 44
1445163673 44
1445163673 44
1445163673 44
1445163673 44
1445163673 44
1445163674 44
1445163674 44
1445163674 44
1445163674 44
1445163674 32
1445163674 31
1445163674 -1
1445163675 44
1445163675 44
1445163675 44
1445163676 44
1445163676 44
1445163676 44
1445163676 44
1445163676 44
1445163676 44
1445163677 44
1445163678 44
1445163678 44
1445163678 44
1445163679 44
1445163679 44
1445163679 44
1445163679 44
1445163679 44
1445163679 44
1445163680 44
1445163681 44
1445163681 44
1445163681 44
1445163682 44
1445163682 44
1445163682 44
1445163682 44
1445163682 44
1445163683 44
1445163683 44
1445163684 44
1445163684 44
1445163684 44
1445163685 44
1445163685 44
1445163685 44
1445163686 44
1445163686 44
1445163686 44
1445163686 44
1445163686 44
1445163686 44
1445163686 44
1445163686 44
1445163686 44
1445163686 44
1445163686 44
1445163686 44
1445163686 44
1445163686 44
1445163686 44
1445163686 44
1445163686 44
1445163686 44
1445163686 44
1445163686 44
1445163687 44
1445163687 44
1445163687 44
1445163687 44
1445163687 2
1445163687 44
1445163687 44
1445163687 44
1445163687 44
1445163688 44
1445163688 8
1445163688 34
1445163688 41
1445163688 40
1445163688 33
1445163688 37
1445163688 30
1445163688 28
1445163688 22
1445163688 13
1445163688 19
1445163688 17
1445163688 44
1445163688 44
1445163688 44
1445163688 44
1445163688 44
1445163688 44
1445163688 32
1445163688 31
1445163688 -1
1445163688 44
1445163688 32
1445163688 31
1445163688 -1
1445163688 44
1445163689 44
1445163689 44
1445163689 44
1445163690 44
1445163690 44
1445163691 44
1445163691 44
1445163691 44
1445163692 44
1445163693 44
1445163693 44
1445163693 44
1445163693 44
1445163694 44
1445163694 44
1445163694 44
1445163695 44
1445163696 44
1445163696 44
1445163696 44
1445163697 44
1445163697 44
1445163697 44
1445163697 44
1445163698 44
1445163699 44
1445163699 44
1445163700 44
1445163700 44
1445163700 44
1445163700 44
1445163700 44
1445163701 44
1445163702 44
1445163702 44
1445163703 44
1445163703 44
1445163703 44
1445163703 44
1445163703 44
1445163703 44
1445163703 44
1445163703 44
1445163703 44
1445163703 44
1445163703 44
1445163703 44
1445163703 44
1445163703 44
1445163703 44
1445163703 44
1445163703 44
1445163703 44
1445163704 44
1445163704 44
1445163704 44
1445163704 44
1445163704 44
1445163704 44
1445163704 32
1445163704 31
1445163704 -1
1445163704 44
1445163704 44
1445163704 44
1445163704 2
1445163704 44
1445163705 44
1445163705 44
1445163705 44
1445163706 44
1445163706 44
1445163706 8
1445163706 34
1445163706 41
1445163706 40
1445163706 33
1445163706 37
1445163706 30
1445163706 28
1445163706 22
1445163706 13
1445163706 19
1445163706 17
1445163706 44
1445163707 44
1445163708 44
1445163708 44
1445163709 44
1445163709 44
1445163709 44
1445163709 44
1445163709 44
1445163709 32
1445163709 31
1445163709 -1
1445163709 44
1445163710 44
1445163711 44
1445163711 44
1445163712 44
1445163712 44
1445163712 44
1445163713 44
1445163714 44
1445163714 44
1445163715 44
1445163715 44
1445163716 44
1445163716 44
1445163717 44
1445163717 44
1445163718 44
1445163718 44
1445163719 44
1445163719 44
1445163719 44
1445163719 44
1445163719 44
1445163719 44
1445163719 44
1445163719 44
1445163719 44
1445163719 44
1445163719 44
1445163719 44
1445163719 44
1445163719 44
1445163720 44
1445163720 44
1445163720 44
1445163720 44
1445163720 44
1445163720 44
1445163720 44
1445163720 2
1445163720 44
1445163720 44
1445163720 44
1445163721 44
1445163721 8
1445163721 34
1445163721 41
1445163721 40
1445163721 33
1445163721 37
1445163721 30
1445163721 28
1445163721 22
1445163721 13
1445163721 19
1445163721 17
1445163721 44
1445163721 44
1445163721 44
1445163721 44
1445163721 44
1445163721 32
1445163721 31
1445163721 -1
1445163721 44
1445163722 44
1445163722 44
1445163722 44
1445163722 32
1445163722 31
1445163722 -1
1445163724 44
1445163727 44
1445163730 44
1445163734 44
1445163737 44
1445163740 44
1445163743 44
1445163746 44
1445163749 44
1445163752 44
1445163755 44
1445163758 44
1445163761 44
1445163764 44
1445163767 44
1445163770 44
1445163773 44
1445163776 44
1445163779 44
1445163782 44
1445163783 44
1445163783 44
1445163783 44
1445163783 44
1445163783 44
1445163783 44
1445163783 44
1445163783 44
1445163783 44
1445163783 44
1445163783 44
1445163783 44
1445163783 44
1445163783 44
1445163783 44
1445163783 44
1445163783 44
1445163783 44
1445163783 44
1445163783 44
1445163783 44
1445163783 44
1445163783 44
1445163783 44
1445163783 44
1445163783 44
1445163784 44
1445163784 10
1445163784 44
1445163785 44
1445163785 10
1445163785 44
1445163785 25
1445163785 44
1445163785 25
1445163785 44
1445163785 7
1445163785 43
1445163785 44
1445163785 6
1445163785 38
1445163785 44
1445163785 4
1445163785 16
1445163785 44
1445163785 44
1445163785 44
1445163785 44
1445163786 44
1445163786 44
1445163786 44
1445163786 44
1445163786 44
1445163786 44
