1445163426 35
1445163426 35
1445163426 35
1445163426 35
1445163427 35
1445163427 35
1445163427 35
1445163427 35
1445163427 35
1445163427 35
1445163427 35
1445163427 35
1445163427 35
1445163427 35
1445163427 35
1445163427 35
1445163427 35
1445163427 35
1445163427 35
1445163427 35
1445163427 35
1445163427 8
1445163427 101
1445163427 72
1445163427 153
1445163427 98
1445163427 98
1445163427 98
1445163427 126
1445163427 98
1445163427 9
1445163427 137
1445163427 128
1445163427 98
1445163427 98
1445163427 35
1445163427 35
1445163427 82
1445163427 101
1445163427 72
1445163427 98
1445163427 98
1445163427 98
1445163427 126
1445163427 98
1445163427 9
1445163427 137
1445163427 128
1445163427 98
1445163427 98
1445163427 35
1445163428 35
1445163428 35
1445163428 35
1445163428 35
1445163428 35
1445163428 35
1445163428 35
1445163428 35
1445163428 35
1445163428 35
1445163428 35
1445163428 35
1445163428 35
1445163428 35
1445163428 35
1445163428 8
1445163428 35
1445163428 35
1445163428 35
1445163428 35
1445163428 35
1445163428 35
1445163428 35
1445163428 64
1445163428 5
1445163428 64
1445163428 35
1445163428 35
1445163428 35
1445163428 35
1445163428 35
1445163428 35
1445163428 35
1445163428 35
1445163428 35
1445163428 35
1445163428 35
1445163429 35
1445163429 35
1445163429 35
1445163429 35
1445163429 35
1445163429 35
1445163429 35
1445163429 35
1445163429 35
1445163429 35
1445163429 35
1445163429 35
1445163429 35
1445163429 35
1445163429 35
1445163429 35
1445163429 35
1445163429 35
1445163429 35
1445163429 35
1445163429 35
1445163429 35
1445163429 35
1445163429 35
1445163429 35
1445163429 35
1445163429 35
1445163429 35
1445163429 35
1445163429 35
1445163429 35
1445163429 35
1445163429 35
1445163429 35
1445163429 35
1445163429 35
1445163429 35
1445163429 35
1445163429 35
1445163429 35
1445163429 35
1445163429 35
1445163429 35
1445163429 35
1445163429 35
1445163429 35
1445163429 35
1445163429 35
1445163429 35
1445163429 35
1445163429 35
1445163429 35
1445163430 35
1445163430 35
1445163430 35
1445163430 35
1445163431 35
1445163431 35
1445163431 35
1445163431 35
1445163431 35
1445163431 35
1445163431 35
1445163431 35
1445163431 35
1445163431 35
1445163431 35
1445163431 35
1445163431 35
1445163431 35
1445163431 35
1445163431 35
1445163431 35
1445163431 35
1445163431 35
1445163431 35
1445163431 35
1445163431 35
1445163431 35
1445163431 35
1445163431 35
1445163431 35
1445163431 35
1445163431 35
1445163431 35
1445163431 35
1445163431 35
1445163431 35
1445163431 35
1445163431 35
1445163431 35
1445163431 35
1445163431 35
1445163431 35
1445163431 35
1445163431 35
1445163431 35
1445163431 35
1445163432 35
1445163432 35
1445163432 35
1445163433 35
1445163433 35
1445163433 35
1445163433 35
1445163433 35
1445163433 35
1445163433 35
1445163433 35
1445163433 35
1445163433 35
1445163433 35
1445163434 35
1445163434 35
1445163434 35
1445163434 35
1445163434 35
1445163434 35
1445163434 35
1445163434 35
1445163434 35
1445163434 35
1445163434 35
1445163434 35
1445163434 35
1445163434 35
1445163434 35
1445163434 35
1445163434 35
1445163434 35
1445163434 35
1445163434 35
1445163434 35
1445163434 35
1445163434 35
1445163434 35
1445163434 35
1445163434 35
1445163434 35
1445163435 35
1445163435 35
1445163435 35
1445163436 35
1445163436 35
1445163436 35
1445163436 35
1445163436 35
1445163437 35
1445163437 35
1445163437 35
1445163437 35
1445163437 35
1445163438 35
1445163438 35
1445163438 35
1445163438 35
1445163438 35
1445163438 35
1445163438 35
1445163438 35
1445163438 35
1445163438 35
1445163438 35
1445163438 35
1445163438 35
1445163438 35
1445163438 35
1445163438 35
1445163439 35
1445163439 35
1445163439 35
1445163440 35
1445163440 35
1445163440 35
1445163440 35
1445163440 35
1445163441 35
1445163441 35
1445163441 35
1445163441 35
1445163441 35
1445163441 35
1445163441 35
1445163441 35
1445163441 35
1445163441 35
1445163441 35
1445163441 35
1445163441 35
1445163441 35
1445163441 35
1445163441 35
1445163442 35
1445163442 35
1445163442 35
1445163442 35
1445163442 35
1445163442 35
1445163443 35
1445163443 35
1445163443 35
1445163443 35
1445163444 35
1445163444 35
1445163444 35
1445163444 35
1445163444 35
1445163445 35
1445163445 35
1445163445 35
1445163445 35
1445163445 35
1445163445 35
1445163445 35
1445163445 35
1445163445 35
1445163445 35
1445163445 35
1445163445 35
1445163445 35
1445163445 35
1445163445 35
1445163445 35
1445163446 35
1445163446 35
1445163446 35
1445163446 35
1445163446 35
1445163447 35
1445163447 35
1445163447 35
1445163447 35
1445163447 35
1445163447 35
1445163447 35
1445163447 35
1445163447 35
1445163447 35
1445163447 35
1445163447 35
1445163447 35
1445163447 35
1445163447 35
1445163447 35
1445163447 35
1445163447 35
1445163447 35
1445163448 35
1445163448 35
1445163448 35
1445163448 35
1445163449 35
1445163449 35
1445163449 35
1445163449 35
1445163449 35
1445163449 35
1445163450 35
1445163450 35
1445163450 35
1445163450 35
1445163451 35
1445163451 35
1445163451 35
1445163452 35
1445163452 35
1445163452 35
1445163452 35
1445163452 35
1445163452 35
1445163452 35
1445163453 35
1445163453 35
1445163453 35
1445163453 35
1445163454 35
1445163454 35
1445163454 35
1445163455 35
1445163455 35
1445163455 35
1445163455 35
1445163455 35
1445163455 35
1445163455 35
1445163456 35
1445163456 35
1445163456 35
1445163456 35
1445163457 35
1445163457 35
1445163457 35
1445163458 35
1445163458 35
1445163458 35
1445163458 35
1445163459 35
1445163459 35
1445163459 35
1445163459 35
1445163460 35
1445163460 35
1445163461 35
1445163461 35
1445163461 35
1445163461 35
1445163461 35
1445163461 35
1445163462 35
1445163462 35
1445163462 35
1445163462 35
1445163463 35
1445163463 35
1445163464 35
1445163464 35
1445163464 35
1445163464 35
1445163464 35
1445163464 35
1445163464 35
1445163465 35
1445163465 35
1445163465 35
1445163465 35
1445163466 35
1445163466 35
1445163466 35
1445163467 35
1445163467 35
1445163467 35
1445163467 35
1445163467 35
1445163467 35
1445163468 35
1445163468 35
1445163468 35
1445163468 35
1445163468 35
1445163468 35
1445163469 35
1445163469 35
1445163469 35
1445163470 35
1445163470 35
1445163470 35
1445163470 35
1445163471 35
1445163471 35
1445163471 35
1445163471 35
1445163471 35
1445163471 35
1445163471 35
1445163472 35
1445163472 35
1445163472 35
1445163473 35
1445163473 35
1445163473 35
1445163473 35
1445163473 35
1445163474 35
1445163474 35
1445163474 35
1445163474 35
1445163474 35
1445163475 35
1445163475 35
1445163475 35
1445163475 35
1445163476 35
1445163476 35
1445163476 35
1445163476 35
1445163476 35
1445163476 35
1445163477 35
1445163477 35
1445163477 35
1445163477 35
1445163478 35
1445163478 35
1445163478 35
1445163478 35
1445163479 35
1445163479 35
1445163479 35
1445163479 35
1445163479 35
1445163479 35
1445163480 35
1445163480 35
1445163480 35
1445163480 35
1445163480 35
1445163481 35
1445163481 35
1445163481 35
1445163482 35
1445163482 35
1445163482 35
1445163482 35
1445163482 35
1445163482 35
1445163483 35
1445163483 35
1445163483 35
1445163483 35
1445163483 35
1445163483 35
1445163483 35
1445163483 35
1445163483 35
1445163483 35
1445163483 35
1445163483 35
1445163483 35
1445163483 35
1445163483 35
1445163483 35
1445163483 35
1445163483 35
1445163483 35
1445163484 35
1445163485 35
1445163485 35
1445163485 35
1445163485 35
1445163486 35
1445163486 35
1445163486 35
1445163486 35
1445163486 35
1445163486 35
1445163486 35
1445163487 35
1445163488 35
1445163488 35
1445163489 35
1445163489 35
1445163489 35
1445163489 35
1445163489 35
1445163490 35
1445163491 35
1445163491 35
1445163492 35
1445163492 35
1445163492 35
1445163492 35
1445163492 35
1445163493 35
1445163493 35
1445163493 35
1445163494 35
1445163494 35
1445163495 35
1445163495 35
1445163495 35
1445163495 35
1445163496 35
1445163496 35
1445163496 35
1445163496 35
1445163497 35
1445163497 35
1445163498 35
1445163498 35
1445163498 35
1445163499 35
1445163499 35
1445163499 35
1445163500 35
1445163500 35
1445163500 35
1445163501 35
1445163501 35
1445163501 35
1445163501 35
1445163502 35
1445163502 35
1445163503 35
1445163503 35
1445163503 35
1445163503 35
1445163504 35
1445163504 35
1445163504 35
1445163504 35
1445163505 35
1445163506 35
1445163506 35
1445163506 35
1445163507 35
1445163507 35
1445163507 35
1445163507 35
1445163507 35
1445163508 35
1445163508 35
1445163508 35
1445163509 35
1445163509 35
1445163509 35
1445163509 35
1445163510 35
1445163510 35
1445163510 35
1445163510 35
1445163510 35
1445163510 35
1445163511 35
1445163511 35
1445163512 35
1445163512 35
1445163513 35
1445163513 35
1445163513 35
1445163513 35
1445163514 35
1445163514 35
1445163514 35
1445163515 35
1445163515 35
1445163516 35
1445163516 35
1445163516 35
1445163516 35
1445163516 35
1445163517 35
1445163517 35
1445163518 35
1445163518 35
1445163518 35
1445163519 35
1445163519 35
1445163519 35
1445163519 35
1445163520 35
1445163520 35
1445163521 35
1445163521 35
1445163521 35
1445163522 35
1445163522 35
1445163522 35
1445163522 35
1445163522 35
1445163523 35
1445163523 35
1445163524 35
1445163525 35
1445163525 35
1445163525 35
1445163525 35
1445163525 35
1445163525 35
1445163525 35
1445163526 35
1445163527 35
1445163527 35
1445163528 35
1445163528 35
1445163528 35
1445163528 35
1445163528 35
1445163528 35
1445163529 35
1445163529 35
1445163529 35
1445163530 35
1445163531 35
1445163531 35
1445163531 35
1445163531 35
1445163531 35
1445163532 35
1445163532 35
1445163532 35
1445163532 35
1445163532 35
1445163532 35
1445163532 35
1445163532 35
1445163532 35
1445163532 35
1445163532 35
1445163532 35
1445163532 35
1445163532 35
1445163532 35
1445163532 35
1445163532 35
1445163532 35
1445163533 35
1445163533 35
1445163533 35
1445163533 35
1445163533 35
1445163533 35
1445163533 35
1445163533 35
1445163534 35
1445163534 35
1445163534 35
1445163534 35
1445163534 35
1445163534 35
1445163534 113
1445163534 119
1445163534 170
1445163534 35
1445163534 35
1445163534 35
1445163534 35
1445163534 35
1445163534 35
1445163534 35
1445163534 35
1445163534 35
1445163534 35
1445163534 35
1445163534 35
1445163534 35
1445163534 35
1445163534 35
1445163535 35
1445163535 35
1445163536 35
1445163536 35
1445163537 35
1445163537 35
1445163537 35
1445163537 35
1445163537 35
1445163537 35
1445163537 35
1445163537 35
1445163538 35
1445163539 35
1445163539 35
1445163539 35
1445163540 35
1445163540 35
1445163540 35
1445163540 35
1445163541 35
1445163541 35
1445163542 35
1445163542 35
1445163543 35
1445163543 35
1445163543 35
1445163543 35
1445163543 35
1445163544 35
1445163544 35
1445163545 35
1445163546 35
1445163546 35
1445163546 35
1445163546 35
1445163546 35
1445163546 35
1445163546 35
1445163547 35
1445163547 35
1445163547 35
1445163547 35
1445163547 35
1445163547 35
1445163547 35
1445163547 35
1445163547 35
1445163547 35
1445163547 35
1445163547 35
1445163547 35
1445163547 35
1445163547 35
1445163547 35
1445163547 35
1445163548 35
1445163548 35
1445163548 35
1445163548 35
1445163548 35
1445163548 35
1445163548 35
1445163548 35
1445163548 35
1445163548 35
1445163548 35
1445163548 35
1445163548 35
1445163548 35
1445163549 35
1445163549 35
1445163549 35
1445163549 35
1445163549 113
1445163549 119
1445163549 170
1445163549 35
1445163549 35
1445163549 35
1445163549 35
1445163549 35
1445163549 35
1445163549 35
1445163549 35
1445163549 35
1445163549 35
1445163549 35
1445163549 35
1445163549 35
1445163549 35
1445163549 35
1445163549 35
1445163550 35
1445163550 35
1445163550 35
1445163550 35
1445163550 35
1445163550 35
1445163550 113
1445163550 119
1445163550 170
1445163550 35
1445163550 35
1445163550 35
1445163550 35
1445163550 35
1445163550 35
1445163550 35
1445163550 35
1445163550 35
1445163550 35
1445163550 35
1445163550 35
1445163551 35
1445163551 35
1445163551 35
1445163551 35
1445163551 35
1445163552 35
1445163552 35
1445163552 35
1445163552 35
1445163552 35
1445163552 35
1445163552 35
1445163552 35
1445163552 35
1445163552 35
1445163552 35
1445163552 35
1445163552 35
1445163552 35
1445163552 35
1445163552 35
1445163553 35
1445163553 35
1445163553 35
1445163553 35
1445163553 35
1445163553 35
1445163554 35
1445163554 35
1445163554 35
1445163554 35
1445163554 113
1445163554 119
1445163554 170
1445163555 35
1445163555 35
1445163555 35
1445163555 35
1445163556 35
1445163556 35
1445163556 35
1445163557 35
1445163557 35
1445163557 35
1445163558 35
1445163558 35
1445163558 35
1445163558 35
1445163559 35
1445163559 35
1445163559 35
1445163559 35
1445163560 35
1445163560 35
1445163560 35
1445163560 35
1445163561 35
1445163561 35
1445163561 35
1445163562 35
1445163562 35
1445163562 35
1445163562 35
1445163562 35
1445163562 35
1445163562 35
1445163562 35
1445163562 35
1445163562 35
1445163563 35
1445163563 35
1445163563 35
1445163563 35
1445163563 35
1445163564 35
1445163564 35
1445163564 35
1445163564 35
1445163564 35
1445163564 35
1445163564 35
1445163564 35
1445163564 35
1445163564 35
1445163564 35
1445163564 35
1445163564 35
1445163564 35
1445163564 35
1445163564 35
1445163565 35
1445163565 35
1445163565 35
1445163565 35
1445163565 35
1445163566 35
1445163566 35
1445163566 35
1445163566 35
1445163566 35
1445163566 35
1445163567 35
1445163567 35
1445163567 35
1445163567 35
1445163567 35
1445163568 35
1445163568 35
1445163568 35
1445163568 35
1445163568 35
1445163568 35
1445163568 35
1445163568 35
1445163568 35
1445163568 35
1445163568 35
1445163568 35
1445163568 35
1445163569 35
1445163569 35
1445163569 35
1445163569 35
1445163569 35
1445163570 35
1445163570 35
1445163570 35
1445163570 113
1445163570 119
1445163570 170
1445163570 35
1445163570 35
1445163570 35
1445163571 35
1445163571 35
1445163571 35
1445163571 35
1445163572 35
1445163572 35
1445163572 35
1445163572 35
1445163573 35
1445163573 35
1445163573 35
1445163574 35
1445163574 35
1445163574 35
1445163574 35
1445163574 35
1445163575 35
1445163575 35
1445163575 35
1445163576 35
1445163576 35
1445163576 35
1445163576 35
1445163577 35
1445163577 35
1445163577 35
1445163577 35
1445163577 35
1445163577 35
1445163577 35
1445163578 35
1445163578 35
1445163578 35
1445163578 35
1445163578 35
1445163578 35
1445163578 35
1445163578 35
1445163578 35
1445163579 35
1445163579 35
1445163579 35
1445163579 35
1445163579 35
1445163579 35
1445163579 35
1445163579 35
1445163579 35
1445163579 35
1445163579 35
1445163579 35
1445163579 35
1445163579 35
1445163579 35
1445163580 35
1445163580 35
1445163580 35
1445163580 35
1445163581 35
1445163581 35
1445163581 35
1445163581 35
1445163581 35
1445163581 35
1445163582 35
1445163582 35
1445163582 35
1445163582 35
1445163582 35
1445163582 35
1445163583 35
1445163583 35
1445163583 35
1445163584 35
1445163584 35
1445163584 35
1445163584 35
1445163584 35
1445163585 35
1445163585 35
1445163585 35
1445163586 35
1445163586 35
1445163586 35
1445163586 35
1445163587 35
1445163587 35
1445163587 35
1445163588 35
1445163588 35
1445163588 35
1445163588 35
1445163588 35
1445163589 35
1445163589 35
1445163589 35
1445163589 35
1445163590 35
1445163590 35
1445163590 35
1445163590 35
1445163591 35
1445163591 35
1445163591 35
1445163591 35
1445163592 35
1445163592 35
1445163592 35
1445163592 35
1445163592 35
1445163593 35
1445163593 35
1445163593 35
1445163593 35
1445163593 35
1445163593 35
1445163593 35
1445163593 35
1445163593 35
1445163593 35
1445163593 35
1445163593 35
1445163594 35
1445163594 35
1445163594 35
1445163594 35
1445163594 35
1445163594 35
1445163594 35
1445163594 35
1445163594 35
1445163594 35
1445163594 35
1445163594 35
1445163594 35
1445163594 35
1445163594 35
1445163595 35
1445163595 35
1445163595 35
1445163595 35
1445163595 35
1445163595 35
1445163596 35
1445163596 35
1445163596 35
1445163596 35
1445163596 35
1445163596 35
1445163597 35
1445163597 35
1445163597 35
1445163597 35
1445163598 35
1445163598 35
1445163598 35
1445163598 35
1445163599 35
1445163599 35
1445163599 35
1445163599 35
1445163599 35
1445163600 35
1445163600 35
1445163600 35
1445163600 35
1445163601 35
1445163601 35
1445163601 35
1445163602 35
1445163602 35
1445163602 35
1445163602 35
1445163602 35
1445163603 35
1445163603 35
1445163603 35
1445163603 35
1445163603 35
1445163603 35
1445163604 35
1445163604 35
1445163604 35
1445163605 35
1445163605 35
1445163605 35
1445163605 35
1445163605 35
1445163606 35
1445163606 35
1445163606 35
1445163606 35
1445163606 35
1445163607 35
1445163607 35
1445163607 35
1445163608 35
1445163608 35
1445163608 35
1445163608 35
1445163608 35
1445163609 35
1445163609 35
1445163609 35
1445163609 35
1445163609 35
1445163609 35
1445163610 35
1445163610 35
1445163610 35
1445163611 35
1445163611 35
1445163611 35
1445163611 35
1445163612 35
1445163612 35
1445163612 35
1445163612 35
1445163612 35
1445163612 35
1445163612 35
1445163613 35
1445163613 35
1445163613 35
1445163614 35
1445163614 35
1445163614 35
1445163614 35
1445163615 35
1445163615 35
1445163615 35
1445163615 35
1445163615 35
1445163615 35
1445163616 35
1445163616 35
1445163616 35
1445163617 35
1445163617 35
1445163617 35
1445163617 35
1445163618 35
1445163618 35
1445163618 35
1445163618 35
1445163618 35
1445163618 35
1445163619 35
1445163619 35
1445163619 35
1445163619 35
1445163620 35
1445163620 35
1445163620 35
1445163620 35
1445163621 35
1445163621 35
1445163621 35
1445163621 35
1445163621 35
1445163622 35
1445163622 35
1445163622 35
1445163622 35
1445163622 35
1445163623 35
1445163623 35
1445163623 35
1445163623 35
1445163624 35
1445163624 35
1445163624 35
1445163624 35
1445163624 35
1445163625 35
1445163625 35
1445163625 35
1445163625 35
1445163626 35
1445163626 35
1445163626 35
1445163626 35
1445163626 35
1445163627 35
1445163627 35
1445163627 35
1445163627 35
1445163627 35
1445163628 35
1445163628 35
1445163628 35
1445163629 35
1445163629 35
1445163629 35
1445163629 35
1445163629 35
1445163629 35
1445163630 35
1445163630 35
1445163630 35
1445163630 35
1445163630 35
1445163631 35
1445163631 35
1445163631 35
1445163632 35
1445163632 35
1445163632 35
1445163632 35
1445163632 35
1445163633 35
1445163633 35
1445163633 35
1445163633 35
1445163633 35
1445163633 35
1445163634 35
1445163634 35
1445163634 35
1445163635 35
1445163635 35
1445163635 35
1445163635 35
1445163636 35
1445163636 35
1445163636 35
1445163636 35
1445163636 35
1445163636 35
1445163636 35
1445163637 35
1445163637 35
1445163637 35
1445163638 35
1445163638 35
1445163638 35
1445163638 35
1445163639 35
1445163639 35
1445163639 35
1445163639 35
1445163639 35
1445163639 35
1445163640 35
1445163640 35
1445163640 35
1445163640 35
1445163641 35
1445163641 35
1445163641 35
1445163642 35
1445163642 35
1445163642 35
1445163642 35
1445163642 35
1445163642 35
1445163643 35
1445163643 35
1445163643 35
1445163643 35
1445163644 35
1445163644 35
1445163644 35
1445163644 35
1445163645 35
1445163645 35
1445163645 35
1445163645 35
1445163646 35
1445163646 35
1445163646 35
1445163646 35
1445163646 35
1445163646 35
1445163647 35
1445163647 35
1445163647 35
1445163647 35
1445163648 35
1445163648 35
1445163648 35
1445163648 35
1445163649 35
1445163649 35
1445163649 35
1445163649 35
1445163650 35
1445163650 35
1445163650 35
1445163650 35
1445163650 35
1445163651 35
1445163651 35
1445163651 35
1445163651 35
1445163652 35
1445163652 35
1445163652 35
1445163652 35
1445163652 35
1445163653 35
1445163653 35
1445163653 35
1445163654 35
1445163654 35
1445163654 35
1445163654 35
1445163654 35
1445163654 35
1445163654 35
1445163654 35
1445163654 35
1445163654 35
1445163654 35
1445163654 35
1445163654 35
1445163654 35
1445163654 35
1445163654 35
1445163654 35
1445163654 35
1445163654 35
1445163654 35
1445163654 35
1445163655 35
1445163655 35
1445163655 35
1445163655 35
1445163655 35
1445163655 35
1445163655 35
1445163655 35
1445163655 89
1445163655 35
1445163655 35
1445163656 35
1445163656 35
1445163656 35
1445163656 35
1445163656 35
1445163656 113
1445163656 119
1445163656 170
1445163656 35
1445163657 35
1445163657 35
1445163657 36
1445163657 164
1445163657 106
1445163657 4
1445163657 106
1445163657 106
1445163657 61
1445163657 15
1445163657 61
1445163657 61
1445163657 61
1445163657 61
1445163657 35
1445163657 35
1445163658 35
1445163658 35
1445163658 35
1445163658 35
1445163658 35
1445163658 35
1445163659 35
1445163659 35
1445163659 35
1445163659 35
1445163659 35
1445163659 113
1445163659 119
1445163659 170
1445163659 35
1445163660 35
1445163660 35
1445163660 35
1445163661 35
1445163661 35
1445163661 35
1445163662 35
1445163662 35
1445163662 35
1445163662 35
1445163662 35
1445163663 35
1445163663 35
1445163663 35
1445163663 35
1445163664 35
1445163664 35
1445163664 35
1445163665 35
1445163665 35
1445163665 35
1445163665 35
1445163666 35
1445163666 35
1445163666 35
1445163666 35
1445163666 35
1445163667 35
1445163667 35
1445163667 35
1445163668 35
1445163668 35
1445163669 35
1445163669 35
1445163669 35
1445163669 35
1445163669 35
1445163669 35
1445163669 35
1445163670 35
1445163670 35
1445163670 35
1445163670 35
1445163670 35
1445163670 35
1445163670 35
1445163670 35
1445163670 35
1445163670 35
1445163670 35
1445163670 35
1445163670 35
1445163670 35
1445163670 35
1445163670 35
1445163670 35
1445163670 35
1445163670 35
1445163671 35
1445163671 35
1445163671 35
1445163671 35
1445163671 35
1445163671 35
1445163671 89
1445163671 35
1445163672 35
1445163672 35
1445163672 35
1445163672 35
1445163672 35
1445163672 113
1445163672 119
1445163672 170
1445163672 35
1445163672 36
1445163672 164
1445163672 106
1445163672 4
1445163672 106
1445163672 106
1445163672 61
1445163672 15
1445163672 61
1445163672 61
1445163672 61
1445163672 61
1445163672 35
1445163673 35
1445163673 35
1445163673 35
1445163673 35
1445163673 35
1445163673 35
1445163674 35
1445163674 35
1445163674 35
1445163674 35
1445163674 113
1445163674 119
1445163674 170
1445163675 35
1445163675 35
1445163675 35
1445163676 35
1445163676 35
1445163676 35
1445163676 35
1445163676 35
1445163676 35
1445163677 35
1445163678 35
1445163678 35
1445163678 35
1445163679 35
1445163679 35
1445163679 35
1445163679 35
1445163679 35
1445163679 35
1445163680 35
1445163681 35
1445163681 35
1445163681 35
1445163682 35
1445163682 35
1445163682 35
1445163682 35
1445163682 35
1445163683 35
1445163683 35
1445163684 35
1445163684 35
1445163684 35
1445163685 35
1445163685 35
1445163685 35
1445163686 35
1445163686 35
1445163686 35
1445163686 35
1445163686 35
1445163686 35
1445163686 35
1445163686 35
1445163686 35
1445163686 35
1445163686 35
1445163686 35
1445163686 35
1445163686 35
1445163686 35
1445163686 35
1445163686 35
1445163686 35
1445163686 35
1445163686 35
1445163687 35
1445163687 35
1445163687 35
1445163687 35
1445163687 89
1445163687 35
1445163687 35
1445163687 35
1445163687 35
1445163688 35
1445163688 36
1445163688 164
1445163688 106
1445163688 4
1445163688 106
1445163688 106
1445163688 61
1445163688 15
1445163688 61
1445163688 61
1445163688 61
1445163688 61
1445163688 35
1445163688 35
1445163688 35
1445163688 35
1445163688 35
1445163688 35
1445163688 113
1445163688 119
1445163688 170
1445163688 35
1445163688 113
1445163688 119
1445163688 170
1445163688 35
1445163689 35
1445163689 35
1445163689 35
1445163690 35
1445163690 35
1445163691 35
1445163691 35
1445163691 35
1445163692 35
1445163693 35
1445163693 35
1445163693 35
1445163693 35
1445163694 35
1445163694 35
1445163694 35
1445163695 35
1445163696 35
1445163696 35
1445163696 35
1445163697 35
1445163697 35
1445163697 35
1445163697 35
1445163698 35
1445163699 35
1445163699 35
1445163700 35
1445163700 35
1445163700 35
1445163700 35
1445163700 35
1445163701 35
1445163702 35
1445163702 35
1445163703 35
1445163703 35
1445163703 35
1445163703 35
1445163703 35
1445163703 35
1445163703 35
1445163703 35
1445163703 35
1445163703 35
1445163703 35
1445163703 35
1445163703 35
1445163703 35
1445163703 35
1445163703 35
1445163703 35
1445163703 35
1445163704 35
1445163704 35
1445163704 35
1445163704 35
1445163704 35
1445163704 35
1445163704 113
1445163704 119
1445163704 170
1445163704 35
1445163704 35
1445163704 35
1445163704 89
1445163704 35
1445163705 35
1445163705 35
1445163705 35
1445163706 35
1445163706 35
1445163706 36
1445163706 164
1445163706 106
1445163706 4
1445163706 106
1445163706 106
1445163706 61
1445163706 15
1445163706 61
1445163706 61
1445163706 61
1445163706 61
1445163706 35
1445163707 35
1445163708 35
1445163708 35
1445163709 35
1445163709 35
1445163709 35
1445163709 35
1445163709 35
1445163709 113
1445163709 119
1445163709 170
1445163709 35
1445163710 35
1445163711 35
1445163711 35
1445163712 35
1445163712 35
1445163712 35
1445163713 35
1445163714 35
1445163714 35
1445163715 35
1445163715 35
1445163716 35
1445163716 35
1445163717 35
1445163717 35
1445163718 35
1445163718 35
1445163719 35
1445163719 35
1445163719 35
1445163719 35
1445163719 35
1445163719 35
1445163719 35
1445163719 35
1445163719 35
1445163719 35
1445163719 35
1445163719 35
1445163719 35
1445163719 35
1445163720 35
1445163720 35
1445163720 35
1445163720 35
1445163720 35
1445163720 35
1445163720 35
1445163720 89
1445163720 35
1445163720 35
1445163720 35
1445163721 35
1445163721 36
1445163721 164
1445163721 106
1445163721 4
1445163721 106
1445163721 106
1445163721 61
1445163721 15
1445163721 61
1445163721 61
1445163721 61
1445163721 61
1445163721 35
1445163721 35
1445163721 35
1445163721 35
1445163721 35
1445163721 113
1445163721 119
1445163721 170
1445163721 35
1445163722 35
1445163722 35
1445163722 35
1445163722 113
1445163722 119
1445163722 170
1445163724 35
1445163727 35
1445163730 35
1445163734 35
1445163737 35
1445163740 35
1445163743 35
1445163746 35
1445163749 35
1445163752 35
1445163755 35
1445163758 35
1445163761 35
1445163764 35
1445163767 35
1445163770 35
1445163773 35
1445163776 35
1445163779 35
1445163782 35
1445163783 35
1445163783 35
1445163783 35
1445163783 35
1445163783 35
1445163783 35
1445163783 35
1445163783 35
1445163783 35
1445163783 35
1445163783 35
1445163783 35
1445163783 35
1445163783 35
1445163783 35
1445163783 35
1445163783 35
1445163783 35
1445163783 35
1445163783 35
1445163783 35
1445163783 35
1445163783 35
1445163783 35
1445163783 35
1445163783 35
1445163784 35
1445163784 17
1445163784 35
1445163785 35
1445163785 17
1445163785 35
1445163785 130
1445163785 35
1445163785 130
1445163785 35
1445163785 34
1445163785 70
1445163785 35
1445163785 34
1445163785 130
1445163785 35
1445163785 34
1445163785 17
1445163785 35
1445163785 35
1445163785 35
1445163785 35
1445163786 35
1445163786 35
1445163786 35
1445163786 35
1445163786 35
1445163786 35
