1445088602 26
1445088602 10
1445088602 18
1445088602 25
1445088602 6
1445088602 4
1445088603 2
1445088604 3
1445088605 7
1445088605 11
1445088605 8
1445088605 31
1445088605 9
1445088605 23
1445088605 21
1445088605 24
1445088605 14
1445088608 27
1445088608 16
1445088608 20
1445088608 31
1445088619 29
1445088619 17
1445088621 27
1445088621 16
1445088621 20
1445088621 31
1445088631 29
1445088637 17
1445088638 27
1445088638 16
1445088638 20
1445088638 31
1445088647 29
1445088647 17
1445088649 27
1445088649 16
1445088649 20
1445088649 31
1445088658 29
1445088658 17
1445088660 27
1445088660 16
1445088660 20
1445088660 31
1445088669 29
1445088669 17
1445088670 27
1445088670 16
1445088670 20
1445088670 31
1445088671 13
1445088679 29
1445088679 17
1445088679 27
1445088679 16
1445088679 20
1445088681 30
1445088681 28
1445088681 1
1445088703 5
1445088704 22
1445088704 15
1445088704 19
1445088704 12
