1445089883 18
1445089884 10
1445089884 15
1445089884 22
1445089884 6
1445089884 3
1445089884 2
1445089885 4
1445089885 7
1445089885 11
1445089886 8
1445089886 26
1445089886 12
1445089886 20
1445089886 25
1445089886 19
1445089886 9
1445089890 23
1445089890 14
1445089890 16
1445089890 26
1445089902 28
1445089902 17
1445089909 23
1445089909 14
1445089909 16
1445089909 26
1445089917 28
1445089917 17
1445089926 23
1445089926 14
1445089926 16
1445089926 26
1445089934 28
1445089934 17
1445089939 23
1445089939 14
1445089939 16
1445089939 26
1445089948 28
1445089948 17
1445089955 23
1445089955 14
1445089955 16
1445089955 26
1445089963 28
1445089963 17
1445089968 23
1445089968 14
1445089968 16
1445089968 26
1445089969 13
1445089976 28
1445089976 17
1445089976 23
1445089976 14
1445089976 16
1445089978 27
1445089978 24
1445089978 1
1445090006 5
1445090006 21
