1445235703 23
1445235703 13
1445235703 16
1445235703 21
1445235703 6
1445235703 3
1445235704 2
1445235705 5
1445235706 8
1445235706 14
1445235707 7
1445235707 31
1445235707 9
1445235707 28
1445235707 24
1445235707 26
1445235707 10
1445235709 27
1445235709 18
1445235709 15
1445235709 31
1445235716 29
1445235716 19
1445235717 27
1445235717 18
1445235717 15
1445235717 31
1445235725 29
1445235725 19
1445235726 27
1445235726 18
1445235726 15
1445235726 31
1445235734 29
1445235734 19
1445235735 27
1445235735 18
1445235735 15
1445235735 31
1445235743 29
1445235743 19
1445235744 27
1445235744 18
1445235744 15
1445235744 31
1445235751 29
1445235751 19
1445235752 27
1445235752 18
1445235752 15
1445235752 31
1445235752 12
1445235759 29
1445235759 19
1445235759 27
1445235759 18
1445235759 15
1445235760 30
1445235760 25
1445235760 1
1445235782 4
1445235783 22
1445235783 20
1445235783 17
1445235783 11
