1445072794 8
1445072794 147
1445072794 16
1445072794 102
1445072794 83
1445072794 8
1445072794 147
1445072795 160
1445072795 82
1445072795 67
1445072796 22
1445072796 102
1445072796 3
1445072796 75
1445072796 25
1445072796 25
1445072796 154
1445072799 102
1445072799 25
1445072799 25
1445072799 102
1445072807 75
1445072808 25
1445072810 102
1445072810 25
1445072810 25
1445072810 102
1445072819 75
1445072819 25
1445072821 102
1445072821 25
1445072821 25
1445072821 102
1445072832 75
1445072832 25
1445072834 102
1445072834 25
1445072834 25
1445072834 102
1445072843 75
1445072843 25
1445072844 102
1445072844 25
1445072844 25
1445072844 102
1445072854 75
1445072854 25
1445072855 102
1445072855 25
1445072855 25
1445072855 102
1445072864 75
1445072864 25
1445072866 102
1445072866 25
1445072866 25
1445072866 102
1445072874 75
1445072874 25
1445072875 67
1445072875 102
1445072875 25
1445072875 25
1445072882 75
1445072882 102
1445072882 160
1445072922 129
1445072922 3
