1445076853 23
1445076853 11
1445076853 13
1445076853 21
1445076853 5
1445076853 3
1445076854 2
1445076854 4
1445076855 6
1445076855 8
1445076855 7
1445076855 26
1445076855 9
1445076855 19
1445076855 18
1445076855 20
1445076855 12
1445076859 22
1445076859 16
1445076859 14
1445076859 26
1445076870 25
1445076870 15
1445076872 22
1445076872 16
1445076872 14
1445076872 26
1445076881 25
1445076881 15
1445076884 22
1445076884 16
1445076884 14
1445076884 26
1445076893 25
1445076893 15
1445076896 22
1445076896 16
1445076896 14
1445076896 26
1445076906 25
1445076906 15
1445076909 22
1445076909 16
1445076909 14
1445076909 26
1445076918 25
1445076918 15
1445076920 22
1445076920 16
1445076920 14
1445076920 26
1445076929 25
1445076929 15
1445076931 22
1445076931 16
1445076931 14
1445076931 26
1445076939 25
1445076939 15
1445076941 10
1445076941 22
1445076941 16
1445076941 14
1445076949 24
1445076949 17
1445076949 1
