1445076853 8
1445076853 147
1445076853 16
1445076853 102
1445076853 83
1445076853 8
1445076854 147
1445076854 160
1445076855 82
1445076855 67
1445076855 22
1445076855 102
1445076855 3
1445076855 75
1445076855 25
1445076855 25
1445076855 154
1445076859 102
1445076859 25
1445076859 25
1445076859 102
1445076870 75
1445076870 25
1445076872 102
1445076872 25
1445076872 25
1445076872 102
1445076881 75
1445076881 25
1445076884 102
1445076884 25
1445076884 25
1445076884 102
1445076893 75
1445076893 25
1445076896 102
1445076896 25
1445076896 25
1445076896 102
1445076906 75
1445076906 25
1445076909 102
1445076909 25
1445076909 25
1445076909 102
1445076918 75
1445076918 25
1445076920 102
1445076920 25
1445076920 25
1445076920 102
1445076929 75
1445076929 25
1445076931 102
1445076931 25
1445076931 25
1445076931 102
1445076939 75
1445076939 25
1445076941 67
1445076941 102
1445076941 25
1445076941 25
1445076949 75
1445076949 102
1445076949 160
