1445092010 8
1445092010 147
1445092010 16
1445092010 102
1445092010 83
1445092010 8
1445092011 147
1445092014 160
1445092017 82
1445092017 67
1445092021 22
1445092021 102
1445092021 3
1445092021 75
1445092021 25
1445092021 25
1445092021 154
1445092027 102
1445092027 25
1445092027 25
1445092027 102
1445092059 75
1445092059 25
1445092063 102
1445092063 25
1445092063 25
1445092063 102
1445092092 75
1445092093 25
1445092097 102
1445092097 25
1445092097 25
1445092097 102
1445092125 75
1445092125 25
1445092129 102
1445092129 25
1445092129 25
1445092129 102
1445092158 75
1445092158 25
1445092161 102
1445092161 25
1445092161 25
1445092161 102
1445092190 75
1445092190 25
1445092194 102
1445092194 25
1445092194 25
1445092194 102
1445092196 67
1445092222 75
1445092222 25
1445092222 102
1445092222 25
1445092222 25
1445092226 75
1445092226 102
1445092227 160
1445092323 129
1445092324 3
1445092324 16
1445092324 16
1445092324 111
