1445241108 40
1445241109 35
1445241109 36
1445241109 38
1445241109 29
1445241109 23
1445241109 4
1445241110 25
1445241110 31
1445241110 34
1445241110 32
1445241110 27
1445241110 24
1445241110 19
1445241110 16
1445241110 18
1445241111 1
1445241111 17
1445241111 8
1445241111 21
1445241111 12
1445241122 19
1445241122 16
1445241122 18
1445241122 1
1445241122 17
1445241123 8
1445241123 21
1445241123 5
1445241125 19
1445241125 16
1445241125 18
1445241125 1
1445241125 17
1445241126 8
1445241126 21
1445241126 15
1445241126 19
1445241126 16
1445241126 18
1445241126 1
1445241126 17
1445241127 8
1445241127 21
1445241127 14
1445241128 19
1445241128 16
1445241128 18
1445241128 1
1445241128 17
1445241129 8
1445241129 21
1445241129 11
1445241134 19
1445241134 16
1445241134 18
1445241134 1
1445241134 17
1445241134 8
1445241134 21
1445241134 10
1445241135 19
1445241135 16
1445241135 18
1445241135 1
1445241135 17
1445241135 8
1445241135 21
1445241135 10
1445241139 16
1445241139 18
1445241139 19
1445241139 1
1445241139 17
1445241139 8
1445241139 21
1445241139 13
1445241139 16
1445241139 18
1445241139 1
1445241139 17
1445241139 8
1445241140 19
1445241140 21
1445241140 9
1445241140 16
1445241140 18
1445241140 1
1445241140 17
1445241140 8
1445241141 21
1445241141 6
1445241141 26
1445241141 7
1445241141 30
1445241141 28
1445241141 37
1445241141 3
1445241141 20
1445241195 22
1445241195 33
1445241195 2
1445241195 39
