1445094488 25
1445094488 12
1445094488 16
1445094488 21
1445094488 6
1445094488 5
1445094489 2
1445094490 4
1445094491 8
1445094491 9
1445094492 7
1445094492 28
1445094492 10
1445094492 23
1445094492 20
1445094492 19
1445094492 13
1445094495 24
1445094495 17
1445094495 14
1445094495 28
1445094503 26
1445094503 15
1445094504 24
1445094504 17
1445094504 14
1445094504 28
1445094512 26
1445094512 15
1445094513 24
1445094513 17
1445094513 14
1445094513 28
1445094521 26
1445094521 15
1445094522 24
1445094522 17
1445094522 14
1445094522 28
1445094531 26
1445094531 15
1445094532 24
1445094532 17
1445094532 14
1445094532 28
1445094542 26
1445094542 15
1445094543 24
1445094543 17
1445094543 14
1445094543 28
1445094544 11
1445094551 26
1445094552 15
1445094552 24
1445094552 17
1445094552 14
1445094553 27
1445094553 22
1445094553 1
1445094578 3
1445094578 18
