1445067859 21
1445067859 12
1445067859 16
1445067859 24
1445067859 6
1445067859 4
1445067860 2
1445067860 5
1445067861 8
1445067861 11
1445067861 7
1445067861 26
1445067861 10
1445067861 19
1445067861 20
1445067861 18
1445067861 9
1445067870 22
1445067870 17
1445067870 14
1445067870 26
1445067879 27
1445067879 15
1445067885 22
1445067885 17
1445067885 14
1445067885 26
1445067894 27
1445067894 15
1445067899 22
1445067899 17
1445067899 14
1445067899 26
1445067908 27
1445067908 15
1445067911 22
1445067911 17
1445067911 14
1445067911 26
1445067920 27
1445067920 15
1445067925 22
1445067925 17
1445067925 14
1445067925 26
1445067935 27
1445067935 15
1445067938 22
1445067938 17
1445067938 14
1445067938 26
1445067947 27
1445067947 15
1445067950 22
1445067950 17
1445067950 14
1445067950 26
1445067962 27
1445067962 15
1445067965 13
1445067965 22
1445067965 17
1445067965 14
1445067975 28
1445067975 25
1445067975 1
1445068005 3
1445068005 23
