1445241007 15
1445241007 9
1445241007 13
1445241007 16
1445241007 4
1445241008 2
1445241009 1
1445241010 3
1445241012 6
1445241013 8
1445241018 5
1445241019 22
1445241019 7
1445241019 17
1445241019 19
1445241019 18
1445241020 10
1445241032 20
1445241032 11
1445241032 12
1445241032 22
1445241066 21
1445241066 14
1445241075 20
1445241075 11
1445241075 12
1445241075 22
1445241134 21
1445241134 14
1445241146 20
1445241146 11
1445241146 12
1445241146 22
1445241201 21
1445241201 14
1445241216 20
1445241216 11
1445241216 12
1445241216 22
1445241271 21
1445241271 14
1445241281 20
1445241281 11
1445241281 12
1445241281 22
1445241325 21
1445241325 14
1445241339 20
1445241339 11
1445241339 12
1445241339 22
