1445235703 26
1445235703 14
1445235703 16
1445235703 25
1445235703 6
1445235704 5
1445235704 2
1445235705 4
1445235706 7
1445235706 12
1445235706 8
1445235706 31
1445235706 9
1445235706 23
1445235706 22
1445235706 27
1445235706 13
1445235709 28
1445235709 17
1445235709 18
1445235709 31
1445235718 30
1445235718 15
1445235719 28
1445235719 17
1445235719 18
1445235719 31
1445235729 30
1445235729 15
1445235731 28
1445235731 17
1445235731 18
1445235731 31
1445235740 30
1445235740 15
1445235742 28
1445235742 17
1445235742 18
1445235742 31
1445235750 30
1445235750 15
1445235751 28
1445235751 17
1445235751 18
1445235751 31
1445235760 30
1445235761 15
1445235762 28
1445235762 17
1445235762 18
1445235762 31
1445235762 10
1445235771 30
1445235771 15
1445235771 28
1445235771 17
1445235771 18
1445235772 29
1445235772 21
1445235772 1
1445235818 3
1445235818 24
1445235818 20
1445235818 19
1445235818 11
