1445071691 25
1445071691 12
1445071691 19
1445071691 24
1445071691 6
1445071692 4
1445071693 2
1445071695 3
1445071698 8
1445071698 10
1445071699 7
1445071700 31
1445071700 11
1445071700 26
1445071700 23
1445071700 27
1445071700 14
1445071725 28
1445071725 16
1445071725 20
1445071725 31
1445071772 30
1445071772 17
1445071781 28
1445071781 16
1445071781 20
1445071781 31
1445071828 30
1445071828 17
1445071837 28
1445071837 16
1445071837 20
1445071837 31
1445071886 30
1445071886 17
1445071895 28
1445071895 16
1445071895 20
1445071895 31
1445071942 30
1445071943 17
1445071955 28
1445071955 16
1445071955 20
1445071955 31
1445071996 30
1445071996 17
1445072004 28
1445072004 16
1445072004 20
1445072004 31
1445072053 30
1445072053 17
1445072060 28
1445072060 16
1445072060 20
1445072060 31
1445072099 30
1445072099 17
1445072104 9
1445072104 28
1445072104 16
1445072104 20
1445072130 29
1445072131 21
1445072132 1
1445072197 5
1445072197 22
1445072197 15
1445072197 18
1445072197 13
