1445071691 8
1445071691 147
1445071691 16
1445071691 102
1445071691 83
1445071692 8
1445071693 147
1445071695 160
1445071698 82
1445071698 67
1445071699 22
1445071700 102
1445071700 3
1445071700 75
1445071700 25
1445071700 25
1445071700 154
1445071725 102
1445071725 25
1445071725 25
1445071725 102
1445071772 75
1445071772 25
1445071781 102
1445071781 25
1445071781 25
1445071781 102
1445071828 75
1445071828 25
1445071837 102
1445071837 25
1445071837 25
1445071837 102
1445071886 75
1445071886 25
1445071895 102
1445071895 25
1445071895 25
1445071895 102
1445071942 75
1445071943 25
1445071955 102
1445071955 25
1445071955 25
1445071955 102
1445071996 75
1445071996 25
1445072004 102
1445072004 25
1445072004 25
1445072004 102
1445072053 75
1445072053 25
1445072060 102
1445072060 25
1445072060 25
1445072060 102
1445072099 75
1445072099 25
1445072104 67
1445072104 102
1445072104 25
1445072104 25
1445072130 75
1445072131 102
1445072132 160
1445072197 129
1445072197 3
1445072197 16
1445072197 16
1445072197 111
