1445071679 18
1445071679 8
1445071679 14
1445071679 17
1445071679 5
1445071680 4
1445071681 2
1445071684 3
1445071685 6
1445071686 11
1445071690 7
1445071691 26
1445071691 9
1445071691 23
1445071691 21
1445071691 22
1445071691 10
1445071713 20
1445071713 15
1445071713 13
1445071713 26
1445071762 25
1445071763 16
1445071771 20
1445071771 15
1445071771 13
1445071771 26
1445071817 25
1445071818 16
1445071825 20
1445071825 15
1445071825 13
1445071825 26
1445071868 25
1445071869 16
1445071877 20
1445071877 15
1445071877 13
1445071877 26
1445071924 25
1445071924 16
1445071932 20
1445071932 15
1445071932 13
1445071932 26
1445071969 25
1445071969 16
1445071975 20
1445071975 15
1445071975 13
1445071975 26
1445072022 25
1445072023 16
1445072030 20
1445072030 15
1445072030 13
1445072030 26
1445072073 25
1445072073 16
1445072078 12
1445072078 20
1445072078 15
1445072078 13
1445072107 24
1445072108 19
1445072109 1
