1445071679 8
1445071679 147
1445071679 16
1445071679 102
1445071679 83
1445071680 8
1445071681 147
1445071684 160
1445071685 82
1445071686 67
1445071690 22
1445071691 102
1445071691 3
1445071691 75
1445071691 25
1445071691 25
1445071691 154
1445071713 102
1445071713 25
1445071713 25
1445071713 102
1445071762 75
1445071763 25
1445071771 102
1445071771 25
1445071771 25
1445071771 102
1445071817 75
1445071818 25
1445071825 102
1445071825 25
1445071825 25
1445071825 102
1445071868 75
1445071869 25
1445071877 102
1445071877 25
1445071877 25
1445071877 102
1445071924 75
1445071924 25
1445071932 102
1445071932 25
1445071932 25
1445071932 102
1445071969 75
1445071969 25
1445071975 102
1445071975 25
1445071975 25
1445071975 102
1445072022 75
1445072023 25
1445072030 102
1445072030 25
1445072030 25
1445072030 102
1445072073 75
1445072073 25
1445072078 67
1445072078 102
1445072078 25
1445072078 25
1445072107 75
1445072108 102
1445072109 160
