1445088264 24
1445088264 12
1445088264 20
1445088264 28
1445088264 6
1445088265 4
1445088268 2
1445088270 3
1445088272 8
1445088272 11
1445088275 7
1445088275 31
1445088275 10
1445088275 23
1445088275 21
1445088275 22
1445088275 9
1445088283 26
1445088283 19
1445088283 16
1445088283 31
1445088315 29
1445088315 17
1445088320 26
1445088320 19
1445088320 16
1445088320 31
1445088350 29
1445088350 17
1445088354 26
1445088354 19
1445088354 16
1445088354 31
1445088383 29
1445088383 17
1445088387 26
1445088387 19
1445088387 16
1445088387 31
1445088416 29
1445088416 17
1445088421 26
1445088421 19
1445088421 16
1445088421 31
1445088450 29
1445088450 17
1445088454 26
1445088454 19
1445088454 16
1445088454 31
1445088455 13
1445088483 29
1445088483 17
1445088483 26
1445088483 19
1445088483 16
1445088488 30
1445088488 25
1445088488 1
1445088580 5
1445088581 27
1445088581 18
1445088581 15
1445088581 14
