1445088264 8
1445088264 147
1445088264 16
1445088264 102
1445088264 83
1445088265 8
1445088268 147
1445088270 160
1445088272 82
1445088272 67
1445088275 22
1445088275 102
1445088275 3
1445088275 75
1445088275 25
1445088275 25
1445088275 154
1445088283 102
1445088283 25
1445088283 25
1445088283 102
1445088315 75
1445088315 25
1445088320 102
1445088320 25
1445088320 25
1445088320 102
1445088350 75
1445088350 25
1445088354 102
1445088354 25
1445088354 25
1445088354 102
1445088383 75
1445088383 25
1445088387 102
1445088387 25
1445088387 25
1445088387 102
1445088416 75
1445088416 25
1445088421 102
1445088421 25
1445088421 25
1445088421 102
1445088450 75
1445088450 25
1445088454 102
1445088454 25
1445088454 25
1445088454 102
1445088455 67
1445088483 75
1445088483 25
1445088483 102
1445088483 25
1445088483 25
1445088488 75
1445088488 102
1445088488 160
1445088580 129
1445088581 3
1445088581 16
1445088581 16
1445088581 111
