1445241028 19
1445241028 9
1445241028 13
1445241028 20
1445241028 4
1445241029 3
1445241030 1
1445241032 2
1445241033 6
1445241033 10
1445241039 5
1445241040 21
1445241040 7
1445241040 15
1445241040 16
1445241040 17
1445241040 8
1445241080 18
1445241080 14
1445241080 11
1445241080 21
1445241139 22
1445241139 12
1445241150 18
1445241150 14
1445241150 11
1445241150 21
1445241204 22
1445241204 12
1445241214 18
1445241214 14
1445241214 11
1445241214 21
1445241270 22
1445241270 12
1445241277 18
1445241277 14
1445241277 11
1445241277 21
1445241321 22
1445241321 12
1445241329 18
1445241329 14
1445241329 11
1445241329 21
