1445241206 19
1445241206 12
1445241206 17
1445241206 22
1445241206 6
1445241206 5
1445241207 2
1445241207 3
1445241208 8
1445241208 13
1445241208 7
1445241208 28
1445241208 11
1445241208 21
1445241208 20
1445241208 25
1445241208 9
1445241212 18
1445241212 15
1445241212 16
1445241212 28
1445241222 27
1445241222 14
1445241224 18
1445241224 15
1445241224 16
1445241224 28
1445241234 27
1445241234 14
1445241236 18
1445241236 15
1445241236 16
1445241236 28
1445241248 27
1445241248 14
1445241250 18
1445241250 15
1445241250 16
1445241250 28
1445241262 27
1445241262 14
1445241264 18
1445241264 15
1445241264 16
1445241264 28
1445241278 27
1445241278 14
1445241280 18
1445241280 15
1445241280 16
1445241280 28
1445241290 27
1445241290 14
1445241293 18
1445241293 15
1445241293 16
1445241293 28
1445241303 27
1445241310 14
1445241311 10
1445241311 18
1445241311 15
1445241311 16
1445241319 26
1445241319 24
1445241319 1
1445241346 4
1445241346 23
