1445241206 8
1445241206 147
1445241206 16
1445241206 102
1445241206 83
1445241206 8
1445241207 147
1445241207 160
1445241208 82
1445241208 67
1445241208 22
1445241208 102
1445241208 3
1445241208 75
1445241208 25
1445241208 25
1445241208 154
1445241212 102
1445241212 25
1445241212 25
1445241212 102
1445241222 75
1445241222 25
1445241224 102
1445241224 25
1445241224 25
1445241224 102
1445241234 75
1445241234 25
1445241236 102
1445241236 25
1445241236 25
1445241236 102
1445241248 75
1445241248 25
1445241250 102
1445241250 25
1445241250 25
1445241250 102
1445241262 75
1445241262 25
1445241264 102
1445241264 25
1445241264 25
1445241264 102
1445241278 75
1445241278 25
1445241280 102
1445241280 25
1445241280 25
1445241280 102
1445241290 75
1445241290 25
1445241293 102
1445241293 25
1445241293 25
1445241293 102
1445241303 75
1445241310 25
1445241311 67
1445241311 102
1445241311 25
1445241311 25
1445241319 75
1445241319 102
1445241319 160
1445241346 129
1445241346 3
