1445088258 23
1445088258 12
1445088258 19
1445088258 27
1445088258 6
1445088259 3
1445088259 2
1445088260 4
1445088261 8
1445088261 10
1445088261 7
1445088261 29
1445088261 14
1445088261 21
1445088261 25
1445088261 26
1445088261 13
1445088264 22
1445088264 17
1445088264 20
1445088264 29
1445088275 30
1445088275 15
1445088277 22
1445088277 17
1445088277 20
1445088277 29
1445088288 30
1445088288 15
1445088289 22
1445088289 17
1445088289 20
1445088289 29
1445088300 30
1445088300 15
1445088301 22
1445088301 17
1445088301 20
1445088301 29
1445088310 30
1445088310 15
1445088311 22
1445088311 17
1445088311 20
1445088311 29
1445088320 30
1445088320 15
1445088322 22
1445088322 17
1445088322 20
1445088322 29
1445088323 9
1445088331 30
1445088331 15
1445088331 22
1445088331 17
1445088331 20
1445088332 31
1445088332 28
1445088332 1
1445088379 5
1445088383 24
1445088383 16
1445088383 18
1445088383 11
