1445241200 25
1445241200 11
1445241200 15
1445241200 22
1445241200 6
1445241201 3
1445241201 2
1445241202 4
1445241203 8
1445241203 10
1445241203 7
1445241203 29
1445241203 13
1445241203 26
1445241203 24
1445241203 23
1445241203 12
1445241205 28
1445241205 18
1445241205 16
1445241205 29
1445241214 31
1445241214 19
1445241216 28
1445241216 18
1445241216 16
1445241216 29
1445241226 31
1445241226 19
1445241228 28
1445241228 18
1445241228 16
1445241228 29
1445241239 31
1445241239 19
1445241240 28
1445241240 18
1445241240 16
1445241240 29
1445241250 31
1445241250 19
1445241252 28
1445241252 18
1445241252 16
1445241252 29
1445241265 31
1445241265 19
1445241268 28
1445241268 18
1445241268 16
1445241268 29
1445241281 31
1445241281 19
1445241283 28
1445241283 18
1445241283 16
1445241283 29
1445241293 31
1445241293 19
1445241294 9
1445241294 28
1445241294 18
1445241294 16
1445241301 30
1445241301 21
1445241301 1
1445241332 5
1445241332 27
1445241332 20
1445241332 17
1445241332 14
