1445076709 39
1445076709 33
1445076709 37
1445076709 41
1445076709 25
1445076709 20
1445076710 12
1445076710 19
1445076711 28
1445076711 34
1445076711 30
1445076711 27
1445076711 22
1445076712 18
1445076712 17
1445076712 18
1445076712 17
1445076712 16
1445076712 1
1445076712 15
1445076712 9
1445076712 1
1445076712 15
1445076712 9
1445076713 21
1445076713 13
1445076713 18
1445076713 17
1445076713 1
1445076713 15
1445076713 9
1445076713 16
1445076713 21
1445076713 5
1445076713 18
1445076713 17
1445076713 1
1445076713 15
1445076713 9
1445076714 21
1445076714 15
1445076714 9
1445076714 21
1445076714 8
1445076714 18
1445076714 16
1445076714 17
1445076714 1
1445076714 15
1445076714 9
1445076715 21
1445076715 15
1445076715 9
1445076715 21
1445076715 7
1445076716 21
1445076716 15
1445076716 9
1445076716 21
1445076716 6
1445076716 18
1445076716 17
1445076716 1
1445076716 15
1445076716 9
1445076717 18
1445076717 16
1445076717 17
1445076717 1
1445076717 15
1445076717 9
1445076717 21
1445076717 10
1445076718 21
1445076718 11
1445076718 23
1445076718 4
1445076718 29
1445076718 26
1445076718 38
1445076718 3
1445076718 14
1445076861 24
1445076861 31
1445076861 2
1445076861 40
1445076861 35
1445076861 36
1445076861 32
