1445076709 8
1445076709 147
1445076709 16
1445076709 102
1445076709 83
1445076709 8
1445076710 147
1445076710 160
1445076711 82
1445076711 67
1445076711 154
1445076711 0
1445076711 58
1445076712 78
1445076712 78
1445076712 78
1445076712 78
1445076712 58
1445076712 60
1445076712 60
1445076712 167
1445076712 60
1445076712 60
1445076712 167
1445076713 167
1445076713 1
1445076713 78
1445076713 78
1445076713 60
1445076713 60
1445076713 167
1445076713 58
1445076713 167
1445076713 1
1445076713 78
1445076713 78
1445076713 60
1445076713 60
1445076713 167
1445076714 167
1445076714 60
1445076714 167
1445076714 167
1445076714 1
1445076714 78
1445076714 58
1445076714 78
1445076714 60
1445076714 60
1445076714 167
1445076715 167
1445076715 60
1445076715 167
1445076715 167
1445076715 1
1445076716 167
1445076716 60
1445076716 167
1445076716 167
1445076716 1
1445076716 78
1445076716 78
1445076716 60
1445076716 60
1445076716 167
1445076717 78
1445076717 58
1445076717 78
1445076717 60
1445076717 60
1445076717 167
1445076717 167
1445076717 1
1445076718 167
1445076718 1
1445076718 58
1445076718 0
1445076718 120
1445076718 120
1445076718 102
1445076718 160
1445076718 60
1445076861 129
1445076861 129
1445076861 167
1445076861 3
1445076861 16
1445076861 16
1445076861 111
