1445175202 21
1445175202 10
1445175202 15
1445175202 25
1445175202 6
1445175203 3
1445175204 2
1445175206 4
1445175207 7
1445175207 14
1445175208 8
1445175209 29
1445175209 9
1445175209 22
1445175209 26
1445175209 28
1445175209 11
1445175218 23
1445175218 16
1445175218 17
1445175218 29
1445175248 30
1445175249 20
1445175253 23
1445175253 16
1445175253 17
1445175253 29
1445175281 30
1445175281 20
1445175286 23
1445175286 16
1445175286 17
1445175286 29
1445175314 30
1445175314 20
1445175319 23
1445175319 16
1445175319 17
1445175319 29
1445175348 30
1445175348 20
1445175353 23
1445175353 16
1445175353 17
1445175353 29
1445175383 30
1445175383 20
1445175387 23
1445175387 16
1445175387 17
1445175387 29
1445175390 13
1445175416 30
1445175416 20
1445175416 23
1445175416 16
1445175416 17
1445175420 31
1445175420 27
1445175421 1
1445175515 5
1445175517 24
1445175517 18
1445175517 19
1445175517 12
