1445175202 8
1445175202 147
1445175202 16
1445175202 102
1445175202 83
1445175203 8
1445175204 147
1445175206 160
1445175207 82
1445175207 67
1445175208 22
1445175209 102
1445175209 3
1445175209 75
1445175209 25
1445175209 25
1445175209 154
1445175218 102
1445175218 25
1445175218 25
1445175218 102
1445175248 75
1445175249 25
1445175253 102
1445175253 25
1445175253 25
1445175253 102
1445175281 75
1445175281 25
1445175286 102
1445175286 25
1445175286 25
1445175286 102
1445175314 75
1445175314 25
1445175319 102
1445175319 25
1445175319 25
1445175319 102
1445175348 75
1445175348 25
1445175353 102
1445175353 25
1445175353 25
1445175353 102
1445175383 75
1445175383 25
1445175387 102
1445175387 25
1445175387 25
1445175387 102
1445175390 67
1445175416 75
1445175416 25
1445175416 102
1445175416 25
1445175416 25
1445175420 75
1445175420 102
1445175421 160
1445175515 129
1445175517 3
1445175517 16
1445175517 16
1445175517 111
