1445241597 33
1445241597 30
1445241597 32
1445241597 34
1445241597 24
1445241597 19
1445241598 7
1445241598 21
1445241599 26
1445241599 31
1445241599 28
1445241599 23
1445241599 17
1445241599 15
1445241599 12
1445241599 15
1445241599 12
1445241599 13
1445241599 1
1445241599 1
1445241599 14
1445241599 4
1445241599 14
1445241599 4
1445241600 18
1445241600 9
1445241600 15
1445241600 12
1445241600 1
1445241600 14
1445241600 4
1445241601 18
1445241601 5
1445241601 15
1445241601 12
1445241601 1
1445241601 14
1445241601 4
1445241601 18
1445241601 14
1445241601 4
1445241601 18
1445241601 14
1445241601 4
1445241602 18
1445241602 14
1445241602 4
1445241602 18
1445241602 14
1445241602 4
1445241602 18
1445241602 14
1445241602 4
1445241603 18
1445241603 6
1445241603 18
1445241603 10
1445241737 13
1445241737 15
1445241737 12
1445241737 1
1445241737 14
1445241737 4
1445241737 18
1445241737 8
1445241737 22
1445241737 11
1445241737 27
1445241737 25
1445241737 35
1445241737 3
1445241738 16
1445241794 20
1445241794 29
1445241794 2
1445241794 36
