1445094582 20
1445094583 10
1445094583 17
1445094583 24
1445094583 6
1445094583 4
1445094584 2
1445094585 5
1445094587 7
1445094587 12
1445094587 8
1445094587 26
1445094587 9
1445094587 22
1445094587 19
1445094587 25
1445094588 13
1445094590 18
1445094590 14
1445094590 16
1445094590 26
1445094600 28
1445094600 15
1445094601 18
1445094601 14
1445094601 16
1445094601 26
1445094609 28
1445094609 15
1445094609 18
1445094609 14
1445094609 16
1445094609 26
1445094617 28
1445094617 15
1445094618 18
1445094618 14
1445094618 16
1445094618 26
1445094626 28
1445094626 15
1445094627 18
1445094627 14
1445094627 16
1445094627 26
1445094637 28
1445094637 15
1445094638 18
1445094638 14
1445094638 16
1445094638 26
1445094639 11
1445094646 28
1445094646 15
1445094646 18
1445094646 14
1445094646 16
1445094647 27
1445094647 23
1445094647 1
1445094675 3
1445094675 21
