1445241503 8
1445241503 147
1445241503 16
1445241503 102
1445241503 83
1445241503 8
1445241504 147
1445241505 160
1445241505 82
1445241505 67
1445241506 22
1445241506 102
1445241506 3
1445241506 75
1445241506 25
1445241506 25
1445241506 154
1445241509 102
1445241509 25
1445241509 25
1445241509 102
1445241519 75
1445241519 25
1445241521 102
1445241521 25
1445241521 25
1445241521 102
1445241530 75
1445241530 25
1445241532 102
1445241532 25
1445241532 25
1445241532 102
1445241543 75
1445241543 25
1445241544 102
1445241544 25
1445241544 25
1445241544 102
1445241556 75
1445241556 25
1445241558 102
1445241558 25
1445241558 25
1445241558 102
1445241569 75
1445241569 25
1445241571 102
1445241571 25
1445241571 25
1445241571 102
1445241583 75
1445241583 25
1445241585 102
1445241585 25
1445241585 25
1445241585 102
