1445163428 27
1445163428 14
1445163428 17
1445163428 25
1445163428 6
1445163429 4
1445163429 2
1445163430 5
1445163430 8
1445163430 11
1445163431 7
1445163431 29
1445163431 12
1445163431 24
1445163431 22
1445163431 21
1445163431 9
1445163435 28
1445163435 18
1445163435 16
1445163435 29
1445163447 31
1445163447 19
1445163449 28
1445163449 18
1445163449 16
1445163449 29
1445163460 31
1445163460 19
1445163462 28
1445163462 18
1445163462 16
1445163462 29
1445163473 31
1445163473 19
1445163475 28
1445163475 18
1445163475 16
1445163475 29
1445163486 31
1445163488 19
1445163490 28
1445163490 18
1445163490 16
1445163490 29
1445163500 31
1445163500 19
1445163502 28
1445163502 18
1445163502 16
1445163502 29
1445163512 31
1445163512 19
1445163514 28
1445163514 18
1445163514 16
1445163514 29
1445163523 31
1445163523 19
1445163524 10
1445163524 28
1445163524 18
1445163524 16
1445163532 30
1445163532 26
1445163532 1
1445163561 3
1445163561 23
1445163561 20
1445163561 15
1445163561 13
