1445163428 8
1445163428 147
1445163428 16
1445163428 102
1445163428 83
1445163429 8
1445163429 147
1445163430 160
1445163430 82
1445163430 67
1445163431 22
1445163431 102
1445163431 3
1445163431 75
1445163431 25
1445163431 25
1445163431 154
1445163435 102
1445163435 25
1445163435 25
1445163435 102
1445163447 75
1445163447 25
1445163449 102
1445163449 25
1445163449 25
1445163449 102
1445163460 75
1445163460 25
1445163462 102
1445163462 25
1445163462 25
1445163462 102
1445163473 75
1445163473 25
1445163475 102
1445163475 25
1445163475 25
1445163475 102
1445163486 75
1445163488 25
1445163490 102
1445163490 25
1445163490 25
1445163490 102
1445163500 75
1445163500 25
1445163502 102
1445163502 25
1445163502 25
1445163502 102
1445163512 75
1445163512 25
1445163514 102
1445163514 25
1445163514 25
1445163514 102
1445163523 75
1445163523 25
1445163524 67
1445163524 102
1445163524 25
1445163524 25
1445163532 75
1445163532 102
1445163532 160
1445163561 129
1445163561 3
1445163561 16
1445163561 16
1445163561 111
