1445088509 19
1445088509 10
1445088509 12
1445088509 16
1445088509 4
1445088510 2
1445088511 1
1445088512 3
1445088514 5
1445088515 7
1445088525 6
1445088525 21
1445088525 9
1445088525 15
1445088525 20
1445088525 17
1445088525 8
1445088533 18
1445088533 13
1445088533 11
1445088533 21
1445088575 22
1445088575 14
1445088580 18
1445088580 13
1445088580 11
1445088580 21
1445088621 22
1445088621 14
1445088626 18
1445088626 13
1445088626 11
1445088626 21
1445088668 22
1445088668 14
1445088683 18
1445088683 13
1445088683 11
1445088683 21
1445088731 22
1445088731 14
1445088735 18
1445088735 13
1445088735 11
1445088735 21
