1445076843 8
1445076843 147
1445076843 16
1445076843 102
1445076843 83
1445076843 8
1445076844 147
1445076845 160
1445076846 82
1445076846 67
1445076847 22
1445076847 102
1445076847 3
1445076847 75
1445076847 25
1445076847 25
1445076847 154
1445076849 102
1445076849 25
1445076849 25
1445076849 102
1445076852 20
1445076852 53
1445076852 15
1445076852 15
1445076852 44
1445076852 12
1445076852 91
1445076852 31
1445076852 36
1445076852 164
1445076852 106
1445076852 4
1445076852 106
1445076852 106
1445076852 144
1445076852 53
1445076852 53
1445076852 53
1445076852 51
1445076852 51
1445076852 152
1445076852 51
1445076852 136
1445076852 51
1445076852 152
1445076852 15
1445076852 170
1445076859 75
1445076859 25
1445076861 102
1445076861 25
1445076861 25
1445076861 102
1445076870 75
1445076870 25
1445076871 102
1445076871 25
1445076871 25
1445076871 102
1445076875 33
1445076881 75
1445076881 25
1445076882 102
1445076882 25
1445076882 25
1445076882 102
1445076893 75
1445076893 25
1445076894 102
1445076894 25
1445076894 25
1445076894 102
1445076895 33
1445076903 75
1445076903 25
1445076905 102
1445076905 25
1445076905 25
1445076905 102
1445076913 75
1445076913 25
1445076915 102
1445076915 25
1445076915 25
1445076915 102
1445076915 33
1445076924 75
1445076924 25
1445076935 33
1445076955 33
1445076975 33
1445076995 33
1445077015 33
1445077035 33
1445077055 33
1445077075 33
1445077095 33
1445077115 33
1445077135 33
1445077155 33
1445077175 33
1445077195 33
1445077215 33
1445077235 33
1445077255 33
1445077275 33
1445077295 33
1445077315 33
1445077335 33
1445077355 33
1445077375 33
1445077395 33
1445077415 33
1445077435 33
1445077455 33
1445077475 33
1445077495 33
1445077515 33
1445077535 33
1445077555 33
1445077575 33
1445077595 33
1445077615 33
1445077635 33
