1445095330 29
1445095330 26
1445095330 28
1445095330 30
1445095330 22
1445095331 18
1445095331 3
1445095332 16
1445095333 24
1445095333 27
1445095333 25
1445095333 20
1445095333 15
1445095333 11
1445095333 13
1445095333 11
1445095333 14
1445095333 13
1445095333 1
1445095333 1
1445095333 10
1445095333 10
1445095333 7
1445095333 7
1445095334 14
1445095338 14
1445095339 14
1445095342 14
1445095346 14
1445095351 14
1445095383 19
1445095383 9
1445095383 11
1445095383 13
1445095383 1
1445095383 10
1445095383 7
1445095414 19
1445095414 8
1445095414 11
1445095414 13
1445095414 1
1445095414 10
1445095414 7
1445095448 19
1445095448 10
1445095448 7
1445095496 19
1445095496 10
1445095496 7
1445095563 19
1445095563 10
1445095563 7
1445095612 19
1445095612 10
1445095612 7
1445095662 19
1445095662 6
1445095681 19
1445095681 10
1445095681 7
1445095729 19
1445095729 10
1445095729 7
1445095779 19
1445095779 17
1445095779 5
1445095779 4
1445095779 23
1445095779 21
1445095780 31
1445095780 2
1445095780 12
