1445095330 8
1445095330 147
1445095330 16
1445095330 102
1445095330 83
1445095331 8
1445095331 147
1445095332 160
1445095333 82
1445095333 67
1445095333 154
1445095333 0
1445095333 58
1445095333 78
1445095333 78
1445095333 78
1445095333 58
1445095333 78
1445095333 60
1445095333 60
1445095333 60
1445095333 60
1445095333 167
1445095333 167
1445095334 58
1445095338 58
1445095339 58
1445095342 58
1445095346 58
1445095351 58
1445095383 167
1445095383 1
1445095383 78
1445095383 78
1445095383 60
1445095383 60
1445095383 167
1445095414 167
1445095414 1
1445095414 78
1445095414 78
1445095414 60
1445095414 60
1445095414 167
1445095448 167
1445095448 60
1445095448 167
1445095496 167
1445095496 60
1445095496 167
1445095563 167
1445095563 60
1445095563 167
1445095612 167
1445095612 60
1445095612 167
1445095662 167
1445095662 1
1445095681 167
1445095681 60
1445095681 167
1445095729 167
1445095729 60
1445095729 167
1445095779 167
1445095779 58
1445095779 1
1445095779 0
1445095779 120
1445095779 120
1445095780 102
1445095780 160
1445095780 60
