1445235713 8
1445235713 147
1445235713 16
1445235714 102
1445235714 83
1445235714 8
1445235715 147
1445235716 160
1445235717 82
1445235717 67
1445235721 22
1445235721 102
1445235721 3
1445235721 75
1445235721 25
1445235721 25
1445235721 154
1445235747 102
1445235747 25
1445235747 25
1445235747 102
1445235782 75
1445235782 25
1445235786 102
1445235786 25
1445235786 25
1445235786 102
1445235824 75
1445235824 25
1445235828 102
1445235828 25
1445235828 25
1445235828 102
1445235866 75
1445235866 25
1445235876 102
1445235876 25
1445235876 25
1445235876 102
1445235915 75
1445235915 25
1445235924 102
1445235924 25
1445235924 25
1445235924 102
1445235962 75
1445235963 25
1445235978 102
1445235978 25
1445235978 25
1445235978 102
1445235982 67
1445236006 75
1445236006 25
1445236006 102
1445236006 25
1445236006 25
1445236009 75
1445236009 102
1445236009 160
