1445235951 24
1445235951 13
1445235951 14
1445235951 18
1445235951 6
1445235951 5
1445235952 2
1445235952 4
1445235953 8
1445235953 11
1445235953 7
1445235953 27
1445235953 9
1445235953 20
1445235953 22
1445235953 23
1445235953 10
1445235955 19
1445235955 15
1445235955 16
1445235955 27
1445235964 28
1445235964 17
1445235965 19
1445235965 15
1445235965 16
1445235965 27
1445235975 28
1445235975 17
1445235976 19
1445235976 15
1445235976 16
1445235976 27
1445235985 28
1445235986 17
1445235987 19
1445235987 15
1445235987 16
1445235987 27
1445235996 28
1445235996 17
1445235997 19
1445235997 15
1445235997 16
1445235997 27
1445236008 28
1445236008 17
1445236010 19
1445236010 15
1445236010 16
1445236010 27
1445236010 12
1445236018 28
1445236018 17
1445236018 19
1445236018 15
1445236018 16
1445236020 26
1445236020 21
1445236020 1
1445236049 3
1445236049 25
