1445088264 18
1445088264 10
1445088264 13
1445088264 17
1445088264 4
1445088265 2
1445088267 1
1445088269 3
1445088273 5
1445088273 11
1445088280 6
1445088280 23
1445088280 8
1445088280 19
1445088280 21
1445088280 16
1445088280 7
1445088289 20
1445088289 14
1445088289 12
1445088289 23
1445088332 22
1445088333 15
1445088340 20
1445088340 14
1445088340 12
1445088340 23
1445088380 22
1445088380 15
1445088386 20
1445088386 14
1445088386 12
1445088386 23
1445088426 22
1445088426 15
1445088432 20
1445088432 14
1445088432 12
1445088432 23
1445088469 22
1445088470 15
1445088475 20
1445088475 14
1445088475 12
1445088475 23
1445088514 22
1445088514 15
1445088519 20
1445088519 14
1445088519 12
1445088519 23
1445088528 9
