1445088264 8
1445088264 147
1445088264 16
1445088264 102
1445088264 83
1445088265 8
1445088267 147
1445088269 160
1445088273 82
1445088273 67
1445088280 22
1445088280 102
1445088280 3
1445088280 75
1445088280 25
1445088280 25
1445088280 154
1445088289 102
1445088289 25
1445088289 25
1445088289 102
1445088332 75
1445088333 25
1445088340 102
1445088340 25
1445088340 25
1445088340 102
1445088380 75
1445088380 25
1445088386 102
1445088386 25
1445088386 25
1445088386 102
1445088426 75
1445088426 25
1445088432 102
1445088432 25
1445088432 25
1445088432 102
1445088469 75
1445088470 25
1445088475 102
1445088475 25
1445088475 25
1445088475 102
1445088514 75
1445088514 25
1445088519 102
1445088519 25
1445088519 25
1445088519 102
1445088528 67
