1445088649 19
1445088650 13
1445088650 17
1445088650 23
1445088650 6
1445088650 5
1445088650 2
1445088651 4
1445088652 8
1445088652 9
1445088652 7
1445088652 27
1445088652 12
1445088652 21
1445088652 22
1445088652 20
1445088652 10
1445088655 25
1445088655 14
1445088655 15
1445088655 27
1445088665 26
1445088665 16
1445088665 25
1445088665 14
1445088665 15
1445088665 27
1445088674 26
1445088674 16
1445088675 25
1445088675 14
1445088675 15
1445088675 27
1445088683 26
1445088683 16
1445088684 25
1445088684 14
1445088684 15
1445088684 27
1445088693 26
1445088693 16
1445088693 25
1445088693 14
1445088693 15
1445088693 27
1445088701 26
1445088701 16
1445088702 25
1445088702 14
1445088702 15
1445088702 27
1445088702 11
1445088710 26
1445088710 16
1445088710 25
1445088710 14
1445088710 15
1445088711 28
1445088711 18
1445088711 1
1445088738 3
1445088738 24
