1445088649 8
1445088650 147
1445088650 16
1445088650 102
1445088650 83
1445088650 8
1445088650 147
1445088651 160
1445088652 82
1445088652 67
1445088652 22
1445088652 102
1445088652 3
1445088652 75
1445088652 25
1445088652 25
1445088652 154
1445088655 102
1445088655 25
1445088655 25
1445088655 102
1445088665 75
1445088665 25
1445088665 102
1445088665 25
1445088665 25
1445088665 102
1445088674 75
1445088674 25
1445088675 102
1445088675 25
1445088675 25
1445088675 102
1445088683 75
1445088683 25
1445088684 102
1445088684 25
1445088684 25
1445088684 102
1445088693 75
1445088693 25
1445088693 102
1445088693 25
1445088693 25
1445088693 102
1445088701 75
1445088701 25
1445088702 102
1445088702 25
1445088702 25
1445088702 102
1445088702 67
1445088710 75
1445088710 25
1445088710 102
1445088710 25
1445088710 25
1445088711 75
1445088711 102
1445088711 160
1445088738 129
1445088738 3
