1445092016 8
1445092016 147
1445092016 16
1445092017 102
1445092017 83
1445092017 8
1445092018 147
1445092020 160
1445092022 82
1445092023 67
1445092025 22
1445092025 102
1445092025 3
1445092025 75
1445092025 25
1445092025 25
1445092025 154
1445092032 102
1445092032 25
1445092032 25
1445092032 102
1445092063 75
1445092063 25
1445092068 102
1445092068 25
1445092068 25
1445092068 102
1445092098 75
1445092098 25
1445092102 102
1445092102 25
1445092102 25
1445092102 102
1445092132 75
1445092132 25
1445092136 102
1445092136 25
1445092136 25
1445092136 102
1445092165 75
1445092165 25
1445092169 102
1445092169 25
1445092169 25
1445092169 102
1445092198 75
1445092198 25
1445092202 102
1445092202 25
1445092202 25
1445092202 102
1445092204 67
1445092230 75
1445092230 25
1445092230 102
1445092230 25
1445092230 25
1445092235 75
1445092235 102
1445092235 160
1445092333 129
1445092334 3
1445092334 16
1445092334 16
1445092334 111
