1445089898 18
1445089898 11
1445089898 16
1445089898 22
1445089898 6
1445089899 3
1445089899 2
1445089900 5
1445089900 7
1445089900 9
1445089900 8
1445089900 28
1445089900 12
1445089900 25
1445089900 19
1445089900 20
1445089900 10
1445089902 24
1445089902 17
1445089902 14
1445089902 28
1445089911 27
1445089911 15
1445089912 24
1445089912 17
1445089912 14
1445089912 28
1445089922 27
1445089922 15
1445089924 24
1445089924 17
1445089924 14
1445089924 28
1445089935 27
1445089935 15
1445089937 24
1445089937 17
1445089937 14
1445089937 28
1445089948 27
1445089948 15
1445089950 24
1445089950 17
1445089950 14
1445089950 28
1445089962 27
1445089962 15
1445089964 24
1445089964 17
1445089964 14
1445089964 28
1445089966 13
1445089977 27
1445089977 15
1445089977 24
1445089977 17
1445089977 14
1445089979 26
1445089979 21
1445089979 1
1445090039 4
1445090039 23
