1445089898 8
1445089898 147
1445089898 16
1445089898 102
1445089898 83
1445089899 8
1445089899 147
1445089900 160
1445089900 82
1445089900 67
1445089900 22
1445089900 102
1445089900 3
1445089900 75
1445089900 25
1445089900 25
1445089900 154
1445089902 102
1445089902 25
1445089902 25
1445089902 102
1445089911 75
1445089911 25
1445089912 102
1445089912 25
1445089912 25
1445089912 102
1445089922 75
1445089922 25
1445089924 102
1445089924 25
1445089924 25
1445089924 102
1445089935 75
1445089935 25
1445089937 102
1445089937 25
1445089937 25
1445089937 102
1445089948 75
1445089948 25
1445089950 102
1445089950 25
1445089950 25
1445089950 102
1445089962 75
1445089962 25
1445089964 102
1445089964 25
1445089964 25
1445089964 102
1445089966 67
1445089977 75
1445089977 25
1445089977 102
1445089977 25
1445089977 25
1445089979 75
1445089979 102
1445089979 160
1445090039 129
1445090039 3
