1445241561 35
1445241564 35
1445241564 35
1445241564 35
1445241567 35
1445241568 35
1445241568 35
1445241568 35
1445241568 35
1445241568 35
1445241568 35
1445241568 35
1445241568 35
1445241568 35
1445241568 35
1445241568 35
1445241568 35
1445241568 35
1445241568 35
1445241568 35
1445241568 35
1445241576 35
1445241576 35
1445241576 35
1445241576 35
1445241576 35
1445241576 35
1445241576 35
1445241576 35
1445241576 35
1445241576 35
1445241576 35
1445241576 35
1445241577 35
1445241577 35
1445241577 35
1445241582 35
1445241582 35
1445241582 35
1445241582 35
1445241582 35
1445241582 35
1445241583 35
1445241583 35
1445241583 35
1445241583 35
1445241583 35
1445241583 8
1445241583 35
1445241583 35
1445241583 35
1445241583 35
1445241583 35
1445241583 35
1445241583 35
1445241583 64
1445241583 5
1445241585 64
1445241585 35
1445241587 35
1445241587 35
1445241587 35
1445241587 35
1445241587 35
1445241590 35
1445241590 35
1445241590 35
1445241590 35
1445241590 35
1445241590 35
1445241590 35
1445241590 35
1445241590 35
1445241591 35
1445241591 35
1445241591 35
1445241591 35
1445241591 35
1445241591 35
1445241591 35
1445241591 35
1445241591 35
1445241591 35
1445241591 35
1445241591 35
1445241591 35
1445241591 35
1445241591 35
1445241591 35
1445241591 35
1445241591 35
1445241591 35
1445241591 35
1445241591 35
1445241591 35
1445241591 35
1445241591 35
1445241591 35
1445241591 35
1445241591 35
1445241591 35
1445241591 35
1445241591 35
1445241591 35
1445241591 35
1445241591 35
1445241591 35
1445241591 35
1445241591 35
1445241591 35
1445241591 35
1445241591 35
1445241591 35
1445241591 35
1445241591 35
1445241591 35
1445241591 35
1445241591 35
1445241591 35
1445241591 35
1445241591 35
1445241591 35
1445241591 35
1445241591 35
1445241591 35
1445241591 35
1445241591 35
1445241591 35
1445241591 35
1445241591 35
1445241591 35
1445241591 35
1445241591 35
1445241591 35
1445241591 35
1445241591 35
1445241591 35
1445241591 35
1445241591 35
1445241591 35
1445241591 35
1445241591 35
1445241591 35
1445241591 35
1445241591 35
1445241591 35
1445241591 35
1445241591 35
1445241591 35
1445241591 35
1445241591 35
1445241591 35
1445241591 35
1445241591 35
1445241591 35
1445241591 35
1445241591 35
1445241591 35
1445241591 35
1445241591 35
1445241591 35
1445241591 35
1445241591 35
1445241591 35
1445241591 35
1445241591 35
1445241591 35
1445241591 35
1445241591 35
1445241591 35
1445241591 35
1445241591 35
1445241591 35
1445241591 35
1445241591 35
1445241591 35
1445241592 35
1445241592 35
1445241592 35
1445241592 35
1445241592 35
1445241592 35
1445241592 35
1445241593 35
1445241593 35
1445241593 35
1445241593 35
1445241593 35
1445241593 35
1445241593 35
1445241593 35
1445241593 35
1445241593 35
1445241593 35
1445241593 35
1445241593 35
1445241593 35
1445241594 35
1445241594 35
1445241594 35
1445241594 35
1445241594 35
1445241594 35
1445241594 35
1445241594 35
1445241594 35
1445241594 35
1445241594 35
1445241594 35
1445241594 35
1445241594 35
1445241594 35
1445241594 35
1445241594 35
1445241594 35
1445241594 35
1445241594 35
1445241595 35
1445241597 35
1445241597 35
1445241597 35
1445241598 35
1445241598 35
1445241598 35
1445241599 35
1445241600 35
1445241601 35
1445241602 35
1445241603 35
1445241604 35
1445241604 35
1445241604 35
1445241604 35
1445241604 35
1445241604 35
1445241604 35
1445241605 35
1445241605 35
1445241605 35
1445241605 35
1445241605 35
1445241606 35
1445241606 35
1445241606 35
1445241606 35
1445241606 35
1445241606 35
1445241606 35
1445241606 35
1445241606 35
1445241607 35
1445241607 35
1445241607 35
1445241607 35
1445241607 35
1445241607 35
1445241608 35
1445241608 35
1445241608 35
1445241609 35
1445241610 35
1445241611 35
1445241611 35
1445241611 35
1445241611 35
1445241611 35
1445241611 35
1445241612 35
1445241614 35
1445241614 35
1445241614 35
1445241615 35
1445241616 35
1445241617 35
1445241617 35
1445241617 35
1445241618 35
1445241618 35
1445241619 35
1445241620 35
1445241620 35
1445241620 35
1445241621 35
1445241622 35
1445241622 35
1445241623 35
1445241623 35
1445241623 35
1445241624 35
1445241625 35
1445241625 35
1445241626 35
1445241626 35
1445241626 35
1445241627 35
1445241628 35
1445241628 35
1445241629 35
1445241629 35
1445241629 35
1445241630 35
1445241631 35
1445241631 35
1445241632 35
1445241632 35
1445241632 35
1445241633 35
1445241634 35
1445241634 35
1445241635 35
1445241635 35
1445241635 35
1445241636 35
1445241637 35
1445241637 35
1445241638 35
1445241638 35
1445241638 35
1445241639 35
1445241640 35
1445241640 35
1445241641 35
1445241641 35
1445241642 35
1445241642 35
1445241643 35
1445241643 35
1445241644 35
1445241644 35
1445241645 35
1445241645 35
1445241646 35
1445241646 35
1445241647 35
1445241647 35
1445241648 35
1445241648 35
1445241649 35
1445241649 35
1445241650 35
1445241650 35
1445241651 35
1445241651 35
1445241652 35
1445241652 35
1445241653 35
1445241654 35
1445241654 35
1445241654 35
1445241655 35
1445241655 35
1445241656 35
1445241657 35
1445241657 35
1445241657 35
1445241658 35
1445241658 35
1445241659 35
1445241660 35
1445241660 35
1445241660 35
1445241661 35
1445241661 35
1445241662 35
1445241663 35
1445241663 35
1445241663 35
1445241664 35
1445241664 35
1445241665 35
1445241666 35
1445241666 35
1445241666 35
1445241667 35
1445241667 35
1445241668 35
1445241669 35
1445241669 35
1445241669 35
1445241670 35
1445241670 35
1445241671 35
1445241672 35
1445241672 35
1445241672 35
1445241673 35
1445241673 35
1445241674 35
1445241675 35
1445241675 35
1445241675 35
1445241676 35
1445241676 35
1445241677 35
1445241678 35
1445241678 35
1445241678 35
1445241679 35
1445241679 35
1445241680 35
1445241681 35
1445241681 35
1445241681 35
1445241682 35
1445241683 35
1445241683 35
1445241684 35
1445241684 35
1445241684 35
1445241686 35
1445241686 35
1445241687 35
1445241687 35
1445241687 35
1445241688 35
1445241689 35
1445241689 35
1445241690 35
1445241690 35
1445241690 35
1445241691 35
1445241692 35
1445241692 35
1445241693 35
1445241693 35
1445241693 35
1445241694 35
1445241695 35
1445241695 35
1445241695 35
1445241696 35
1445241696 35
1445241696 35
1445241697 35
1445241698 35
1445241698 35
1445241699 35
1445241699 35
1445241699 35
1445241700 35
1445241700 35
1445241701 35
1445241701 35
1445241702 35
1445241702 35
1445241702 35
1445241703 35
1445241704 35
1445241704 35
1445241705 35
1445241705 35
1445241705 35
1445241706 35
1445241707 35
1445241707 35
1445241708 35
1445241708 35
1445241708 35
1445241709 35
1445241710 35
1445241710 35
1445241711 35
1445241711 35
1445241711 35
1445241712 35
1445241713 35
1445241713 35
1445241714 35
1445241714 35
1445241714 35
1445241715 35
1445241716 35
1445241716 35
1445241717 35
1445241717 35
1445241717 35
1445241718 35
1445241719 35
1445241719 35
1445241720 35
1445241720 35
1445241720 35
1445241721 35
1445241722 35
1445241722 35
1445241723 35
1445241723 35
1445241723 35
1445241724 35
1445241725 35
1445241725 35
1445241726 35
1445241726 35
1445241726 35
1445241727 35
1445241728 35
1445241728 35
1445241729 35
1445241729 35
1445241729 35
1445241730 35
1445241731 35
1445241731 35
1445241732 35
1445241732 35
1445241732 35
1445241733 35
1445241734 35
1445241735 35
1445241735 35
1445241735 35
1445241735 35
1445241736 35
1445241736 35
1445241736 35
1445241736 35
1445241736 35
1445241736 35
1445241736 35
1445241736 35
1445241736 35
1445241736 35
1445241736 35
1445241736 35
1445241736 35
1445241736 35
1445241736 35
1445241736 35
1445241736 35
1445241736 35
1445241736 89
1445241736 35
1445241736 35
1445241736 36
1445241736 164
1445241736 106
1445241736 4
1445241736 106
1445241736 106
1445241736 61
1445241736 15
1445241736 61
1445241736 61
1445241736 61
1445241736 61
1445241737 35
1445241737 35
1445241737 35
1445241737 35
1445241738 35
1445241738 35
1445241738 35
1445241738 35
1445241738 113
1445241738 119
1445241738 170
1445241738 35
1445241738 113
1445241738 119
1445241738 170
1445241739 35
1445241742 35
1445241745 35
1445241748 35
1445241751 35
1445241754 35
1445241757 35
1445241760 35
1445241763 35
1445241766 35
1445241769 35
1445241772 35
1445241775 35
1445241778 35
1445241781 35
1445241784 35
1445241788 35
1445241791 35
1445241794 35
1445241794 35
1445241794 35
1445241794 35
1445241794 35
1445241794 35
1445241794 35
1445241794 35
1445241794 35
1445241794 35
1445241794 35
1445241794 35
1445241794 35
1445241794 35
1445241794 35
1445241794 35
1445241794 35
1445241794 35
1445241794 35
1445241794 35
1445241794 35
1445241794 35
1445241794 35
1445241794 35
1445241794 35
1445241794 35
1445241794 35
1445241794 35
1445241794 17
1445241794 35
1445241794 17
1445241794 35
1445241794 130
1445241794 35
1445241794 130
1445241794 35
1445241794 34
1445241794 70
1445241794 35
1445241794 34
1445241794 130
1445241794 35
1445241794 34
1445241794 17
1445241794 35
1445241794 35
1445241794 35
1445241795 35
1445241796 35
1445241796 35
1445241796 35
1445241796 35
1445241796 35
1445241796 35
