1445241333 8
1445241333 147
1445241333 16
1445241333 102
1445241333 83
1445241333 8
1445241334 147
1445241336 160
1445241338 82
1445241338 67
1445241339 154
1445241339 0
1445241339 58
1445241339 58
1445241339 78
1445241339 78
1445241339 60
1445241339 60
1445241340 167
1445241379 167
1445241379 1
1445241398 58
1445241398 78
1445241398 78
1445241398 60
1445241398 60
1445241398 167
1445241400 58
1445241401 58
1445241403 58
1445241403 78
1445241403 78
1445241403 60
1445241403 60
1445241403 167
1445241409 58
1445241410 58
1445241417 58
1445241421 167
1445241421 1
1445241421 78
1445241421 78
1445241421 60
1445241421 60
1445241421 167
1445241428 167
1445241428 1
1445241428 78
1445241428 78
1445241429 60
1445241429 60
1445241429 167
1445241441 1
1445241441 78
1445241441 78
1445241441 154
1445241441 77
1445241441 141
1445241441 41
1445241441 9
1445241441 137
1445241441 128
1445241441 141
1445241441 115
1445241441 114
1445241441 13
1445241441 136
1445241441 43
1445241441 136
1445241441 26
1445241441 128
1445241441 43
1445241441 43
1445241441 43
1445241441 136
1445241441 77
1445241441 122
1445241441 122
1445241441 122
1445241441 103
1445241441 9
1445241441 136
1445241441 114
1445241441 170
1445241441 170
1445241441 154
1445241441 1
1445241441 78
1445241441 78
1445241441 60
1445241441 60
1445241441 167
1445241441 1
1445241441 78
1445241441 78
1445241441 60
1445241441 60
1445241441 167
1445241441 1
1445241441 78
1445241441 78
1445241441 60
1445241441 89
