1445248394 8
1445248395 147
1445248395 16
1445248395 102
1445248395 83
1445248395 8
1445248395 147
1445248396 160
1445248397 82
1445248397 67
1445248397 22
1445248397 102
1445248397 3
1445248397 75
1445248397 25
1445248397 25
1445248397 154
1445248401 102
1445248401 25
1445248401 25
1445248401 102
1445248411 75
1445248412 25
1445248414 102
1445248414 25
1445248414 25
1445248414 102
1445248424 75
1445248424 25
1445248425 67
1445248425 102
1445248425 25
1445248425 25
1445248432 75
1445248432 102
1445248432 160
1445248444 129
1445248444 3
