1445163665 21
1445163665 11
1445163665 17
1445163665 23
1445163665 6
1445163666 3
1445163667 2
1445163669 4
1445163671 7
1445163672 13
1445163678 8
1445163679 27
1445163679 10
1445163679 25
1445163679 19
1445163679 20
1445163679 12
1445163701 22
1445163701 14
1445163701 16
1445163701 27
1445163742 26
1445163742 15
1445163749 22
1445163749 14
1445163749 16
1445163749 27
1445163792 26
1445163792 15
1445163798 22
1445163798 14
1445163798 16
1445163798 27
1445163830 26
1445163830 15
1445163835 22
1445163835 14
1445163835 16
1445163835 27
1445163858 26
1445163858 15
1445163862 22
1445163862 14
1445163862 16
1445163862 27
1445163878 26
1445163878 15
1445163880 22
1445163880 14
1445163880 16
1445163880 27
1445163893 26
1445163893 15
1445163895 22
1445163895 14
1445163895 16
1445163895 27
1445163908 26
1445163908 15
1445163910 9
1445163910 22
1445163910 14
1445163910 16
1445163921 28
1445163921 24
1445163921 1
1445163962 5
1445163962 18
