1445163665 8
1445163665 147
1445163665 16
1445163665 102
1445163665 83
1445163666 8
1445163667 147
1445163669 160
1445163671 82
1445163672 67
1445163678 22
1445163679 102
1445163679 3
1445163679 75
1445163679 25
1445163679 25
1445163679 154
1445163701 102
1445163701 25
1445163701 25
1445163701 102
1445163742 75
1445163742 25
1445163749 102
1445163749 25
1445163749 25
1445163749 102
1445163792 75
1445163792 25
1445163798 102
1445163798 25
1445163798 25
1445163798 102
1445163830 75
1445163830 25
1445163835 102
1445163835 25
1445163835 25
1445163835 102
1445163858 75
1445163858 25
1445163862 102
1445163862 25
1445163862 25
1445163862 102
1445163878 75
1445163878 25
1445163880 102
1445163880 25
1445163880 25
1445163880 102
1445163893 75
1445163893 25
1445163895 102
1445163895 25
1445163895 25
1445163895 102
1445163908 75
1445163908 25
1445163910 67
1445163910 102
1445163910 25
1445163910 25
1445163921 75
1445163921 102
1445163921 160
1445163962 129
1445163962 3
