1445088601 24
1445088601 10
1445088601 19
1445088601 21
1445088601 6
1445088601 4
1445088602 2
1445088603 3
1445088604 7
1445088604 11
1445088604 8
1445088604 31
1445088604 12
1445088604 26
1445088604 27
1445088604 25
1445088604 9
1445088611 28
1445088611 20
1445088611 17
1445088611 31
1445088621 29
1445088627 18
1445088636 28
1445088636 20
1445088636 17
1445088636 31
1445088646 29
1445088646 18
1445088652 28
1445088652 20
1445088652 17
1445088652 31
1445088662 29
1445088662 18
1445088666 28
1445088666 20
1445088666 17
1445088666 31
1445088676 29
1445088676 18
1445088680 28
1445088680 20
1445088680 17
1445088680 31
1445088689 29
1445088689 18
1445088695 28
1445088695 20
1445088695 17
1445088695 31
1445088697 14
1445088705 29
1445088705 18
1445088705 28
1445088705 20
1445088705 17
1445088707 30
1445088707 22
1445088707 1
1445088731 5
1445088732 23
1445088732 16
1445088732 15
1445088732 13
