1445076582 8
1445076582 147
1445076582 16
1445076582 102
1445076582 83
1445076583 8
1445076585 147
1445076587 160
1445076589 82
1445076589 67
1445076590 22
1445076591 102
1445076591 3
1445076591 75
1445076591 25
1445076591 25
1445076591 154
1445076620 102
1445076620 25
1445076620 25
1445076620 102
1445076643 75
1445076644 25
1445076650 102
1445076650 25
1445076650 25
1445076650 102
1445076673 75
1445076673 25
1445076687 67
1445076687 102
1445076687 25
1445076687 25
1445076710 75
1445076710 102
1445076710 160
1445076747 129
1445076748 3
1445076749 16
1445076749 16
1445076749 111
