1445247565 19
1445247565 12
1445247565 14
1445247565 18
1445247565 6
1445247565 5
1445247566 2
1445247566 3
1445247567 7
1445247567 10
1445247567 8
1445247568 27
1445247568 9
1445247568 24
1445247568 21
1445247568 22
1445247568 11
1445247572 25
1445247572 16
1445247572 17
1445247572 27
1445247582 26
1445247582 15
1445247584 25
1445247584 16
1445247584 17
1445247584 27
1445247595 26
1445247595 15
1445247598 25
1445247598 16
1445247598 17
1445247598 27
1445247608 26
1445247608 15
1445247611 25
1445247611 16
1445247611 17
1445247611 27
1445247620 26
1445247620 15
1445247623 25
1445247623 16
1445247623 17
1445247623 27
1445247633 26
1445247633 15
1445247636 25
1445247636 16
1445247636 17
1445247636 27
1445247646 26
1445247646 15
1445247648 25
1445247648 16
1445247648 17
1445247648 27
1445247657 26
1445247657 15
1445247658 13
1445247658 25
1445247658 16
1445247658 17
1445247667 28
1445247667 20
1445247667 1
1445247694 4
1445247694 23
