1445095241 28
1445095242 28
1445095242 28
1445095242 28
1445095243 28
1445095243 28
1445095243 28
1445095243 28
1445095243 28
1445095243 28
1445095243 28
1445095243 28
1445095243 28
1445095243 28
1445095243 28
1445095243 28
1445095243 28
1445095243 28
1445095243 28
1445095243 28
1445095243 28
1445095243 28
1445095244 28
1445095244 28
1445095244 28
1445095244 28
1445095244 28
1445095244 28
1445095244 28
1445095244 28
1445095244 28
1445095244 28
1445095244 28
1445095244 28
1445095244 7
1445095244 28
1445095244 28
1445095244 28
1445095244 28
1445095244 28
1445095244 28
1445095244 28
1445095244 27
1445095244 1
1445095244 24
1445095244 28
1445095245 28
1445095245 28
1445095245 28
1445095245 28
1445095245 28
1445095245 28
1445095245 28
1445095245 28
1445095245 28
1445095245 28
1445095245 28
1445095245 28
1445095245 28
1445095245 28
1445095245 28
1445095245 28
1445095245 28
1445095245 28
1445095245 28
1445095245 28
1445095245 28
1445095245 28
1445095245 28
1445095245 28
1445095245 28
1445095245 28
1445095245 28
1445095245 28
1445095245 28
1445095245 28
1445095245 28
1445095245 28
1445095245 28
1445095245 28
1445095245 28
1445095245 28
1445095245 28
1445095245 28
1445095245 28
1445095245 28
1445095245 28
1445095245 28
1445095245 28
1445095245 28
1445095245 28
1445095245 28
1445095245 28
1445095245 28
1445095245 28
1445095245 28
1445095245 28
1445095245 28
1445095245 28
1445095245 28
1445095245 28
1445095245 28
1445095245 28
1445095245 28
1445095245 28
1445095245 28
1445095245 28
1445095245 28
1445095246 28
1445095246 28
1445095246 28
1445095246 28
1445095247 28
1445095247 28
1445095247 28
1445095247 28
1445095247 28
1445095247 28
1445095247 28
1445095247 28
1445095247 28
1445095247 28
1445095247 28
1445095247 28
1445095247 28
1445095247 28
1445095247 28
1445095247 28
1445095247 28
1445095247 28
1445095247 28
1445095247 28
1445095247 28
1445095247 28
1445095247 28
1445095247 28
1445095247 28
1445095247 28
1445095247 28
1445095247 28
1445095247 28
1445095247 28
1445095247 28
1445095247 28
1445095247 28
1445095247 28
1445095247 28
1445095247 28
1445095247 28
1445095247 28
1445095247 28
1445095247 28
1445095247 28
1445095247 28
1445095247 28
1445095247 28
1445095247 28
1445095247 28
1445095247 28
1445095247 28
1445095247 28
1445095247 28
1445095247 28
1445095247 28
1445095247 28
1445095247 28
1445095247 28
1445095247 28
1445095247 28
1445095247 28
1445095247 28
1445095247 28
1445095247 28
1445095247 28
1445095247 28
1445095247 28
1445095247 28
1445095247 28
1445095247 28
1445095247 28
1445095247 28
1445095247 28
1445095247 28
1445095247 28
1445095247 28
1445095247 28
1445095247 28
1445095247 28
1445095247 28
1445095247 28
1445095247 28
1445095247 28
1445095248 28
1445095248 28
1445095248 28
1445095248 28
1445095248 28
1445095248 28
1445095248 28
1445095248 28
1445095248 28
1445095248 28
1445095248 28
1445095248 28
1445095248 28
1445095248 28
1445095248 28
1445095248 28
1445095248 28
1445095248 28
1445095248 28
1445095248 28
1445095248 28
1445095248 28
1445095248 28
1445095248 28
1445095248 28
1445095248 28
1445095248 28
1445095248 28
1445095248 28
1445095248 28
1445095248 28
1445095248 28
1445095248 28
1445095248 28
1445095248 28
1445095248 28
1445095248 28
1445095248 28
1445095248 28
1445095248 28
1445095251 28
1445095251 28
1445095251 28
1445095251 28
1445095251 28
1445095251 28
1445095251 28
1445095251 28
1445095251 28
1445095251 28
1445095251 28
1445095251 28
1445095251 28
1445095251 28
1445095251 28
1445095251 28
1445095251 28
1445095251 28
1445095252 28
1445095252 28
1445095252 28
1445095252 28
1445095252 28
1445095252 28
1445095252 28
1445095252 28
1445095252 28
1445095252 28
1445095252 28
1445095252 28
1445095258 28
1445095258 28
1445095259 28
1445095259 28
1445095259 28
1445095259 28
1445095261 28
1445095261 28
1445095261 28
1445095261 28
1445095261 28
1445095261 28
1445095262 28
1445095262 28
1445095262 28
1445095262 28
1445095264 28
1445095264 28
1445095264 28
1445095264 28
1445095264 28
1445095264 28
1445095265 28
1445095265 28
1445095265 28
1445095265 28
1445095267 28
1445095267 28
1445095267 28
1445095267 28
1445095267 28
1445095267 28
1445095268 28
1445095268 28
1445095268 28
1445095268 28
1445095270 28
1445095270 28
1445095270 28
1445095270 28
1445095270 28
1445095270 28
1445095271 28
1445095271 28
1445095271 28
1445095271 28
1445095273 28
1445095273 28
1445095273 28
1445095273 28
1445095273 28
1445095274 28
1445095274 28
1445095274 28
1445095274 28
1445095274 28
1445095276 28
1445095276 28
1445095276 28
1445095276 28
1445095276 28
1445095277 28
1445095277 28
1445095277 28
1445095278 28
1445095278 28
1445095279 28
1445095279 28
1445095279 28
1445095279 28
1445095279 28
1445095280 28
1445095280 28
1445095280 28
1445095281 28
1445095281 28
1445095282 28
1445095282 28
1445095282 28
1445095282 28
1445095282 28
1445095283 28
1445095283 28
1445095283 28
1445095284 28
1445095284 28
1445095285 28
1445095285 28
1445095285 28
1445095285 28
1445095285 28
1445095286 28
1445095286 28
1445095286 28
1445095287 28
1445095287 28
1445095288 28
1445095288 28
1445095288 28
1445095288 28
1445095289 28
1445095289 28
1445095289 28
1445095289 28
1445095290 28
1445095290 28
1445095291 28
1445095291 28
1445095291 28
1445095291 28
1445095292 28
1445095292 28
1445095292 28
1445095292 28
1445095293 28
1445095293 28
1445095294 28
1445095294 28
1445095294 28
1445095294 28
1445095295 28
1445095295 28
1445095295 28
1445095295 28
1445095296 28
1445095296 28
1445095297 28
1445095297 28
1445095297 28
1445095297 28
1445095298 28
1445095298 28
1445095298 28
1445095298 28
1445095299 28
1445095299 28
1445095299 28
1445095300 28
1445095300 28
1445095300 28
1445095300 28
1445095300 28
1445095301 28
1445095301 28
1445095301 28
1445095301 28
1445095301 28
1445095302 28
1445095302 28
1445095303 28
1445095303 28
1445095303 28
1445095303 28
1445095304 28
1445095304 28
1445095304 28
1445095304 28
1445095304 28
1445095305 28
1445095305 28
1445095305 28
1445095305 28
1445095305 28
1445095306 28
1445095306 28
1445095306 28
1445095306 28
1445095307 28
1445095307 28
1445095307 28
1445095307 28
1445095308 28
1445095308 28
1445095309 28
1445095309 28
1445095309 28
1445095309 28
1445095310 28
1445095310 28
1445095310 28
1445095310 28
1445095310 28
1445095311 28
1445095311 28
1445095311 28
1445095312 28
1445095312 28
1445095312 28
1445095312 28
1445095312 28
1445095313 28
1445095313 28
1445095313 28
1445095313 28
1445095314 28
1445095314 28
1445095315 28
1445095315 28
1445095315 28
1445095315 28
1445095316 28
1445095316 28
1445095316 28
1445095316 28
1445095317 28
1445095317 28
1445095318 28
1445095318 28
1445095318 28
1445095318 28
1445095319 28
1445095319 28
1445095319 28
1445095319 28
1445095320 28
1445095320 28
1445095321 28
1445095321 28
1445095321 28
1445095321 28
1445095322 28
1445095322 28
1445095322 28
1445095322 28
1445095323 28
1445095323 28
1445095324 28
1445095324 28
1445095324 28
1445095324 28
1445095324 28
1445095324 28
1445095324 28
1445095324 28
1445095324 28
1445095324 28
1445095324 28
1445095324 28
1445095324 28
1445095324 28
1445095324 28
1445095324 28
1445095324 28
1445095324 28
1445095324 28
1445095325 28
1445095325 28
1445095325 28
1445095325 28
1445095325 28
1445095325 28
1445095325 28
1445095325 25
1445095325 21
1445095325 -1
1445095326 28
1445095326 28
1445095326 28
1445095326 28
1445095326 28
1445095326 28
1445095326 28
1445095326 28
1445095326 28
1445095326 28
1445095326 28
1445095326 28
1445095326 28
1445095326 28
1445095326 28
1445095326 28
1445095327 28
1445095327 28
1445095327 28
1445095327 28
1445095327 28
1445095328 28
1445095328 28
1445095328 28
1445095329 28
1445095329 28
1445095330 28
1445095330 28
1445095330 28
1445095330 28
1445095331 28
1445095331 28
1445095331 28
1445095331 28
1445095331 28
1445095331 28
1445095332 28
1445095332 28
1445095333 28
1445095333 28
1445095333 28
1445095333 28
1445095333 28
1445095333 28
1445095333 28
1445095333 28
1445095333 28
1445095333 28
1445095333 28
1445095333 28
1445095333 28
1445095333 28
1445095333 28
1445095333 28
1445095334 28
1445095334 28
1445095334 28
1445095334 28
1445095334 28
1445095334 28
1445095334 28
1445095334 28
1445095334 28
1445095334 28
1445095334 28
1445095334 28
1445095334 28
1445095334 28
1445095334 28
1445095334 28
1445095334 28
1445095334 28
1445095334 25
1445095334 21
1445095334 -1
1445095335 28
1445095335 28
1445095335 28
1445095335 28
1445095335 25
1445095335 21
1445095335 -1
1445095336 28
1445095336 28
1445095336 28
1445095336 28
1445095336 28
1445095337 28
1445095337 28
1445095337 28
1445095337 28
1445095337 28
1445095337 28
1445095337 28
1445095337 28
1445095337 28
1445095337 28
1445095337 28
1445095337 28
1445095337 28
1445095337 28
1445095337 28
1445095337 28
1445095337 28
1445095337 28
1445095337 28
1445095337 28
1445095337 28
1445095337 28
1445095337 28
1445095337 28
1445095337 28
1445095338 28
1445095338 28
1445095338 28
1445095338 28
1445095338 28
1445095338 28
1445095338 28
1445095338 28
1445095338 28
1445095338 28
1445095338 28
1445095338 28
1445095338 28
1445095338 28
1445095338 28
1445095338 28
1445095338 28
1445095338 28
1445095338 28
1445095338 28
1445095338 28
1445095338 28
1445095338 28
1445095338 28
1445095338 28
1445095338 25
1445095338 21
1445095338 -1
1445095338 28
1445095338 28
1445095338 25
1445095338 21
1445095338 -1
1445095338 28
1445095338 28
1445095338 25
1445095338 21
1445095338 -1
1445095339 28
1445095339 28
1445095339 28
1445095339 28
1445095339 28
1445095339 25
1445095339 21
1445095339 -1
1445095340 28
1445095340 28
1445095340 28
1445095340 28
1445095341 28
1445095342 28
1445095342 28
1445095342 28
1445095342 28
1445095342 28
1445095342 28
1445095342 28
1445095342 28
1445095342 28
1445095342 28
1445095342 28
1445095342 28
1445095342 28
1445095343 28
1445095343 28
1445095343 28
1445095343 28
1445095343 28
1445095343 25
1445095343 21
1445095343 -1
1445095343 28
1445095344 28
1445095345 28
1445095345 28
1445095345 28
1445095345 28
1445095345 28
1445095345 28
1445095345 28
1445095345 28
1445095345 28
1445095345 28
1445095345 28
1445095345 28
1445095345 28
1445095346 28
1445095346 28
1445095346 28
1445095346 28
1445095346 25
1445095346 21
1445095346 -1
1445095346 28
1445095347 28
1445095348 28
1445095349 28
1445095349 28
1445095350 28
1445095350 28
1445095350 28
1445095350 28
1445095350 28
1445095350 28
1445095350 28
1445095350 28
1445095350 28
1445095350 28
1445095350 28
1445095351 28
1445095351 28
1445095351 28
1445095352 28
1445095352 28
1445095352 28
1445095352 28
1445095352 25
1445095352 21
1445095352 -1
1445095353 28
1445095354 28
1445095354 28
1445095355 28
1445095356 28
1445095357 28
1445095357 28
1445095358 28
1445095359 28
1445095360 28
1445095360 28
1445095361 28
1445095362 28
1445095363 28
1445095363 28
1445095364 28
1445095365 28
1445095366 28
1445095367 28
1445095367 28
1445095369 28
1445095370 28
1445095370 28
1445095371 28
1445095372 28
1445095373 28
1445095373 28
1445095374 28
1445095375 28
1445095376 28
1445095376 28
1445095377 28
1445095378 28
1445095379 28
1445095379 28
1445095380 28
1445095381 28
1445095382 28
1445095382 28
1445095383 28
1445095384 28
1445095385 28
1445095385 28
1445095386 28
1445095387 28
1445095388 28
1445095388 28
1445095390 28
1445095391 28
1445095391 28
1445095392 28
1445095393 28
1445095394 28
1445095394 28
1445095395 28
1445095396 28
1445095397 28
1445095397 28
1445095398 28
1445095399 28
1445095400 28
1445095400 28
1445095401 28
1445095402 28
1445095403 28
1445095404 28
1445095404 28
1445095405 28
1445095406 28
1445095407 28
1445095407 28
1445095408 28
1445095410 28
1445095410 28
1445095411 28
1445095412 28
1445095413 28
1445095413 28
1445095414 28
1445095415 28
1445095416 28
1445095416 28
1445095417 28
1445095418 28
1445095419 28
1445095419 28
1445095420 28
1445095421 28
1445095422 28
1445095422 28
1445095423 28
1445095424 28
1445095425 28
1445095425 28
1445095426 28
1445095427 28
1445095428 28
1445095428 28
1445095429 28
1445095430 28
1445095431 28
1445095431 28
1445095433 28
1445095434 28
1445095434 28
1445095435 28
1445095436 28
1445095437 28
1445095437 28
1445095438 28
1445095439 28
1445095440 28
1445095440 28
1445095441 28
1445095442 28
1445095443 28
1445095444 28
1445095444 28
1445095445 28
1445095446 28
1445095447 28
1445095447 28
1445095448 28
1445095449 28
1445095450 28
1445095450 28
1445095452 28
1445095453 28
1445095453 28
1445095454 28
1445095455 28
1445095456 28
1445095456 28
1445095457 28
1445095458 28
1445095459 28
1445095459 28
1445095460 28
1445095461 28
1445095462 28
1445095462 28
1445095463 28
1445095464 28
1445095465 28
1445095465 28
1445095466 28
1445095467 28
1445095468 28
1445095468 28
1445095469 28
1445095470 28
1445095471 28
1445095471 28
1445095473 28
1445095474 28
1445095474 28
1445095475 28
1445095476 28
1445095477 28
1445095477 28
1445095478 28
1445095479 28
1445095480 28
1445095481 28
1445095481 28
1445095482 28
1445095483 28
1445095484 28
1445095484 28
1445095485 28
1445095486 28
1445095487 28
1445095487 28
1445095488 28
1445095490 28
1445095490 28
1445095491 28
1445095492 28
1445095493 28
1445095493 28
1445095494 28
1445095496 28
1445095496 28
1445095497 28
1445095498 28
1445095499 28
1445095499 28
1445095500 28
1445095501 28
1445095502 28
1445095502 28
1445095503 28
1445095504 28
1445095505 28
1445095505 28
1445095506 28
1445095507 28
1445095508 28
1445095508 28
1445095509 28
1445095510 28
1445095511 28
1445095511 28
1445095512 28
1445095514 28
1445095515 28
1445095515 28
1445095516 28
1445095517 28
1445095518 28
1445095518 28
1445095519 28
1445095520 28
1445095521 28
1445095521 28
1445095522 28
1445095523 28
1445095524 28
1445095524 28
1445095525 28
1445095526 28
1445095527 28
1445095527 28
1445095528 28
1445095529 28
1445095530 28
1445095530 28
1445095532 28
1445095533 28
1445095533 28
1445095534 28
1445095535 28
1445095536 28
1445095536 28
1445095537 28
1445095538 28
1445095539 28
1445095539 28
1445095540 28
1445095541 28
1445095542 28
1445095543 28
1445095543 28
1445095544 28
1445095545 28
1445095546 28
1445095546 28
1445095548 28
1445095549 28
1445095549 28
1445095550 28
1445095551 28
1445095552 28
1445095552 28
1445095553 28
1445095554 28
1445095555 28
1445095555 28
1445095556 28
1445095557 28
1445095558 28
1445095558 28
1445095559 28
1445095560 28
1445095561 28
1445095561 28
1445095562 28
1445095563 28
1445095564 28
1445095564 28
1445095565 28
1445095567 28
1445095567 28
1445095568 28
1445095569 28
1445095570 28
1445095570 28
1445095571 28
1445095572 28
1445095573 28
1445095574 28
1445095574 28
1445095575 28
1445095576 28
1445095577 28
1445095577 28
1445095578 28
1445095580 28
1445095580 28
1445095581 28
1445095582 28
1445095583 28
1445095583 28
1445095584 28
1445095585 28
1445095586 28
1445095586 28
1445095587 28
1445095588 28
1445095589 28
1445095589 28
1445095590 28
1445095591 28
1445095592 28
1445095592 28
1445095593 28
1445095594 28
1445095595 28
1445095595 28
1445095597 28
1445095598 28
1445095598 28
1445095599 28
1445095600 28
1445095601 28
1445095601 28
1445095602 28
1445095603 28
1445095604 28
1445095604 28
1445095605 28
1445095606 28
1445095607 28
1445095608 28
1445095608 28
1445095609 28
1445095610 28
1445095611 28
1445095611 28
1445095612 28
1445095614 28
1445095614 28
1445095615 28
1445095616 28
1445095617 28
1445095617 28
1445095618 28
1445095619 28
1445095620 28
1445095620 28
1445095621 28
1445095622 28
1445095623 28
1445095623 28
1445095624 28
1445095625 28
1445095626 28
1445095626 28
1445095627 28
1445095628 28
1445095629 28
1445095629 28
1445095631 28
1445095632 28
1445095632 28
1445095633 28
1445095634 28
1445095635 28
1445095635 28
1445095636 28
1445095637 28
1445095638 28
1445095638 28
1445095639 28
1445095640 28
1445095641 28
1445095642 28
1445095642 28
1445095644 28
1445095645 28
1445095645 28
1445095646 28
1445095647 28
1445095648 28
1445095648 28
1445095649 28
1445095650 28
1445095651 28
1445095651 28
1445095652 28
1445095653 28
1445095654 28
1445095654 28
1445095655 28
1445095656 28
1445095657 28
1445095657 28
1445095658 28
1445095660 28
1445095660 28
1445095661 28
1445095662 28
1445095663 28
1445095663 28
1445095664 28
1445095665 28
1445095666 28
1445095666 28
1445095667 28
1445095668 28
1445095669 28
1445095669 28
1445095670 28
1445095671 28
1445095672 28
1445095673 28
1445095673 28
1445095674 28
1445095675 28
1445095676 28
1445095676 28
1445095678 28
1445095679 28
1445095679 28
1445095680 28
1445095681 28
1445095682 28
1445095682 28
1445095683 28
1445095684 28
1445095685 28
1445095685 28
1445095686 28
1445095687 28
1445095688 28
1445095688 28
1445095689 28
1445095690 28
1445095691 28
1445095691 28
1445095692 28
1445095693 28
1445095694 28
1445095694 28
1445095695 28
1445095696 28
1445095697 28
1445095697 28
1445095698 28
1445095700 28
1445095700 28
1445095701 28
1445095702 28
1445095703 28
1445095703 28
1445095704 28
1445095705 28
1445095706 28
1445095706 28
1445095707 28
1445095708 28
1445095709 28
1445095710 28
1445095710 28
1445095711 28
1445095712 28
1445095713 28
1445095713 28
1445095715 28
1445095716 28
1445095717 28
1445095717 28
1445095718 28
1445095719 28
1445095720 28
1445095720 28
1445095721 28
1445095722 28
1445095723 28
1445095723 28
1445095724 28
1445095725 28
1445095726 28
1445095726 28
1445095727 28
1445095728 28
1445095729 28
1445095729 28
1445095730 28
1445095731 28
1445095732 28
1445095732 28
1445095733 28
1445095734 28
1445095735 28
1445095736 28
1445095737 28
1445095738 28
1445095738 28
1445095739 28
1445095740 28
1445095741 28
1445095741 28
1445095742 28
1445095743 28
1445095744 28
1445095744 28
1445095745 28
1445095746 28
1445095747 28
1445095747 28
1445095748 28
1445095749 28
1445095750 28
1445095750 28
1445095751 28
1445095752 28
1445095753 28
1445095753 28
1445095754 28
1445095755 28
1445095756 28
1445095757 28
1445095757 28
1445095758 28
1445095759 28
1445095760 28
1445095761 28
1445095762 28
1445095763 28
1445095763 28
1445095764 28
1445095765 28
1445095766 28
1445095766 28
1445095767 28
1445095768 28
1445095769 28
1445095769 28
1445095770 28
1445095771 28
1445095772 28
1445095772 28
1445095773 28
1445095774 28
1445095775 28
1445095775 28
1445095776 28
1445095777 28
1445095778 28
1445095778 28
1445095779 28
1445095779 28
1445095779 28
1445095781 28
1445095784 28
1445095787 28
1445095790 28
1445095793 28
1445095796 28
1445095800 28
1445095803 28
1445095806 28
1445095809 28
1445095812 28
1445095815 28
1445095818 28
1445095821 28
1445095824 28
1445095827 28
1445095830 28
1445095833 28
1445095836 28
1445095839 28
1445095843 28
1445095846 28
1445095849 28
1445095852 28
1445095855 28
1445095858 28
1445095861 28
1445095864 28
1445095867 28
1445095870 28
1445095873 28
1445095876 28
1445095879 28
1445095882 28
1445095885 28
1445095888 28
1445095891 28
1445095894 28
1445095898 28
1445095901 28
1445095904 28
1445095907 28
1445095910 28
1445095913 28
1445095916 28
1445095919 28
1445095922 28
1445095925 28
1445095928 28
1445095931 28
1445095934 28
1445095937 28
1445095940 28
1445095944 28
1445095947 28
1445095950 28
1445095953 28
1445095956 28
1445095959 28
1445095962 28
1445095965 28
1445095968 28
1445095971 28
1445095974 28
1445095977 28
1445095980 28
1445095983 28
1445095986 28
1445095989 28
1445095992 28
1445095995 28
1445095998 28
1445096001 28
1445096005 28
1445096008 28
1445096011 28
1445096014 28
1445096017 28
1445096020 28
1445096023 28
1445096026 28
1445096029 28
1445096032 28
1445096036 28
1445096039 28
1445096042 28
1445096045 28
1445096048 28
1445096051 28
1445096054 28
1445096057 28
1445096060 28
1445096063 28
1445096066 28
1445096069 28
1445096072 28
1445096075 28
1445096078 28
1445096081 28
1445096084 28
1445096087 28
1445096090 28
1445096093 28
1445096096 28
1445096099 28
1445096102 28
1445096105 28
1445096109 28
1445096110 28
1445096110 28
1445096110 28
1445096110 28
1445096110 28
1445096110 28
1445096110 28
1445096110 28
1445096111 28
1445096111 28
1445096111 28
1445096111 28
1445096111 28
1445096111 6
1445096111 17
1445096111 19
1445096111 22
1445096111 18
1445096111 23
1445096111 14
1445096111 16
1445096111 9
1445096111 11
1445096111 10
1445096111 12
1445096111 28
1445096111 28
1445096111 28
1445096111 28
1445096112 28
1445096113 28
1445096113 28
1445096113 28
1445096113 28
1445096113 28
1445096113 28
1445096113 28
1445096113 28
1445096113 28
1445096114 28
1445096114 28
1445096114 28
1445096114 28
1445096114 28
1445096124 28
1445096125 28
1445096125 28
1445096128 28
1445096129 28
1445096130 28
1445096131 28
1445096132 28
1445096133 28
1445096134 28
1445096134 28
1445096135 28
1445096136 28
1445096137 28
1445096137 28
1445096138 28
1445096139 28
1445096140 28
1445096140 28
1445096141 28
1445096143 28
1445096143 28
1445096144 28
1445096145 28
1445096146 28
1445096146 28
1445096147 28
1445096148 28
1445096149 28
1445096149 28
1445096150 28
1445096151 28
1445096152 28
1445096152 28
1445096153 28
1445096154 28
1445096155 28
1445096155 28
1445096156 28
1445096157 28
1445096158 28
1445096159 28
1445096160 28
1445096161 28
1445096162 28
1445096162 28
1445096163 28
1445096164 28
1445096165 28
1445096165 28
1445096166 28
1445096167 28
1445096168 28
1445096168 28
1445096169 28
1445096170 28
1445096171 28
1445096171 28
1445096172 28
1445096174 28
1445096174 28
1445096175 28
1445096176 28
1445096177 28
1445096177 28
1445096178 28
1445096179 28
1445096180 28
1445096181 28
1445096181 28
1445096182 28
1445096183 28
1445096184 28
1445096184 28
1445096185 28
1445096186 28
1445096187 28
1445096187 28
1445096188 28
1445096190 28
1445096190 28
1445096191 28
1445096192 28
1445096193 28
1445096193 28
1445096194 28
1445096195 28
1445096196 28
1445096196 28
1445096197 28
1445096198 28
1445096199 28
1445096199 28
1445096200 28
1445096201 28
1445096202 28
1445096202 28
1445096203 28
1445096204 28
1445096205 28
1445096206 28
1445096207 28
1445096208 28
1445096209 28
1445096209 28
1445096210 28
1445096211 28
1445096212 28
1445096212 28
1445096213 28
1445096214 28
1445096215 28
1445096215 28
1445096216 28
1445096217 28
1445096218 28
1445096218 28
1445096219 28
1445096221 28
1445096221 28
1445096222 28
1445096223 28
1445096224 28
1445096224 28
1445096225 28
1445096226 28
1445096227 28
1445096227 28
1445096228 28
1445096229 28
1445096230 28
1445096230 28
1445096231 28
1445096232 28
1445096233 28
1445096233 28
1445096235 28
1445096236 28
1445096237 28
1445096237 28
1445096238 28
1445096239 28
1445096240 28
1445096240 28
1445096241 28
1445096242 28
1445096243 28
1445096243 28
1445096244 28
1445096245 28
1445096246 28
1445096246 28
1445096247 28
1445096248 28
1445096249 28
1445096249 28
1445096250 28
1445096251 28
1445096252 28
1445096253 28
1445096254 28
1445096255 28
1445096255 28
1445096256 28
1445096257 28
1445096258 28
1445096258 28
1445096259 28
1445096260 28
1445096261 28
1445096262 28
1445096262 28
1445096263 28
1445096264 28
1445096265 28
1445096265 28
1445096266 28
1445096267 28
1445096268 28
1445096269 28
1445096270 28
1445096271 28
1445096271 28
1445096272 28
1445096273 28
1445096274 28
1445096274 28
1445096275 28
1445096276 28
1445096277 28
1445096277 28
1445096278 28
1445096279 28
1445096280 28
1445096280 28
1445096281 28
1445096282 28
1445096283 28
1445096283 28
1445096284 28
1445096286 28
1445096286 28
1445096287 28
1445096288 28
1445096289 28
1445096290 28
1445096290 28
1445096291 28
1445096292 28
1445096293 28
1445096293 28
1445096294 28
1445096295 28
1445096296 28
1445096296 28
1445096298 28
1445096299 28
1445096299 28
1445096300 28
1445096301 28
1445096302 28
1445096302 28
1445096303 28
1445096304 28
1445096305 28
1445096305 28
1445096306 28
1445096307 28
1445096308 28
1445096308 28
1445096309 28
1445096310 28
1445096311 28
1445096312 28
1445096313 28
1445096314 28
1445096314 28
1445096315 28
1445096316 28
1445096317 28
1445096317 28
1445096318 28
1445096319 28
1445096320 28
1445096320 28
1445096321 28
1445096322 28
1445096323 28
1445096324 28
1445096324 28
1445096325 28
1445096327 28
1445096327 28
1445096328 28
1445096329 28
1445096330 28
1445096330 28
1445096331 28
1445096332 28
1445096333 28
1445096333 28
1445096334 28
1445096335 28
1445096336 28
1445096336 28
1445096337 28
1445096338 28
1445096339 28
1445096340 28
1445096341 28
1445096342 28
1445096342 28
1445096343 28
1445096344 28
1445096345 28
1445096345 28
1445096346 28
1445096347 28
1445096348 28
1445096348 28
1445096349 28
1445096350 28
1445096351 28
1445096352 28
1445096353 28
1445096354 28
1445096355 28
1445096355 28
1445096356 28
1445096357 28
1445096358 28
1445096358 28
1445096359 28
1445096360 28
1445096361 28
1445096361 28
1445096362 28
1445096363 28
1445096364 28
1445096364 28
1445096365 28
1445096367 28
1445096367 28
1445096368 28
1445096369 28
1445096370 28
1445096370 28
1445096371 28
1445096372 28
1445096373 28
1445096373 28
1445096374 28
1445096375 28
1445096376 28
1445096377 28
1445096377 28
1445096378 28
1445096380 28
1445096380 28
1445096381 28
1445096382 28
1445096383 28
1445096383 28
1445096384 28
1445096385 28
1445096386 28
1445096386 28
1445096387 28
1445096388 28
1445096389 28
1445096389 28
1445096390 28
1445096392 28
1445096392 28
1445096393 28
1445096394 28
1445096395 28
1445096395 28
1445096396 28
1445096397 28
1445096398 28
1445096399 28
1445096399 28
1445096400 28
1445096401 28
1445096402 28
1445096403 28
1445096404 28
1445096405 28
1445096405 28
1445096406 28
1445096407 28
1445096408 28
1445096408 28
1445096409 28
1445096410 28
1445096411 28
1445096411 28
1445096412 28
1445096413 28
1445096414 28
1445096414 28
1445096415 28
1445096416 28
1445096417 28
1445096417 28
1445096418 28
1445096420 28
1445096420 28
1445096421 28
1445096423 28
1445096424 28
1445096424 28
1445096425 28
1445096426 28
1445096427 28
1445096427 28
1445096428 28
1445096429 28
1445096430 28
1445096430 28
1445096431 28
1445096432 28
1445096433 28
1445096433 28
1445096434 28
1445096435 28
1445096436 28
1445096436 28
1445096437 28
1445096438 28
1445096439 28
1445096440 28
1445096441 28
1445096442 28
1445096442 28
1445096443 28
1445096444 28
1445096445 28
1445096445 28
1445096446 28
1445096447 28
1445096448 28
1445096448 28
1445096449 28
1445096450 28
1445096451 28
1445096452 28
1445096452 28
1445096453 28
1445096455 28
1445096455 28
1445096456 28
1445096457 28
1445096458 28
1445096458 28
1445096459 28
1445096460 28
1445096461 28
1445096461 28
1445096462 28
1445096463 28
1445096464 28
1445096464 28
1445096465 28
1445096466 28
1445096467 28
1445096467 28
1445096468 28
1445096470 28
1445096470 28
1445096471 28
1445096472 28
1445096473 28
1445096473 28
1445096474 28
1445096475 28
1445096476 28
1445096476 28
1445096477 28
1445096478 28
1445096479 28
1445096479 28
1445096480 28
1445096481 28
1445096482 28
1445096483 28
1445096483 28
1445096485 28
1445096486 28
1445096486 28
1445096487 28
1445096488 28
1445096489 28
1445096489 28
1445096490 28
1445096491 28
1445096492 28
1445096492 28
1445096493 28
1445096494 28
1445096495 28
1445096495 28
1445096496 28
1445096497 28
1445096498 28
1445096498 28
1445096499 28
1445096500 28
1445096501 28
1445096502 28
1445096503 28
1445096504 28
1445096504 28
1445096505 28
1445096506 28
1445096507 28
1445096507 28
1445096508 28
1445096509 28
1445096510 28
1445096510 28
1445096511 28
1445096512 28
1445096513 28
1445096514 28
1445096514 28
1445096515 28
1445096516 28
1445096517 28
1445096518 28
1445096519 28
1445096520 28
1445096520 28
1445096521 28
1445096522 28
1445096523 28
1445096523 28
1445096524 28
1445096525 28
1445096526 28
1445096526 28
1445096527 28
1445096528 28
1445096529 28
1445096529 28
1445096530 28
1445096531 28
1445096532 28
1445096532 28
1445096533 28
1445096535 28
1445096535 28
1445096536 28
1445096537 28
1445096538 28
1445096538 28
1445096539 28
1445096540 28
1445096541 28
1445096542 28
1445096542 28
1445096543 28
1445096544 28
1445096545 28
1445096545 28
1445096546 28
1445096547 28
1445096548 28
1445096548 28
1445096549 28
1445096551 28
1445096551 28
1445096552 28
1445096553 28
1445096554 28
1445096554 28
1445096555 28
1445096556 28
1445096557 28
1445096557 28
1445096558 28
1445096559 28
1445096560 28
1445096560 28
1445096561 28
1445096562 28
1445096563 28
1445096563 28
1445096565 28
1445096566 28
1445096567 28
1445096567 28
1445096568 28
1445096569 28
1445096570 28
1445096570 28
1445096571 28
1445096572 28
1445096573 28
1445096573 28
1445096574 28
1445096575 28
1445096576 28
1445096576 28
1445096577 28
1445096579 28
1445096579 28
1445096580 28
1445096581 28
1445096582 28
1445096582 28
1445096584 28
1445096585 28
1445096585 28
1445096586 28
1445096587 28
1445096588 28
1445096588 28
1445096589 28
1445096590 28
1445096591 28
1445096592 28
1445096592 28
1445096593 28
1445096594 28
1445096595 28
1445096595 28
1445096596 28
1445096597 28
1445096598 28
1445096598 28
1445096600 28
1445096601 28
1445096601 28
1445096602 28
1445096603 28
1445096604 28
1445096604 28
1445096605 28
1445096606 28
1445096607 28
1445096607 28
1445096608 28
1445096609 28
1445096610 28
1445096610 28
1445096611 28
1445096612 28
1445096613 28
1445096613 28
1445096613 28
1445096613 28
1445096613 28
1445096613 28
1445096613 28
1445096613 28
1445096613 28
1445096613 28
1445096613 2
1445096613 28
1445096613 28
1445096613 28
1445096613 28
1445096614 28
1445096614 6
1445096614 17
1445096614 19
1445096614 22
1445096614 18
1445096614 23
1445096614 14
1445096614 16
1445096614 9
1445096614 11
1445096614 10
1445096614 12
1445096614 28
1445096614 28
1445096614 28
1445096614 28
1445096615 28
1445096616 28
1445096616 28
1445096616 28
1445096616 28
1445096616 28
1445096616 28
1445096616 28
1445096616 28
1445096616 28
1445096616 28
1445096616 28
1445096616 28
1445096616 28
1445096617 28
1445096619 28
1445096619 28
1445096619 28
1445096621 28
1445096622 28
1445096623 28
1445096624 28
1445096625 28
1445096626 28
1445096627 28
1445096627 28
1445096628 28
1445096629 28
1445096630 28
1445096630 28
1445096631 28
1445096632 28
1445096633 28
1445096633 28
1445096634 28
1445096634 28
1445096636 28
1445096639 28
1445096695 28
1445096699 28
1445096702 28
1445096705 28
1445096708 28
1445096711 28
1445096714 28
1445096717 28
1445096720 28
1445096723 28
1445096726 28
1445096729 28
1445096732 28
1445096735 28
1445096738 28
1445096741 28
1445096744 28
1445096747 28
1445096750 28
1445096753 28
1445096756 28
1445096759 28
1445096762 28
1445096765 28
1445096768 28
1445096771 28
1445096774 28
1445096777 28
1445096780 28
1445096783 28
1445096786 28
1445096789 28
1445096792 28
1445096795 28
1445096798 28
1445096801 28
1445096805 28
1445096808 28
1445096811 28
1445096814 28
1445096817 28
1445096820 28
1445096823 28
1445096826 28
1445096829 28
1445096832 28
1445096835 28
1445096838 28
1445096841 28
1445096844 28
1445096847 28
1445096850 28
1445096853 28
1445096856 28
1445096859 28
1445096862 28
1445096865 28
1445096868 28
1445096871 28
1445096874 28
1445096877 28
1445096880 28
1445096883 28
1445096886 28
1445096889 28
1445096892 28
1445096895 28
1445096898 28
1445096901 28
1445096904 28
1445096907 28
1445096910 28
1445096913 28
1445096916 28
1445096919 28
1445096922 28
1445096925 28
1445096928 28
1445096931 28
1445096934 28
1445096937 28
1445096940 28
1445096943 28
1445096946 28
1445096949 28
1445096952 28
1445096955 28
1445096958 28
1445096961 28
1445096964 28
1445096967 28
1445096970 28
1445096973 28
1445096976 28
1445096979 28
1445096982 28
1445096985 28
1445096988 28
1445096991 28
1445096994 28
1445096997 28
1445097000 28
1445097003 28
1445097006 28
1445097009 28
1445097013 28
1445097016 28
1445097019 28
1445097022 28
1445097025 28
1445097028 28
1445097031 28
1445097034 28
1445097037 28
1445097040 28
1445097043 28
1445097046 28
1445097049 28
1445097052 28
1445097055 28
1445097058 28
1445097061 28
1445097064 28
1445097067 28
1445097067 28
1445097067 28
1445097067 28
1445097067 28
1445097067 28
1445097067 28
1445097067 28
1445097067 28
1445097067 28
1445097067 28
1445097067 28
1445097067 28
1445097067 28
1445097067 28
1445097067 28
1445097067 28
1445097067 28
1445097067 28
1445097067 28
1445097067 28
1445097067 28
1445097067 28
1445097067 28
1445097067 28
1445097067 28
1445097067 28
1445097067 28
1445097067 8
1445097067 28
1445097067 8
1445097067 28
1445097067 15
1445097067 28
1445097067 15
1445097067 28
1445097067 5
1445097067 26
1445097067 28
1445097067 4
1445097067 20
1445097067 28
1445097067 3
1445097067 13
1445097067 28
1445097067 28
1445097067 28
1445097067 28
1445097068 28
1445097068 28
1445097068 28
1445097068 28
1445097068 28
1445097068 28
