1445095241 35
1445095242 35
1445095242 35
1445095242 35
1445095243 35
1445095243 35
1445095243 35
1445095243 35
1445095243 35
1445095243 35
1445095243 35
1445095243 35
1445095243 35
1445095243 35
1445095243 35
1445095243 35
1445095243 35
1445095243 35
1445095243 35
1445095243 35
1445095243 35
1445095243 35
1445095244 35
1445095244 35
1445095244 35
1445095244 35
1445095244 35
1445095244 35
1445095244 35
1445095244 35
1445095244 35
1445095244 35
1445095244 35
1445095244 35
1445095244 8
1445095244 35
1445095244 35
1445095244 35
1445095244 35
1445095244 35
1445095244 35
1445095244 35
1445095244 64
1445095244 5
1445095244 64
1445095244 35
1445095245 35
1445095245 35
1445095245 35
1445095245 35
1445095245 35
1445095245 35
1445095245 35
1445095245 35
1445095245 35
1445095245 35
1445095245 35
1445095245 35
1445095245 35
1445095245 35
1445095245 35
1445095245 35
1445095245 35
1445095245 35
1445095245 35
1445095245 35
1445095245 35
1445095245 35
1445095245 35
1445095245 35
1445095245 35
1445095245 35
1445095245 35
1445095245 35
1445095245 35
1445095245 35
1445095245 35
1445095245 35
1445095245 35
1445095245 35
1445095245 35
1445095245 35
1445095245 35
1445095245 35
1445095245 35
1445095245 35
1445095245 35
1445095245 35
1445095245 35
1445095245 35
1445095245 35
1445095245 35
1445095245 35
1445095245 35
1445095245 35
1445095245 35
1445095245 35
1445095245 35
1445095245 35
1445095245 35
1445095245 35
1445095245 35
1445095245 35
1445095245 35
1445095245 35
1445095245 35
1445095245 35
1445095245 35
1445095246 35
1445095246 35
1445095246 35
1445095246 35
1445095247 35
1445095247 35
1445095247 35
1445095247 35
1445095247 35
1445095247 35
1445095247 35
1445095247 35
1445095247 35
1445095247 35
1445095247 35
1445095247 35
1445095247 35
1445095247 35
1445095247 35
1445095247 35
1445095247 35
1445095247 35
1445095247 35
1445095247 35
1445095247 35
1445095247 35
1445095247 35
1445095247 35
1445095247 35
1445095247 35
1445095247 35
1445095247 35
1445095247 35
1445095247 35
1445095247 35
1445095247 35
1445095247 35
1445095247 35
1445095247 35
1445095247 35
1445095247 35
1445095247 35
1445095247 35
1445095247 35
1445095247 35
1445095247 35
1445095247 35
1445095247 35
1445095247 35
1445095247 35
1445095247 35
1445095247 35
1445095247 35
1445095247 35
1445095247 35
1445095247 35
1445095247 35
1445095247 35
1445095247 35
1445095247 35
1445095247 35
1445095247 35
1445095247 35
1445095247 35
1445095247 35
1445095247 35
1445095247 35
1445095247 35
1445095247 35
1445095247 35
1445095247 35
1445095247 35
1445095247 35
1445095247 35
1445095247 35
1445095247 35
1445095247 35
1445095247 35
1445095247 35
1445095247 35
1445095247 35
1445095247 35
1445095247 35
1445095247 35
1445095248 35
1445095248 35
1445095248 35
1445095248 35
1445095248 35
1445095248 35
1445095248 35
1445095248 35
1445095248 35
1445095248 35
1445095248 35
1445095248 35
1445095248 35
1445095248 35
1445095248 35
1445095248 35
1445095248 35
1445095248 35
1445095248 35
1445095248 35
1445095248 35
1445095248 35
1445095248 35
1445095248 35
1445095248 35
1445095248 35
1445095248 35
1445095248 35
1445095248 35
1445095248 35
1445095248 35
1445095248 35
1445095248 35
1445095248 35
1445095248 35
1445095248 35
1445095248 35
1445095248 35
1445095248 35
1445095248 35
1445095251 35
1445095251 35
1445095251 35
1445095251 35
1445095251 35
1445095251 35
1445095251 35
1445095251 35
1445095251 35
1445095251 35
1445095251 35
1445095251 35
1445095251 35
1445095251 35
1445095251 35
1445095251 35
1445095251 35
1445095251 35
1445095252 35
1445095252 35
1445095252 35
1445095252 35
1445095252 35
1445095252 35
1445095252 35
1445095252 35
1445095252 35
1445095252 35
1445095252 35
1445095252 35
1445095258 35
1445095258 35
1445095259 35
1445095259 35
1445095259 35
1445095259 35
1445095261 35
1445095261 35
1445095261 35
1445095261 35
1445095261 35
1445095261 35
1445095262 35
1445095262 35
1445095262 35
1445095262 35
1445095264 35
1445095264 35
1445095264 35
1445095264 35
1445095264 35
1445095264 35
1445095265 35
1445095265 35
1445095265 35
1445095265 35
1445095267 35
1445095267 35
1445095267 35
1445095267 35
1445095267 35
1445095267 35
1445095268 35
1445095268 35
1445095268 35
1445095268 35
1445095270 35
1445095270 35
1445095270 35
1445095270 35
1445095270 35
1445095270 35
1445095271 35
1445095271 35
1445095271 35
1445095271 35
1445095273 35
1445095273 35
1445095273 35
1445095273 35
1445095273 35
1445095274 35
1445095274 35
1445095274 35
1445095274 35
1445095274 35
1445095276 35
1445095276 35
1445095276 35
1445095276 35
1445095276 35
1445095277 35
1445095277 35
1445095277 35
1445095278 35
1445095278 35
1445095279 35
1445095279 35
1445095279 35
1445095279 35
1445095279 35
1445095280 35
1445095280 35
1445095280 35
1445095281 35
1445095281 35
1445095282 35
1445095282 35
1445095282 35
1445095282 35
1445095282 35
1445095283 35
1445095283 35
1445095283 35
1445095284 35
1445095284 35
1445095285 35
1445095285 35
1445095285 35
1445095285 35
1445095285 35
1445095286 35
1445095286 35
1445095286 35
1445095287 35
1445095287 35
1445095288 35
1445095288 35
1445095288 35
1445095288 35
1445095289 35
1445095289 35
1445095289 35
1445095289 35
1445095290 35
1445095290 35
1445095291 35
1445095291 35
1445095291 35
1445095291 35
1445095292 35
1445095292 35
1445095292 35
1445095292 35
1445095293 35
1445095293 35
1445095294 35
1445095294 35
1445095294 35
1445095294 35
1445095295 35
1445095295 35
1445095295 35
1445095295 35
1445095296 35
1445095296 35
1445095297 35
1445095297 35
1445095297 35
1445095297 35
1445095298 35
1445095298 35
1445095298 35
1445095298 35
1445095299 35
1445095299 35
1445095299 35
1445095300 35
1445095300 35
1445095300 35
1445095300 35
1445095300 35
1445095301 35
1445095301 35
1445095301 35
1445095301 35
1445095301 35
1445095302 35
1445095302 35
1445095303 35
1445095303 35
1445095303 35
1445095303 35
1445095304 35
1445095304 35
1445095304 35
1445095304 35
1445095304 35
1445095305 35
1445095305 35
1445095305 35
1445095305 35
1445095305 35
1445095306 35
1445095306 35
1445095306 35
1445095306 35
1445095307 35
1445095307 35
1445095307 35
1445095307 35
1445095308 35
1445095308 35
1445095309 35
1445095309 35
1445095309 35
1445095309 35
1445095310 35
1445095310 35
1445095310 35
1445095310 35
1445095310 35
1445095311 35
1445095311 35
1445095311 35
1445095312 35
1445095312 35
1445095312 35
1445095312 35
1445095312 35
1445095313 35
1445095313 35
1445095313 35
1445095313 35
1445095314 35
1445095314 35
1445095315 35
1445095315 35
1445095315 35
1445095315 35
1445095316 35
1445095316 35
1445095316 35
1445095316 35
1445095317 35
1445095317 35
1445095318 35
1445095318 35
1445095318 35
1445095318 35
1445095319 35
1445095319 35
1445095319 35
1445095319 35
1445095320 35
1445095320 35
1445095321 35
1445095321 35
1445095321 35
1445095321 35
1445095322 35
1445095322 35
1445095322 35
1445095322 35
1445095323 35
1445095323 35
1445095324 35
1445095324 35
1445095324 35
1445095324 35
1445095324 35
1445095324 35
1445095324 35
1445095324 35
1445095324 35
1445095324 35
1445095324 35
1445095324 35
1445095324 35
1445095324 35
1445095324 35
1445095324 35
1445095324 35
1445095324 35
1445095324 35
1445095325 35
1445095325 35
1445095325 35
1445095325 35
1445095325 35
1445095325 35
1445095325 35
1445095325 113
1445095325 119
1445095325 170
1445095326 35
1445095326 35
1445095326 35
1445095326 35
1445095326 35
1445095326 35
1445095326 35
1445095326 35
1445095326 35
1445095326 35
1445095326 35
1445095326 35
1445095326 35
1445095326 35
1445095326 35
1445095326 35
1445095327 35
1445095327 35
1445095327 35
1445095327 35
1445095327 35
1445095328 35
1445095328 35
1445095328 35
1445095329 35
1445095329 35
1445095330 35
1445095330 35
1445095330 35
1445095330 35
1445095331 35
1445095331 35
1445095331 35
1445095331 35
1445095331 35
1445095331 35
1445095332 35
1445095332 35
1445095333 35
1445095333 35
1445095333 35
1445095333 35
1445095333 35
1445095333 35
1445095333 35
1445095333 35
1445095333 35
1445095333 35
1445095333 35
1445095333 35
1445095333 35
1445095333 35
1445095333 35
1445095333 35
1445095334 35
1445095334 35
1445095334 35
1445095334 35
1445095334 35
1445095334 35
1445095334 35
1445095334 35
1445095334 35
1445095334 35
1445095334 35
1445095334 35
1445095334 35
1445095334 35
1445095334 35
1445095334 35
1445095334 35
1445095334 35
1445095334 113
1445095334 119
1445095334 170
1445095335 35
1445095335 35
1445095335 35
1445095335 35
1445095335 113
1445095335 119
1445095335 170
1445095336 35
1445095336 35
1445095336 35
1445095336 35
1445095336 35
1445095337 35
1445095337 35
1445095337 35
1445095337 35
1445095337 35
1445095337 35
1445095337 35
1445095337 35
1445095337 35
1445095337 35
1445095337 35
1445095337 35
1445095337 35
1445095337 35
1445095337 35
1445095337 35
1445095337 35
1445095337 35
1445095337 35
1445095337 35
1445095337 35
1445095337 35
1445095337 35
1445095337 35
1445095337 35
1445095338 35
1445095338 35
1445095338 35
1445095338 35
1445095338 35
1445095338 35
1445095338 35
1445095338 35
1445095338 35
1445095338 35
1445095338 35
1445095338 35
1445095338 35
1445095338 35
1445095338 35
1445095338 35
1445095338 35
1445095338 35
1445095338 35
1445095338 35
1445095338 35
1445095338 35
1445095338 35
1445095338 35
1445095338 35
1445095338 113
1445095338 119
1445095338 170
1445095338 35
1445095338 35
1445095338 113
1445095338 119
1445095338 170
1445095338 35
1445095338 35
1445095338 113
1445095338 119
1445095338 170
1445095339 35
1445095339 35
1445095339 35
1445095339 35
1445095339 35
1445095339 113
1445095339 119
1445095339 170
1445095340 35
1445095340 35
1445095340 35
1445095340 35
1445095341 35
1445095342 35
1445095342 35
1445095342 35
1445095342 35
1445095342 35
1445095342 35
1445095342 35
1445095342 35
1445095342 35
1445095342 35
1445095342 35
1445095342 35
1445095342 35
1445095343 35
1445095343 35
1445095343 35
1445095343 35
1445095343 35
1445095343 113
1445095343 119
1445095343 170
1445095343 35
1445095344 35
1445095345 35
1445095345 35
1445095345 35
1445095345 35
1445095345 35
1445095345 35
1445095345 35
1445095345 35
1445095345 35
1445095345 35
1445095345 35
1445095345 35
1445095345 35
1445095346 35
1445095346 35
1445095346 35
1445095346 35
1445095346 113
1445095346 119
1445095346 170
1445095346 35
1445095347 35
1445095348 35
1445095349 35
1445095349 35
1445095350 35
1445095350 35
1445095350 35
1445095350 35
1445095350 35
1445095350 35
1445095350 35
1445095350 35
1445095350 35
1445095350 35
1445095350 35
1445095351 35
1445095351 35
1445095351 35
1445095352 35
1445095352 35
1445095352 35
1445095352 35
1445095352 113
1445095352 119
1445095352 170
1445095353 35
1445095354 35
1445095354 35
1445095355 35
1445095356 35
1445095357 35
1445095357 35
1445095358 35
1445095359 35
1445095360 35
1445095360 35
1445095361 35
1445095362 35
1445095363 35
1445095363 35
1445095364 35
1445095365 35
1445095366 35
1445095367 35
1445095367 35
1445095369 35
1445095370 35
1445095370 35
1445095371 35
1445095372 35
1445095373 35
1445095373 35
1445095374 35
1445095375 35
1445095376 35
1445095376 35
1445095377 35
1445095378 35
1445095379 35
1445095379 35
1445095380 35
1445095381 35
1445095382 35
1445095382 35
1445095383 35
1445095384 35
1445095385 35
1445095385 35
1445095386 35
1445095387 35
1445095388 35
1445095388 35
1445095390 35
1445095391 35
1445095391 35
1445095392 35
1445095393 35
1445095394 35
1445095394 35
1445095395 35
1445095396 35
1445095397 35
1445095397 35
1445095398 35
1445095399 35
1445095400 35
1445095400 35
1445095401 35
1445095402 35
1445095403 35
1445095404 35
1445095404 35
1445095405 35
1445095406 35
1445095407 35
1445095407 35
1445095408 35
1445095410 35
1445095410 35
1445095411 35
1445095412 35
1445095413 35
1445095413 35
1445095414 35
1445095415 35
1445095416 35
1445095416 35
1445095417 35
1445095418 35
1445095419 35
1445095419 35
1445095420 35
1445095421 35
1445095422 35
1445095422 35
1445095423 35
1445095424 35
1445095425 35
1445095425 35
1445095426 35
1445095427 35
1445095428 35
1445095428 35
1445095429 35
1445095430 35
1445095431 35
1445095431 35
1445095433 35
1445095434 35
1445095434 35
1445095435 35
1445095436 35
1445095437 35
1445095437 35
1445095438 35
1445095439 35
1445095440 35
1445095440 35
1445095441 35
1445095442 35
1445095443 35
1445095444 35
1445095444 35
1445095445 35
1445095446 35
1445095447 35
1445095447 35
1445095448 35
1445095449 35
1445095450 35
1445095450 35
1445095452 35
1445095453 35
1445095453 35
1445095454 35
1445095455 35
1445095456 35
1445095456 35
1445095457 35
1445095458 35
1445095459 35
1445095459 35
1445095460 35
1445095461 35
1445095462 35
1445095462 35
1445095463 35
1445095464 35
1445095465 35
1445095465 35
1445095466 35
1445095467 35
1445095468 35
1445095468 35
1445095469 35
1445095470 35
1445095471 35
1445095471 35
1445095473 35
1445095474 35
1445095474 35
1445095475 35
1445095476 35
1445095477 35
1445095477 35
1445095478 35
1445095479 35
1445095480 35
1445095481 35
1445095481 35
1445095482 35
1445095483 35
1445095484 35
1445095484 35
1445095485 35
1445095486 35
1445095487 35
1445095487 35
1445095488 35
1445095490 35
1445095490 35
1445095491 35
1445095492 35
1445095493 35
1445095493 35
1445095494 35
1445095496 35
1445095496 35
1445095497 35
1445095498 35
1445095499 35
1445095499 35
1445095500 35
1445095501 35
1445095502 35
1445095502 35
1445095503 35
1445095504 35
1445095505 35
1445095505 35
1445095506 35
1445095507 35
1445095508 35
1445095508 35
1445095509 35
1445095510 35
1445095511 35
1445095511 35
1445095512 35
1445095514 35
1445095515 35
1445095515 35
1445095516 35
1445095517 35
1445095518 35
1445095518 35
1445095519 35
1445095520 35
1445095521 35
1445095521 35
1445095522 35
1445095523 35
1445095524 35
1445095524 35
1445095525 35
1445095526 35
1445095527 35
1445095527 35
1445095528 35
1445095529 35
1445095530 35
1445095530 35
1445095532 35
1445095533 35
1445095533 35
1445095534 35
1445095535 35
1445095536 35
1445095536 35
1445095537 35
1445095538 35
1445095539 35
1445095539 35
1445095540 35
1445095541 35
1445095542 35
1445095543 35
1445095543 35
1445095544 35
1445095545 35
1445095546 35
1445095546 35
1445095548 35
1445095549 35
1445095549 35
1445095550 35
1445095551 35
1445095552 35
1445095552 35
1445095553 35
1445095554 35
1445095555 35
1445095555 35
1445095556 35
1445095557 35
1445095558 35
1445095558 35
1445095559 35
1445095560 35
1445095561 35
1445095561 35
1445095562 35
1445095563 35
1445095564 35
1445095564 35
1445095565 35
1445095567 35
1445095567 35
1445095568 35
1445095569 35
1445095570 35
1445095570 35
1445095571 35
1445095572 35
1445095573 35
1445095574 35
1445095574 35
1445095575 35
1445095576 35
1445095577 35
1445095577 35
1445095578 35
1445095580 35
1445095580 35
1445095581 35
1445095582 35
1445095583 35
1445095583 35
1445095584 35
1445095585 35
1445095586 35
1445095586 35
1445095587 35
1445095588 35
1445095589 35
1445095589 35
1445095590 35
1445095591 35
1445095592 35
1445095592 35
1445095593 35
1445095594 35
1445095595 35
1445095595 35
1445095597 35
1445095598 35
1445095598 35
1445095599 35
1445095600 35
1445095601 35
1445095601 35
1445095602 35
1445095603 35
1445095604 35
1445095604 35
1445095605 35
1445095606 35
1445095607 35
1445095608 35
1445095608 35
1445095609 35
1445095610 35
1445095611 35
1445095611 35
1445095612 35
1445095614 35
1445095614 35
1445095615 35
1445095616 35
1445095617 35
1445095617 35
1445095618 35
1445095619 35
1445095620 35
1445095620 35
1445095621 35
1445095622 35
1445095623 35
1445095623 35
1445095624 35
1445095625 35
1445095626 35
1445095626 35
1445095627 35
1445095628 35
1445095629 35
1445095629 35
1445095631 35
1445095632 35
1445095632 35
1445095633 35
1445095634 35
1445095635 35
1445095635 35
1445095636 35
1445095637 35
1445095638 35
1445095638 35
1445095639 35
1445095640 35
1445095641 35
1445095642 35
1445095642 35
1445095644 35
1445095645 35
1445095645 35
1445095646 35
1445095647 35
1445095648 35
1445095648 35
1445095649 35
1445095650 35
1445095651 35
1445095651 35
1445095652 35
1445095653 35
1445095654 35
1445095654 35
1445095655 35
1445095656 35
1445095657 35
1445095657 35
1445095658 35
1445095660 35
1445095660 35
1445095661 35
1445095662 35
1445095663 35
1445095663 35
1445095664 35
1445095665 35
1445095666 35
1445095666 35
1445095667 35
1445095668 35
1445095669 35
1445095669 35
1445095670 35
1445095671 35
1445095672 35
1445095673 35
1445095673 35
1445095674 35
1445095675 35
1445095676 35
1445095676 35
1445095678 35
1445095679 35
1445095679 35
1445095680 35
1445095681 35
1445095682 35
1445095682 35
1445095683 35
1445095684 35
1445095685 35
1445095685 35
1445095686 35
1445095687 35
1445095688 35
1445095688 35
1445095689 35
1445095690 35
1445095691 35
1445095691 35
1445095692 35
1445095693 35
1445095694 35
1445095694 35
1445095695 35
1445095696 35
1445095697 35
1445095697 35
1445095698 35
1445095700 35
1445095700 35
1445095701 35
1445095702 35
1445095703 35
1445095703 35
1445095704 35
1445095705 35
1445095706 35
1445095706 35
1445095707 35
1445095708 35
1445095709 35
1445095710 35
1445095710 35
1445095711 35
1445095712 35
1445095713 35
1445095713 35
1445095715 35
1445095716 35
1445095717 35
1445095717 35
1445095718 35
1445095719 35
1445095720 35
1445095720 35
1445095721 35
1445095722 35
1445095723 35
1445095723 35
1445095724 35
1445095725 35
1445095726 35
1445095726 35
1445095727 35
1445095728 35
1445095729 35
1445095729 35
1445095730 35
1445095731 35
1445095732 35
1445095732 35
1445095733 35
1445095734 35
1445095735 35
1445095736 35
1445095737 35
1445095738 35
1445095738 35
1445095739 35
1445095740 35
1445095741 35
1445095741 35
1445095742 35
1445095743 35
1445095744 35
1445095744 35
1445095745 35
1445095746 35
1445095747 35
1445095747 35
1445095748 35
1445095749 35
1445095750 35
1445095750 35
1445095751 35
1445095752 35
1445095753 35
1445095753 35
1445095754 35
1445095755 35
1445095756 35
1445095757 35
1445095757 35
1445095758 35
1445095759 35
1445095760 35
1445095761 35
1445095762 35
1445095763 35
1445095763 35
1445095764 35
1445095765 35
1445095766 35
1445095766 35
1445095767 35
1445095768 35
1445095769 35
1445095769 35
1445095770 35
1445095771 35
1445095772 35
1445095772 35
1445095773 35
1445095774 35
1445095775 35
1445095775 35
1445095776 35
1445095777 35
1445095778 35
1445095778 35
1445095779 35
1445095779 35
1445095779 35
1445095781 35
1445095784 35
1445095787 35
1445095790 35
1445095793 35
1445095796 35
1445095800 35
1445095803 35
1445095806 35
1445095809 35
1445095812 35
1445095815 35
1445095818 35
1445095821 35
1445095824 35
1445095827 35
1445095830 35
1445095833 35
1445095836 35
1445095839 35
1445095843 35
1445095846 35
1445095849 35
1445095852 35
1445095855 35
1445095858 35
1445095861 35
1445095864 35
1445095867 35
1445095870 35
1445095873 35
1445095876 35
1445095879 35
1445095882 35
1445095885 35
1445095888 35
1445095891 35
1445095894 35
1445095898 35
1445095901 35
1445095904 35
1445095907 35
1445095910 35
1445095913 35
1445095916 35
1445095919 35
1445095922 35
1445095925 35
1445095928 35
1445095931 35
1445095934 35
1445095937 35
1445095940 35
1445095944 35
1445095947 35
1445095950 35
1445095953 35
1445095956 35
1445095959 35
1445095962 35
1445095965 35
1445095968 35
1445095971 35
1445095974 35
1445095977 35
1445095980 35
1445095983 35
1445095986 35
1445095989 35
1445095992 35
1445095995 35
1445095998 35
1445096001 35
1445096005 35
1445096008 35
1445096011 35
1445096014 35
1445096017 35
1445096020 35
1445096023 35
1445096026 35
1445096029 35
1445096032 35
1445096036 35
1445096039 35
1445096042 35
1445096045 35
1445096048 35
1445096051 35
1445096054 35
1445096057 35
1445096060 35
1445096063 35
1445096066 35
1445096069 35
1445096072 35
1445096075 35
1445096078 35
1445096081 35
1445096084 35
1445096087 35
1445096090 35
1445096093 35
1445096096 35
1445096099 35
1445096102 35
1445096105 35
1445096109 35
1445096110 35
1445096110 35
1445096110 35
1445096110 35
1445096110 35
1445096110 35
1445096110 35
1445096110 35
1445096111 35
1445096111 35
1445096111 35
1445096111 35
1445096111 35
1445096111 36
1445096111 164
1445096111 106
1445096111 4
1445096111 106
1445096111 106
1445096111 61
1445096111 15
1445096111 61
1445096111 61
1445096111 61
1445096111 61
1445096111 35
1445096111 35
1445096111 35
1445096111 35
1445096112 35
1445096113 35
1445096113 35
1445096113 35
1445096113 35
1445096113 35
1445096113 35
1445096113 35
1445096113 35
1445096113 35
1445096114 35
1445096114 35
1445096114 35
1445096114 35
1445096114 35
1445096124 35
1445096125 35
1445096125 35
1445096128 35
1445096129 35
1445096130 35
1445096131 35
1445096132 35
1445096133 35
1445096134 35
1445096134 35
1445096135 35
1445096136 35
1445096137 35
1445096137 35
1445096138 35
1445096139 35
1445096140 35
1445096140 35
1445096141 35
1445096143 35
1445096143 35
1445096144 35
1445096145 35
1445096146 35
1445096146 35
1445096147 35
1445096148 35
1445096149 35
1445096149 35
1445096150 35
1445096151 35
1445096152 35
1445096152 35
1445096153 35
1445096154 35
1445096155 35
1445096155 35
1445096156 35
1445096157 35
1445096158 35
1445096159 35
1445096160 35
1445096161 35
1445096162 35
1445096162 35
1445096163 35
1445096164 35
1445096165 35
1445096165 35
1445096166 35
1445096167 35
1445096168 35
1445096168 35
1445096169 35
1445096170 35
1445096171 35
1445096171 35
1445096172 35
1445096174 35
1445096174 35
1445096175 35
1445096176 35
1445096177 35
1445096177 35
1445096178 35
1445096179 35
1445096180 35
1445096181 35
1445096181 35
1445096182 35
1445096183 35
1445096184 35
1445096184 35
1445096185 35
1445096186 35
1445096187 35
1445096187 35
1445096188 35
1445096190 35
1445096190 35
1445096191 35
1445096192 35
1445096193 35
1445096193 35
1445096194 35
1445096195 35
1445096196 35
1445096196 35
1445096197 35
1445096198 35
1445096199 35
1445096199 35
1445096200 35
1445096201 35
1445096202 35
1445096202 35
1445096203 35
1445096204 35
1445096205 35
1445096206 35
1445096207 35
1445096208 35
1445096209 35
1445096209 35
1445096210 35
1445096211 35
1445096212 35
1445096212 35
1445096213 35
1445096214 35
1445096215 35
1445096215 35
1445096216 35
1445096217 35
1445096218 35
1445096218 35
1445096219 35
1445096221 35
1445096221 35
1445096222 35
1445096223 35
1445096224 35
1445096224 35
1445096225 35
1445096226 35
1445096227 35
1445096227 35
1445096228 35
1445096229 35
1445096230 35
1445096230 35
1445096231 35
1445096232 35
1445096233 35
1445096233 35
1445096235 35
1445096236 35
1445096237 35
1445096237 35
1445096238 35
1445096239 35
1445096240 35
1445096240 35
1445096241 35
1445096242 35
1445096243 35
1445096243 35
1445096244 35
1445096245 35
1445096246 35
1445096246 35
1445096247 35
1445096248 35
1445096249 35
1445096249 35
1445096250 35
1445096251 35
1445096252 35
1445096253 35
1445096254 35
1445096255 35
1445096255 35
1445096256 35
1445096257 35
1445096258 35
1445096258 35
1445096259 35
1445096260 35
1445096261 35
1445096262 35
1445096262 35
1445096263 35
1445096264 35
1445096265 35
1445096265 35
1445096266 35
1445096267 35
1445096268 35
1445096269 35
1445096270 35
1445096271 35
1445096271 35
1445096272 35
1445096273 35
1445096274 35
1445096274 35
1445096275 35
1445096276 35
1445096277 35
1445096277 35
1445096278 35
1445096279 35
1445096280 35
1445096280 35
1445096281 35
1445096282 35
1445096283 35
1445096283 35
1445096284 35
1445096286 35
1445096286 35
1445096287 35
1445096288 35
1445096289 35
1445096290 35
1445096290 35
1445096291 35
1445096292 35
1445096293 35
1445096293 35
1445096294 35
1445096295 35
1445096296 35
1445096296 35
1445096298 35
1445096299 35
1445096299 35
1445096300 35
1445096301 35
1445096302 35
1445096302 35
1445096303 35
1445096304 35
1445096305 35
1445096305 35
1445096306 35
1445096307 35
1445096308 35
1445096308 35
1445096309 35
1445096310 35
1445096311 35
1445096312 35
1445096313 35
1445096314 35
1445096314 35
1445096315 35
1445096316 35
1445096317 35
1445096317 35
1445096318 35
1445096319 35
1445096320 35
1445096320 35
1445096321 35
1445096322 35
1445096323 35
1445096324 35
1445096324 35
1445096325 35
1445096327 35
1445096327 35
1445096328 35
1445096329 35
1445096330 35
1445096330 35
1445096331 35
1445096332 35
1445096333 35
1445096333 35
1445096334 35
1445096335 35
1445096336 35
1445096336 35
1445096337 35
1445096338 35
1445096339 35
1445096340 35
1445096341 35
1445096342 35
1445096342 35
1445096343 35
1445096344 35
1445096345 35
1445096345 35
1445096346 35
1445096347 35
1445096348 35
1445096348 35
1445096349 35
1445096350 35
1445096351 35
1445096352 35
1445096353 35
1445096354 35
1445096355 35
1445096355 35
1445096356 35
1445096357 35
1445096358 35
1445096358 35
1445096359 35
1445096360 35
1445096361 35
1445096361 35
1445096362 35
1445096363 35
1445096364 35
1445096364 35
1445096365 35
1445096367 35
1445096367 35
1445096368 35
1445096369 35
1445096370 35
1445096370 35
1445096371 35
1445096372 35
1445096373 35
1445096373 35
1445096374 35
1445096375 35
1445096376 35
1445096377 35
1445096377 35
1445096378 35
1445096380 35
1445096380 35
1445096381 35
1445096382 35
1445096383 35
1445096383 35
1445096384 35
1445096385 35
1445096386 35
1445096386 35
1445096387 35
1445096388 35
1445096389 35
1445096389 35
1445096390 35
1445096392 35
1445096392 35
1445096393 35
1445096394 35
1445096395 35
1445096395 35
1445096396 35
1445096397 35
1445096398 35
1445096399 35
1445096399 35
1445096400 35
1445096401 35
1445096402 35
1445096403 35
1445096404 35
1445096405 35
1445096405 35
1445096406 35
1445096407 35
1445096408 35
1445096408 35
1445096409 35
1445096410 35
1445096411 35
1445096411 35
1445096412 35
1445096413 35
1445096414 35
1445096414 35
1445096415 35
1445096416 35
1445096417 35
1445096417 35
1445096418 35
1445096420 35
1445096420 35
1445096421 35
1445096423 35
1445096424 35
1445096424 35
1445096425 35
1445096426 35
1445096427 35
1445096427 35
1445096428 35
1445096429 35
1445096430 35
1445096430 35
1445096431 35
1445096432 35
1445096433 35
1445096433 35
1445096434 35
1445096435 35
1445096436 35
1445096436 35
1445096437 35
1445096438 35
1445096439 35
1445096440 35
1445096441 35
1445096442 35
1445096442 35
1445096443 35
1445096444 35
1445096445 35
1445096445 35
1445096446 35
1445096447 35
1445096448 35
1445096448 35
1445096449 35
1445096450 35
1445096451 35
1445096452 35
1445096452 35
1445096453 35
1445096455 35
1445096455 35
1445096456 35
1445096457 35
1445096458 35
1445096458 35
1445096459 35
1445096460 35
1445096461 35
1445096461 35
1445096462 35
1445096463 35
1445096464 35
1445096464 35
1445096465 35
1445096466 35
1445096467 35
1445096467 35
1445096468 35
1445096470 35
1445096470 35
1445096471 35
1445096472 35
1445096473 35
1445096473 35
1445096474 35
1445096475 35
1445096476 35
1445096476 35
1445096477 35
1445096478 35
1445096479 35
1445096479 35
1445096480 35
1445096481 35
1445096482 35
1445096483 35
1445096483 35
1445096485 35
1445096486 35
1445096486 35
1445096487 35
1445096488 35
1445096489 35
1445096489 35
1445096490 35
1445096491 35
1445096492 35
1445096492 35
1445096493 35
1445096494 35
1445096495 35
1445096495 35
1445096496 35
1445096497 35
1445096498 35
1445096498 35
1445096499 35
1445096500 35
1445096501 35
1445096502 35
1445096503 35
1445096504 35
1445096504 35
1445096505 35
1445096506 35
1445096507 35
1445096507 35
1445096508 35
1445096509 35
1445096510 35
1445096510 35
1445096511 35
1445096512 35
1445096513 35
1445096514 35
1445096514 35
1445096515 35
1445096516 35
1445096517 35
1445096518 35
1445096519 35
1445096520 35
1445096520 35
1445096521 35
1445096522 35
1445096523 35
1445096523 35
1445096524 35
1445096525 35
1445096526 35
1445096526 35
1445096527 35
1445096528 35
1445096529 35
1445096529 35
1445096530 35
1445096531 35
1445096532 35
1445096532 35
1445096533 35
1445096535 35
1445096535 35
1445096536 35
1445096537 35
1445096538 35
1445096538 35
1445096539 35
1445096540 35
1445096541 35
1445096542 35
1445096542 35
1445096543 35
1445096544 35
1445096545 35
1445096545 35
1445096546 35
1445096547 35
1445096548 35
1445096548 35
1445096549 35
1445096551 35
1445096551 35
1445096552 35
1445096553 35
1445096554 35
1445096554 35
1445096555 35
1445096556 35
1445096557 35
1445096557 35
1445096558 35
1445096559 35
1445096560 35
1445096560 35
1445096561 35
1445096562 35
1445096563 35
1445096563 35
1445096565 35
1445096566 35
1445096567 35
1445096567 35
1445096568 35
1445096569 35
1445096570 35
1445096570 35
1445096571 35
1445096572 35
1445096573 35
1445096573 35
1445096574 35
1445096575 35
1445096576 35
1445096576 35
1445096577 35
1445096579 35
1445096579 35
1445096580 35
1445096581 35
1445096582 35
1445096582 35
1445096584 35
1445096585 35
1445096585 35
1445096586 35
1445096587 35
1445096588 35
1445096588 35
1445096589 35
1445096590 35
1445096591 35
1445096592 35
1445096592 35
1445096593 35
1445096594 35
1445096595 35
1445096595 35
1445096596 35
1445096597 35
1445096598 35
1445096598 35
1445096600 35
1445096601 35
1445096601 35
1445096602 35
1445096603 35
1445096604 35
1445096604 35
1445096605 35
1445096606 35
1445096607 35
1445096607 35
1445096608 35
1445096609 35
1445096610 35
1445096610 35
1445096611 35
1445096612 35
1445096613 35
1445096613 35
1445096613 35
1445096613 35
1445096613 35
1445096613 35
1445096613 35
1445096613 35
1445096613 35
1445096613 35
1445096613 89
1445096613 35
1445096613 35
1445096613 35
1445096613 35
1445096614 35
1445096614 36
1445096614 164
1445096614 106
1445096614 4
1445096614 106
1445096614 106
1445096614 61
1445096614 15
1445096614 61
1445096614 61
1445096614 61
1445096614 61
1445096614 35
1445096614 35
1445096614 35
1445096614 35
1445096615 35
1445096616 35
1445096616 35
1445096616 35
1445096616 35
1445096616 35
1445096616 35
1445096616 35
1445096616 35
1445096616 35
1445096616 35
1445096616 35
1445096616 35
1445096616 35
1445096617 35
1445096619 35
1445096619 35
1445096619 35
1445096621 35
1445096622 35
1445096623 35
1445096624 35
1445096625 35
1445096626 35
1445096627 35
1445096627 35
1445096628 35
1445096629 35
1445096630 35
1445096630 35
1445096631 35
1445096632 35
1445096633 35
1445096633 35
1445096634 35
1445096634 35
1445096636 35
1445096639 35
1445096695 35
1445096699 35
1445096702 35
1445096705 35
1445096708 35
1445096711 35
1445096714 35
1445096717 35
1445096720 35
1445096723 35
1445096726 35
1445096729 35
1445096732 35
1445096735 35
1445096738 35
1445096741 35
1445096744 35
1445096747 35
1445096750 35
1445096753 35
1445096756 35
1445096759 35
1445096762 35
1445096765 35
1445096768 35
1445096771 35
1445096774 35
1445096777 35
1445096780 35
1445096783 35
1445096786 35
1445096789 35
1445096792 35
1445096795 35
1445096798 35
1445096801 35
1445096805 35
1445096808 35
1445096811 35
1445096814 35
1445096817 35
1445096820 35
1445096823 35
1445096826 35
1445096829 35
1445096832 35
1445096835 35
1445096838 35
1445096841 35
1445096844 35
1445096847 35
1445096850 35
1445096853 35
1445096856 35
1445096859 35
1445096862 35
1445096865 35
1445096868 35
1445096871 35
1445096874 35
1445096877 35
1445096880 35
1445096883 35
1445096886 35
1445096889 35
1445096892 35
1445096895 35
1445096898 35
1445096901 35
1445096904 35
1445096907 35
1445096910 35
1445096913 35
1445096916 35
1445096919 35
1445096922 35
1445096925 35
1445096928 35
1445096931 35
1445096934 35
1445096937 35
1445096940 35
1445096943 35
1445096946 35
1445096949 35
1445096952 35
1445096955 35
1445096958 35
1445096961 35
1445096964 35
1445096967 35
1445096970 35
1445096973 35
1445096976 35
1445096979 35
1445096982 35
1445096985 35
1445096988 35
1445096991 35
1445096994 35
1445096997 35
1445097000 35
1445097003 35
1445097006 35
1445097009 35
1445097013 35
1445097016 35
1445097019 35
1445097022 35
1445097025 35
1445097028 35
1445097031 35
1445097034 35
1445097037 35
1445097040 35
1445097043 35
1445097046 35
1445097049 35
1445097052 35
1445097055 35
1445097058 35
1445097061 35
1445097064 35
1445097067 35
1445097067 35
1445097067 35
1445097067 35
1445097067 35
1445097067 35
1445097067 35
1445097067 35
1445097067 35
1445097067 35
1445097067 35
1445097067 35
1445097067 35
1445097067 35
1445097067 35
1445097067 35
1445097067 35
1445097067 35
1445097067 35
1445097067 35
1445097067 35
1445097067 35
1445097067 35
1445097067 35
1445097067 35
1445097067 35
1445097067 35
1445097067 35
1445097067 17
1445097067 35
1445097067 17
1445097067 35
1445097067 130
1445097067 35
1445097067 130
1445097067 35
1445097067 34
1445097067 70
1445097067 35
1445097067 34
1445097067 130
1445097067 35
1445097067 34
1445097067 17
1445097067 35
1445097067 35
1445097067 35
1445097067 35
1445097068 35
1445097068 35
1445097068 35
1445097068 35
1445097068 35
1445097068 35
