1445241199 42
1445241199 37
1445241199 39
1445241199 41
1445241199 30
1445241200 25
1445241200 9
1445241200 26
1445241201 33
1445241201 38
1445241201 36
1445241201 32
1445241201 27
1445241201 16
1445241201 18
1445241201 19
1445241202 1
1445241202 20
1445241202 13
1445241202 24
1445241202 8
1445241264 16
1445241264 18
1445241264 19
1445241264 1
1445241264 20
1445241264 13
1445241265 24
1445241265 4
1445241265 16
1445241265 18
1445241265 19
1445241265 1
1445241265 20
1445241265 13
1445241266 24
1445241266 12
1445241266 16
1445241266 18
1445241266 19
1445241266 1
1445241266 20
1445241266 13
1445241267 24
1445241267 14
1445241272 16
1445241272 18
1445241272 19
1445241272 1
1445241272 20
1445241272 13
1445241273 24
1445241273 7
1445241275 16
1445241275 18
1445241275 19
1445241275 1
1445241275 20
1445241275 13
1445241276 24
1445241276 6
1445241282 16
1445241282 18
1445241282 19
1445241282 1
1445241282 20
1445241282 13
1445241283 24
1445241283 15
1445241346 16
1445241346 18
1445241346 19
1445241346 1
1445241346 20
1445241346 13
1445241347 24
1445241347 10
1445241347 16
1445241347 22
1445241347 23
1445241348 1
1445241348 20
1445241348 13
1445241377 24
1445241377 21
1445241390 16
1445241390 18
1445241390 19
1445241390 1
1445241391 20
1445241391 13
1445241391 24
1445241391 11
1445241391 28
1445241391 5
1445241391 34
1445241391 31
1445241391 43
1445241391 2
1445241391 17
1445241437 29
1445241437 35
1445241437 3
1445241437 40
