1445241199 8
1445241199 147
1445241199 16
1445241199 102
1445241199 83
1445241200 8
1445241200 147
1445241200 160
1445241201 82
1445241201 67
1445241201 154
1445241201 0
1445241201 58
1445241201 58
1445241201 78
1445241201 78
1445241202 60
1445241202 60
1445241202 167
1445241202 167
1445241202 1
1445241264 58
1445241264 78
1445241264 78
1445241264 60
1445241264 60
1445241264 167
1445241265 167
1445241265 1
1445241265 58
1445241265 78
1445241265 78
1445241265 60
1445241265 60
1445241265 167
1445241266 167
1445241266 1
1445241266 58
1445241266 78
1445241266 78
1445241266 60
1445241266 60
1445241266 167
1445241267 167
1445241267 1
1445241272 58
1445241272 78
1445241272 78
1445241272 60
1445241272 60
1445241272 167
1445241273 167
1445241273 1
1445241275 58
1445241275 78
1445241275 78
1445241275 60
1445241275 60
1445241275 167
1445241276 167
1445241276 1
1445241282 58
1445241282 78
1445241282 78
1445241282 60
1445241282 60
1445241282 167
1445241283 167
1445241283 1
1445241346 58
1445241346 78
1445241346 78
1445241346 60
1445241346 60
1445241346 167
1445241347 167
1445241347 1
1445241347 58
1445241347 78
1445241347 78
1445241348 60
1445241348 60
1445241348 167
1445241377 167
1445241377 66
1445241390 58
1445241390 78
1445241390 78
1445241390 60
1445241391 60
1445241391 167
1445241391 167
1445241391 1
1445241391 58
1445241391 0
1445241391 120
1445241391 120
1445241391 102
1445241391 160
1445241391 60
1445241437 129
1445241437 129
1445241437 167
1445241437 3
