1445068500 17
1445068500 8
1445068500 12
1445068500 20
1445068500 4
1445068500 3
1445068501 1
1445068502 2
1445068502 6
1445068502 9
1445068503 5
1445068503 22
1445068503 10
1445068503 18
1445068503 15
1445068503 19
1445068503 7
1445068507 16
1445068507 14
1445068507 11
1445068507 22
1445068521 21
1445068521 13
1445068524 16
1445068524 14
1445068524 11
1445068524 22
1445068538 21
1445068538 13
1445068541 16
1445068541 14
1445068541 11
1445068541 22
1445068554 21
1445068554 13
1445068560 16
1445068560 14
1445068560 11
1445068560 22
