1445068500 8
1445068500 147
1445068500 16
1445068500 102
1445068500 83
1445068500 8
1445068501 147
1445068502 160
1445068502 82
1445068502 67
1445068503 22
1445068503 102
1445068503 3
1445068503 75
1445068503 25
1445068503 25
1445068503 154
1445068507 102
1445068507 25
1445068507 25
1445068507 102
1445068521 75
1445068521 25
1445068524 102
1445068524 25
1445068524 25
1445068524 102
1445068538 75
1445068538 25
1445068541 102
1445068541 25
1445068541 25
1445068541 102
1445068554 75
1445068554 25
1445068560 102
1445068560 25
1445068560 25
1445068560 102
