1445089880 8
1445089880 147
1445089880 16
1445089880 102
1445089880 83
1445089881 8
1445089881 147
1445089881 160
1445089882 82
1445089882 67
1445089883 22
1445089883 102
1445089883 3
1445089883 75
1445089883 25
1445089883 25
1445089883 154
1445089888 102
1445089888 25
1445089888 25
1445089888 102
1445089902 75
1445089913 25
1445089922 102
1445089922 25
1445089922 25
1445089922 102
1445089933 75
1445089933 25
1445089945 102
1445089945 25
1445089945 25
1445089945 102
1445089954 75
1445089954 25
1445089963 102
1445089963 25
1445089963 25
1445089963 102
1445089971 75
1445089971 25
1445089987 102
1445089987 25
1445089987 25
1445089987 102
1445089997 75
1445089997 25
1445090001 102
1445090001 25
1445090001 25
1445090001 102
1445090001 67
