1445076712 21
1445076712 10
1445076712 17
1445076712 24
1445076712 6
1445076713 5
1445076713 2
1445076714 3
1445076715 7
1445076715 13
1445076715 8
1445076715 28
1445076715 9
1445076715 22
1445076715 25
1445076715 23
1445076715 12
1445076719 19
1445076719 16
1445076719 14
1445076719 28
1445076731 26
1445076731 15
1445076734 19
1445076734 16
1445076734 14
1445076734 28
1445076743 26
1445076749 15
1445076751 19
1445076751 16
1445076751 14
1445076751 28
1445076761 26
1445076761 15
1445076764 19
1445076764 16
1445076764 14
1445076764 28
1445076774 26
1445076774 15
1445076776 19
1445076776 16
1445076776 14
1445076776 28
1445076787 26
1445076787 15
1445076789 19
1445076789 16
1445076789 14
1445076789 28
1445076799 26
1445076799 15
1445076801 19
1445076801 16
1445076801 14
1445076801 28
1445076812 26
1445076812 15
1445076813 11
1445076813 19
1445076813 16
1445076813 14
1445076820 27
1445076820 20
1445076820 1
1445076847 4
1445076847 18
