1445073380 37
1445073380 31
1445073380 35
1445073380 38
1445073380 25
1445073380 18
1445073381 11
1445073383 22
1445073384 27
1445073384 30
1445073384 29
1445073384 23
1445073384 17
1445073384 15
1445073384 16
1445073384 13
1445073384 1
1445073384 12
1445073384 4
1445073398 21
1445073399 8
1445073447 15
1445073447 16
1445073447 13
1445073447 1
1445073447 12
1445073447 4
1445073448 15
1445073452 15
1445073452 16
1445073452 13
1445073453 1
1445073453 12
1445073453 4
1445073453 15
1445073455 15
1445073457 15
1445073458 15
1445073460 15
1445073469 21
1445073469 6
1445073469 16
1445073469 13
1445073469 1
1445073469 12
1445073469 4
1445073469 21
1445073469 5
1445073469 16
1445073469 13
1445073470 1
1445073470 12
1445073470 4
1445073485 21
1445073485 12
1445073485 4
1445073497 21
1445073497 12
1445073498 4
1445073507 21
1445073507 10
1445073512 21
1445073512 12
1445073512 4
1445073522 21
1445073522 12
1445073522 4
1445073532 21
1445073532 12
1445073532 4
1445073542 21
1445073542 9
1445073542 19
1445073543 7
1445073543 26
1445073543 24
1445073543 36
1445073543 3
1445073543 14
1445073608 20
1445073608 28
1445073608 2
1445073608 39
1445073609 34
1445073609 33
1445073609 32
