1445073380 8
1445073380 147
1445073380 16
1445073380 102
1445073380 83
1445073380 8
1445073381 147
1445073383 160
1445073384 82
1445073384 67
1445073384 154
1445073384 0
1445073384 58
1445073384 58
1445073384 78
1445073384 78
1445073384 60
1445073384 60
1445073384 167
1445073398 167
1445073399 1
1445073447 58
1445073447 78
1445073447 78
1445073447 60
1445073447 60
1445073447 167
1445073448 58
1445073452 58
1445073452 78
1445073452 78
1445073453 60
1445073453 60
1445073453 167
1445073453 58
1445073455 58
1445073457 58
1445073458 58
1445073460 58
1445073469 167
1445073469 1
1445073469 78
1445073469 78
1445073469 60
1445073469 60
1445073469 167
1445073469 167
1445073469 1
1445073469 78
1445073469 78
1445073470 60
1445073470 60
1445073470 167
1445073485 167
1445073485 60
1445073485 167
1445073497 167
1445073497 60
1445073498 167
1445073507 167
1445073507 1
1445073512 167
1445073512 60
1445073512 167
1445073522 167
1445073522 60
1445073522 167
1445073532 167
1445073532 60
1445073532 167
1445073542 167
1445073542 1
1445073542 58
1445073543 0
1445073543 120
1445073543 120
1445073543 102
1445073543 160
1445073543 60
1445073608 129
1445073608 129
1445073608 167
1445073608 3
1445073609 16
1445073609 16
1445073609 111
