1445092010 17
1445092010 9
1445092010 11
1445092010 20
1445092010 4
1445092010 2
1445092012 1
1445092014 3
1445092015 5
1445092016 8
1445092020 6
1445092020 22
1445092020 7
1445092020 18
1445092020 16
1445092020 19
1445092021 10
1445092027 15
1445092027 14
1445092027 12
1445092027 22
1445092060 21
1445092060 13
1445092065 15
1445092065 14
1445092065 12
1445092065 22
1445092093 21
1445092093 13
1445092098 15
1445092098 14
1445092098 12
1445092098 22
1445092125 21
1445092126 13
1445092129 15
1445092129 14
1445092129 12
1445092129 22
