1445248394 22
1445248394 10
1445248394 17
1445248394 23
1445248394 6
1445248394 3
1445248395 2
1445248396 5
1445248397 7
1445248397 11
1445248397 8
1445248397 26
1445248397 12
1445248397 18
1445248397 24
1445248397 21
1445248397 13
1445248402 20
1445248402 16
1445248402 14
1445248402 26
1445248411 28
1445248411 15
1445248413 20
1445248413 16
1445248413 14
1445248413 26
1445248423 28
1445248423 15
1445248424 20
1445248424 16
1445248424 14
1445248424 26
1445248434 28
1445248434 15
1445248436 20
1445248436 16
1445248436 14
1445248436 26
1445248444 28
1445248444 15
1445248445 20
1445248445 16
1445248445 14
1445248445 26
1445248455 28
1445248455 15
1445248456 20
1445248456 16
1445248456 14
1445248456 26
1445248465 28
1445248465 15
1445248467 20
1445248467 16
1445248467 14
1445248467 26
1445248475 28
1445248475 15
1445248476 9
1445248476 20
1445248476 16
1445248476 14
1445248483 27
1445248483 19
1445248483 1
1445248522 4
1445248522 25
