1445175465 25
1445175465 14
1445175465 21
1445175466 27
1445175466 7
1445175466 6
1445175467 4
1445175469 5
1445175470 9
1445175470 16
1445175472 8
1445175472 33
1445175472 17
1445175472 24
1445175472 23
1445175472 26
1445175472 13
1445175493 22
1445175493 20
1445175493 18
1445175493 33
1445175520 35
1445175520 19
1445175545 22
1445175545 20
1445175545 18
1445175545 33
1445175565 35
1445175565 19
1445175581 2
1445175581 43
1445175581 50
1445175581 50
1445175581 37
1445175581 51
1445175581 29
1445175581 114
1445175581 10
1445175581 65
1445175581 78
1445175581 66
1445175581 61
1445175581 73
1445175581 40
1445175581 49
1445175581 47
1445175581 47
1445175581 107
1445175581 107
1445175581 38
1445175581 111
1445175581 115
1445175581 113
1445175581 34
1445175581 31
1445175581 -1
1445175585 3
1445175586 3
1445175587 3
1445175588 3
1445175589 3
1445175590 3
1445175591 3
1445175592 3
1445175593 3
1445175594 3
1445175594 1
1445175594 103
1445175594 88
1445175594 80
1445175594 85
1445175594 48
1445175594 43
1445175594 50
1445175594 50
1445175594 37
1445175594 51
1445175594 29
1445175594 114
1445175594 12
1445175594 52
1445175594 72
1445175594 57
1445175594 56
1445175594 56
1445175594 42
1445175594 39
1445175594 32
1445175594 53
1445175594 50
1445175594 -1
1445175594 -1
1445175599 3
1445175600 3
1445175601 3
1445175602 3
1445175603 3
1445175604 3
1445175605 3
1445175606 3
1445175607 3
1445175608 3
1445175608 1
1445175608 103
1445175608 88
1445175608 80
1445175608 85
1445175608 48
1445175608 43
1445175608 50
1445175608 50
1445175608 37
1445175608 51
1445175608 29
1445175608 114
1445175608 12
1445175608 52
1445175608 72
1445175608 57
1445175608 56
1445175608 56
1445175608 42
1445175608 39
1445175608 32
1445175608 53
1445175608 50
1445175608 -1
1445175608 -1
1445175608 11
1445175608 -1
1445175608 -1
1445175608 -1
1445175608 -1
1445175608 -1
1445175608 59
1445175608 -1
1445175608 94
1445175608 89
1445175608 63
1445175608 45
1445175608 83
1445175608 127
1445175608 -1
1445175608 -1
1445175608 -1
1445175608 92
1445175608 58
1445175608 67
1445175608 55
1445175608 119
1445175608 125
1445175608 -1
1445175608 -1
1445175608 -1
1445175608 -1
1445175608 106
1445175608 116
1445175608 116
1445175608 60
1445175608 70
1445175608 46
1445175608 119
1445175608 123
1445175608 127
1445175608 -1
1445175608 -1
1445175608 -1
1445175608 94
1445175608 104
1445175608 71
1445175608 96
1445175608 96
1445175608 109
1445175608 105
1445175608 87
1445175608 119
1445175608 112
1445175608 127
1445175608 -1
1445175608 -1
1445175608 -1
1445175608 94
1445175608 104
1445175608 79
1445175608 101
1445175608 110
1445175608 109
1445175608 105
1445175608 87
1445175608 119
1445175608 100
1445175608 127
1445175608 -1
1445175608 -1
1445175608 -1
1445175608 81
1445175608 108
1445175608 118
1445175608 -1
1445175608 -1
1445175608 -1
1445175608 -1
1445175608 -1
1445175608 102
1445175608 62
1445175608 124
1445175608 -1
1445175608 -1
1445175608 -1
1445175608 -1
1445175608 122
1445175608 -1
1445175608 -1
1445175608 -1
1445175608 -1
1445175608 -1
1445175608 -1
1445175608 -1
1445175608 -1
1445175608 98
1445175608 -1
1445175608 81
1445175608 117
1445175608 117
1445175608 82
1445175608 126
1445175608 -1
1445175608 -1
1445175608 -1
1445175608 93
1445175608 -1
1445175608 81
1445175608 120
1445175608 91
1445175608 -1
1445175608 -1
1445175608 -1
1445175608 -1
1445175608 -1
1445175608 90
1445175608 76
1445175608 75
1445175608 86
1445175608 84
1445175608 95
1445175608 54
1445175608 69
1445175608 68
1445175608 30
1445175608 41
1445175608 36
1445175608 28
1445175608 99
1445175608 97
1445175608 44
1445175608 77
1445175608 64
1445175608 74
1445175608 121
1445175608 -1
1445175608 15
