1445175465 8
1445175465 147
1445175465 16
1445175466 102
1445175466 83
1445175466 8
1445175467 147
1445175469 160
1445175470 82
1445175470 67
1445175472 22
1445175472 102
1445175472 3
1445175472 75
1445175472 25
1445175472 25
1445175472 154
1445175493 102
1445175493 25
1445175493 25
1445175493 102
1445175520 75
1445175520 25
1445175545 102
1445175545 25
1445175545 25
1445175545 102
1445175565 75
1445175565 25
1445175581 20
1445175581 53
1445175581 15
1445175581 15
1445175581 44
1445175581 12
1445175581 91
1445175581 31
1445175581 36
1445175581 164
1445175581 106
1445175581 4
1445175581 106
1445175581 106
1445175581 144
1445175581 53
1445175581 53
1445175581 53
1445175581 51
1445175581 51
1445175581 152
1445175581 51
1445175581 136
1445175581 51
1445175581 152
1445175581 15
1445175581 170
1445175585 82
1445175586 82
1445175587 82
1445175588 82
1445175589 82
1445175590 82
1445175591 82
1445175592 82
1445175593 82
1445175594 82
1445175594 39
1445175594 71
1445175594 148
1445175594 62
1445175594 62
1445175594 53
1445175594 53
1445175594 15
1445175594 15
1445175594 44
1445175594 12
1445175594 91
1445175594 31
1445175594 18
1445175594 11
1445175594 4
1445175594 131
1445175594 131
1445175594 131
1445175594 152
1445175594 152
1445175594 15
1445175594 152
1445175594 15
1445175594 170
1445175594 170
1445175599 82
1445175600 82
1445175601 82
1445175602 82
1445175603 82
1445175604 82
1445175605 82
1445175606 82
1445175607 82
1445175608 82
1445175608 39
1445175608 71
1445175608 148
1445175608 62
1445175608 62
1445175608 53
1445175608 53
1445175608 15
1445175608 15
1445175608 44
1445175608 12
1445175608 91
1445175608 31
1445175608 18
1445175608 11
1445175608 4
1445175608 131
1445175608 131
1445175608 131
1445175608 152
1445175608 152
1445175608 15
1445175608 152
1445175608 15
1445175608 170
1445175608 170
1445175608 134
1445175608 170
1445175608 170
1445175608 170
1445175608 170
1445175608 170
1445175608 161
1445175608 170
1445175608 87
1445175608 10
1445175608 163
1445175608 91
1445175608 126
1445175608 40
1445175608 170
1445175608 170
1445175608 170
1445175608 68
1445175608 142
1445175608 19
1445175608 142
1445175608 31
1445175608 46
1445175608 170
1445175608 170
1445175608 170
1445175608 170
1445175608 146
1445175608 0
1445175608 0
1445175608 2
1445175608 2
1445175608 91
1445175608 31
1445175608 54
1445175608 40
1445175608 170
1445175608 170
1445175608 170
1445175608 87
1445175608 10
1445175608 163
1445175608 163
1445175608 163
1445175608 74
1445175608 74
1445175608 47
1445175608 31
1445175608 63
1445175608 40
1445175608 170
1445175608 170
1445175608 170
1445175608 87
1445175608 10
1445175608 92
1445175608 92
1445175608 74
1445175608 74
1445175608 74
1445175608 47
1445175608 31
1445175608 140
1445175608 40
1445175608 170
1445175608 170
1445175608 170
1445175608 107
1445175608 135
1445175608 112
1445175608 170
1445175608 170
1445175608 170
1445175608 170
1445175608 170
1445175608 159
1445175608 157
1445175608 24
1445175608 170
1445175608 170
1445175608 170
1445175608 170
1445175608 108
1445175608 170
1445175608 170
1445175608 170
1445175608 170
1445175608 170
1445175608 170
1445175608 170
1445175608 170
1445175608 28
1445175608 170
1445175608 107
1445175608 57
1445175608 57
1445175608 57
1445175608 56
1445175608 170
1445175608 170
1445175608 170
1445175608 28
1445175608 170
1445175608 107
1445175608 69
1445175608 57
1445175608 170
1445175608 170
1445175608 170
1445175608 170
1445175608 170
1445175608 164
1445175608 100
1445175608 32
1445175608 32
1445175608 100
1445175608 100
1445175608 144
1445175608 53
1445175608 53
1445175608 30
1445175608 30
1445175608 30
1445175608 30
1445175608 126
1445175608 19
1445175608 126
1445175608 23
1445175608 23
1445175608 19
1445175608 124
1445175608 170
1445175608 3
