1445163428 26
1445163429 14
1445163429 16
1445163429 25
1445163429 6
1445163429 4
1445163429 2
1445163430 3
1445163431 8
1445163431 9
1445163431 7
1445163431 31
1445163431 12
1445163431 22
1445163431 28
1445163431 23
1445163431 11
1445163435 24
1445163435 15
1445163435 20
1445163435 31
1445163447 30
1445163447 19
1445163450 24
1445163450 15
1445163450 20
1445163450 31
1445163461 30
1445163462 19
1445163464 24
1445163464 15
1445163464 20
1445163464 31
1445163474 30
1445163474 19
1445163476 24
1445163476 15
1445163476 20
1445163476 31
1445163486 30
1445163486 19
1445163488 24
1445163488 15
1445163488 20
1445163488 31
1445163497 30
1445163497 19
1445163499 24
1445163499 15
1445163499 20
1445163499 31
1445163509 30
1445163509 19
1445163511 24
1445163511 15
1445163511 20
1445163511 31
1445163522 30
1445163522 19
1445163523 10
1445163523 24
1445163523 15
1445163523 20
1445163530 29
1445163530 21
1445163530 1
1445163555 5
1445163555 27
1445163555 17
1445163555 18
1445163555 13
