1445163428 8
1445163429 147
1445163429 16
1445163429 102
1445163429 83
1445163429 8
1445163429 147
1445163430 160
1445163431 82
1445163431 67
1445163431 22
1445163431 102
1445163431 3
1445163431 75
1445163431 25
1445163431 25
1445163431 154
1445163435 102
1445163435 25
1445163435 25
1445163435 102
1445163447 75
1445163447 25
1445163450 102
1445163450 25
1445163450 25
1445163450 102
1445163461 75
1445163462 25
1445163464 102
1445163464 25
1445163464 25
1445163464 102
1445163474 75
1445163474 25
1445163476 102
1445163476 25
1445163476 25
1445163476 102
1445163486 75
1445163486 25
1445163488 102
1445163488 25
1445163488 25
1445163488 102
1445163497 75
1445163497 25
1445163499 102
1445163499 25
1445163499 25
1445163499 102
1445163509 75
1445163509 25
1445163511 102
1445163511 25
1445163511 25
1445163511 102
1445163522 75
1445163522 25
1445163523 67
1445163523 102
1445163523 25
1445163523 25
1445163530 75
1445163530 102
1445163530 160
1445163555 129
1445163555 3
1445163555 16
1445163555 16
1445163555 111
