1445092091 21
1445092091 9
1445092091 20
1445092091 25
1445092091 6
1445092091 3
1445092092 2
1445092092 4
1445092093 8
1445092093 13
1445092093 7
1445092093 31
1445092093 10
1445092093 28
1445092093 26
1445092093 27
1445092093 14
1445092094 24
1445092094 18
1445092094 17
1445092094 31
1445092104 29
1445092104 16
1445092106 24
1445092106 18
1445092106 17
1445092106 31
1445092116 29
1445092116 16
1445092118 24
1445092118 18
1445092118 17
1445092118 31
1445092128 29
1445092130 16
1445092132 24
1445092132 18
1445092132 17
1445092132 31
1445092145 29
1445092145 16
1445092146 24
1445092146 18
1445092146 17
1445092146 31
1445092156 29
1445092156 16
1445092157 24
1445092157 18
1445092157 17
1445092157 31
1445092157 12
1445092165 29
1445092165 16
1445092165 24
1445092165 18
1445092165 17
1445092167 30
1445092171 23
1445092171 1
1445092212 5
1445092212 22
1445092212 15
1445092212 19
1445092212 11
