1445067477 35
1445067479 35
1445067479 35
1445067479 35
1445067480 35
1445067480 35
1445067480 35
1445067480 35
1445067480 35
1445067480 35
1445067480 35
1445067480 35
1445067480 35
1445067480 35
1445067481 35
1445067481 35
1445067481 35
1445067481 35
1445067481 35
1445067481 35
1445067481 35
1445067481 35
1445067481 35
1445067482 35
1445067482 35
1445067482 35
1445067482 35
1445067482 35
1445067482 35
1445067482 35
1445067482 35
1445067482 35
1445067482 35
1445067482 35
1445067482 8
1445067482 35
1445067482 35
1445067482 35
1445067482 35
1445067482 35
1445067482 35
1445067482 35
1445067482 64
1445067482 5
1445067483 64
1445067483 35
1445067484 35
1445067484 35
1445067484 35
1445067484 35
1445067484 35
1445067484 35
1445067484 35
1445067484 35
1445067484 35
1445067485 35
1445067485 35
1445067485 35
1445067485 35
1445067485 35
1445067485 35
1445067485 35
1445067485 35
1445067485 35
1445067485 35
1445067485 35
1445067485 35
1445067485 35
1445067485 35
1445067485 35
1445067485 35
1445067485 35
1445067485 35
1445067485 35
1445067485 35
1445067485 35
1445067485 35
1445067485 35
1445067485 35
1445067485 35
1445067485 35
1445067485 35
1445067485 35
1445067485 35
1445067485 35
1445067485 35
1445067485 35
1445067485 35
1445067485 35
1445067485 35
1445067485 35
1445067485 35
1445067485 35
1445067485 35
1445067485 35
1445067485 35
1445067485 35
1445067485 35
1445067485 35
1445067485 35
1445067485 35
1445067485 35
1445067485 35
1445067485 35
1445067485 35
1445067485 35
1445067485 35
1445067485 35
1445067486 35
1445067486 35
1445067486 35
1445067486 35
1445067487 35
1445067487 35
1445067488 35
1445067488 35
1445067488 35
1445067488 35
1445067488 35
1445067488 35
1445067488 35
1445067488 35
1445067488 35
1445067488 35
1445067488 35
1445067488 35
1445067488 35
1445067488 35
1445067488 35
1445067488 35
1445067489 35
1445067489 35
1445067489 35
1445067489 35
1445067489 35
1445067489 35
1445067489 35
1445067489 35
1445067489 35
1445067489 35
1445067489 35
1445067489 35
1445067489 35
1445067489 35
1445067489 35
1445067489 35
1445067489 35
1445067489 35
1445067489 35
1445067489 35
1445067489 35
1445067489 35
1445067490 35
1445067490 35
1445067490 35
1445067491 35
1445067491 35
1445067491 35
1445067491 35
1445067491 35
1445067491 35
1445067491 35
1445067491 35
1445067491 35
1445067491 35
1445067491 35
1445067491 35
1445067491 35
1445067491 35
1445067491 35
1445067491 35
1445067491 35
1445067491 35
1445067491 35
1445067491 35
1445067491 35
1445067491 35
1445067491 35
1445067492 35
1445067492 35
1445067492 35
1445067492 35
1445067492 35
1445067492 35
1445067492 35
1445067492 35
1445067492 35
1445067492 35
1445067492 35
1445067492 35
1445067492 35
1445067492 35
1445067492 35
1445067492 35
1445067492 35
1445067492 35
1445067492 35
1445067492 35
1445067492 35
1445067492 35
1445067493 35
1445067493 35
1445067493 35
1445067493 35
1445067493 35
1445067493 35
1445067493 35
1445067493 35
1445067493 35
1445067493 35
1445067493 35
1445067493 35
1445067493 35
1445067493 35
1445067493 35
1445067493 35
1445067493 35
1445067493 35
1445067493 35
1445067493 35
1445067493 35
1445067493 35
1445067493 35
1445067493 35
1445067494 35
1445067494 35
1445067494 35
1445067494 35
1445067494 35
1445067494 35
1445067494 35
1445067494 35
1445067494 35
1445067494 35
1445067494 35
1445067494 35
1445067494 35
1445067494 35
1445067494 35
1445067494 35
1445067494 35
1445067494 35
1445067494 35
1445067494 35
1445067494 35
1445067494 35
1445067495 35
1445067495 35
1445067495 35
1445067495 35
1445067495 35
1445067495 35
1445067495 35
1445067495 35
1445067495 35
1445067495 35
1445067495 35
1445067495 35
1445067495 35
1445067495 35
1445067495 35
1445067495 35
1445067495 35
1445067496 35
1445067496 35
1445067496 35
1445067496 35
1445067496 35
1445067496 35
1445067496 35
1445067496 35
1445067496 35
1445067496 35
1445067496 35
1445067496 110
1445067496 35
1445067496 35
1445067497 35
1445067497 35
1445067497 35
1445067497 35
1445067497 35
1445067497 35
1445067497 35
1445067497 35
1445067497 35
1445067497 35
1445067499 35
1445067499 35
1445067499 35
1445067502 35
1445067502 35
1445067502 35
1445067502 35
1445067502 35
1445067502 35
1445067502 35
1445067502 35
1445067502 35
1445067502 35
1445067503 35
1445067503 35
1445067503 35
1445067503 35
1445067506 35
1445067506 35
1445067506 35
1445067507 35
1445067507 35
1445067507 35
1445067509 35
1445067512 35
1445067512 35
1445067513 35
1445067513 35
1445067513 35
1445067515 35
1445067516 35
1445067516 35
1445067516 35
1445067516 35
1445067518 35
1445067518 35
1445067518 35
1445067518 35
1445067518 35
1445067519 35
1445067519 35
1445067519 35
1445067519 35
1445067521 35
1445067521 35
1445067521 35
1445067521 35
1445067521 35
1445067522 35
1445067522 35
1445067522 35
1445067522 35
1445067524 35
1445067524 35
1445067525 35
1445067525 35
1445067525 35
1445067525 35
1445067525 35
1445067525 35
1445067526 35
1445067527 35
1445067528 35
1445067528 35
1445067528 35
1445067529 35
1445067529 35
1445067529 35
1445067529 35
1445067530 35
1445067530 35
1445067530 35
1445067531 35
1445067531 35
1445067531 35
1445067532 35
1445067532 35
1445067532 35
1445067532 35
1445067533 35
1445067534 35
1445067534 35
1445067534 35
1445067534 35
1445067534 35
1445067536 35
1445067536 35
1445067536 35
1445067537 35
1445067537 35
1445067537 35
1445067537 35
1445067537 35
1445067538 35
1445067539 35
1445067539 35
1445067539 35
1445067540 35
1445067540 35
1445067540 35
1445067540 35
1445067541 35
1445067542 35
1445067542 35
1445067542 35
1445067542 35
1445067543 35
1445067543 35
1445067543 35
1445067543 35
1445067544 35
1445067545 35
1445067545 35
1445067545 35
1445067545 35
1445067546 35
1445067546 35
1445067546 35
1445067546 35
1445067548 35
1445067548 35
1445067548 35
1445067549 35
1445067549 35
1445067549 35
1445067550 35
1445067550 35
1445067550 35
1445067552 35
1445067552 35
1445067552 35
1445067552 35
1445067552 35
1445067553 35
1445067553 35
1445067553 35
1445067553 35
1445067555 35
1445067555 35
1445067555 35
1445067556 35
1445067556 35
1445067556 35
1445067556 35
1445067556 35
1445067556 35
1445067558 35
1445067558 35
1445067559 35
1445067559 35
1445067560 35
1445067560 35
1445067560 35
1445067560 35
1445067560 35
1445067561 35
1445067562 35
1445067563 35
1445067563 35
1445067563 35
1445067563 35
1445067564 35
1445067564 35
1445067564 35
1445067565 35
1445067566 35
1445067567 35
1445067567 35
1445067567 35
1445067567 35
1445067567 35
1445067567 35
1445067567 35
1445067568 35
1445067570 35
1445067570 35
1445067571 35
1445067571 35
1445067571 35
1445067572 35
1445067573 35
1445067574 35
1445067574 35
1445067574 35
1445067574 35
1445067575 35
1445067575 35
1445067576 35
1445067577 35
1445067577 35
1445067578 35
1445067578 35
1445067578 35
1445067578 35
1445067578 35
1445067579 35
1445067581 35
1445067581 35
1445067581 35
1445067581 35
1445067582 35
1445067582 35
1445067582 35
1445067582 35
1445067582 35
1445067582 35
1445067584 35
1445067584 35
1445067584 35
1445067585 35
1445067585 35
1445067585 35
1445067586 35
1445067586 35
1445067586 35
1445067587 35
1445067587 35
1445067587 35
1445067588 35
1445067588 35
1445067588 35
1445067588 35
1445067589 35
1445067590 35
1445067590 35
1445067591 35
1445067591 35
1445067591 35
1445067591 35
1445067592 35
1445067592 35
1445067593 35
1445067593 35
1445067593 35
1445067593 35
1445067594 35
1445067595 35
1445067595 35
1445067595 35
1445067596 35
1445067596 35
1445067597 35
1445067598 35
1445067598 35
1445067598 35
1445067599 35
1445067599 35
1445067599 35
1445067599 35
1445067601 35
1445067601 35
1445067601 35
1445067602 35
1445067602 35
1445067602 35
1445067602 35
1445067602 35
1445067603 35
1445067604 35
1445067604 35
1445067605 35
1445067605 35
1445067605 35
1445067605 35
1445067605 35
1445067605 35
1445067606 35
1445067607 35
1445067607 35
1445067607 35
1445067608 35
1445067608 35
1445067608 35
1445067609 35
1445067609 35
1445067609 35
1445067609 35
1445067610 35
1445067611 35
1445067611 35
1445067611 35
1445067611 35
1445067611 35
1445067612 35
1445067612 35
1445067612 35
1445067612 35
1445067612 35
1445067613 35
1445067614 35
1445067614 35
1445067615 35
1445067615 35
1445067615 35
1445067615 35
1445067615 35
1445067616 35
1445067617 35
1445067617 35
1445067617 35
1445067618 35
1445067618 35
1445067618 35
1445067619 35
1445067619 35
1445067619 35
1445067620 35
1445067620 35
1445067620 35
1445067621 35
1445067621 35
1445067622 35
1445067622 35
1445067623 35
1445067623 35
1445067623 35
1445067623 35
1445067624 35
1445067624 35
1445067624 35
1445067625 35
1445067625 35
1445067626 35
1445067626 35
1445067626 35
1445067626 35
1445067626 35
1445067627 35
1445067627 35
1445067627 35
1445067628 35
1445067629 35
1445067629 35
1445067629 35
1445067630 35
1445067630 35
1445067630 35
1445067630 35
1445067631 35
1445067632 35
1445067632 35
1445067633 35
1445067633 35
1445067633 35
1445067633 35
1445067633 35
1445067633 35
1445067633 35
1445067634 35
1445067635 35
1445067636 35
1445067636 35
1445067636 35
1445067636 35
1445067636 35
1445067637 35
1445067637 35
1445067637 35
1445067637 35
1445067638 35
1445067639 35
1445067639 35
1445067639 35
1445067639 35
1445067639 35
1445067640 35
1445067640 35
1445067641 35
1445067641 35
1445067642 35
1445067642 35
1445067642 35
1445067643 35
1445067643 35
1445067644 35
1445067644 35
1445067644 35
1445067644 35
1445067645 35
1445067645 36
1445067645 164
1445067645 106
1445067645 4
1445067645 106
1445067645 106
1445067645 61
1445067645 15
1445067645 61
1445067645 61
1445067645 61
1445067645 61
1445067645 35
1445067645 36
1445067645 164
1445067645 106
1445067645 4
1445067645 106
1445067645 106
1445067645 61
1445067645 15
1445067645 61
1445067645 61
1445067645 61
1445067645 61
1445067645 35
1445067646 35
1445067646 36
1445067646 164
1445067646 106
1445067646 4
1445067646 106
1445067646 106
1445067646 61
1445067646 15
1445067646 61
1445067646 61
1445067646 61
1445067646 61
1445067646 35
1445067647 35
1445067647 35
1445067647 35
1445067649 35
1445067649 35
1445067650 35
1445067650 35
1445067652 35
1445067652 35
1445067653 35
1445067654 35
1445067654 35
1445067655 35
1445067656 35
1445067657 35
1445067658 35
1445067658 35
1445067659 35
1445067660 35
1445067662 35
1445067662 35
1445067662 35
1445067664 35
1445067665 35
1445067665 35
1445067666 35
1445067667 35
1445067667 35
1445067667 35
1445067668 35
1445067669 35
1445067669 35
1445067670 35
1445067670 35
1445067671 35
1445067672 35
1445067673 35
1445067673 35
1445067674 35
1445067674 35
1445067674 35
1445067674 35
1445067676 35
1445067676 35
1445067676 35
1445067677 35
1445067677 35
1445067677 35
1445067678 35
1445067679 35
1445067680 35
1445067681 35
1445067681 35
1445067681 35
1445067681 35
1445067683 35
1445067683 35
1445067684 35
1445067685 35
1445067686 35
1445067686 35
1445067687 35
1445067687 35
1445067687 35
1445067687 35
1445067689 35
1445067689 35
1445067689 35
1445067689 35
1445067690 35
1445067691 35
1445067692 35
1445067693 35
1445067693 35
1445067693 35
1445067694 35
1445067695 35
1445067696 35
1445067696 35
1445067697 35
1445067698 35
1445067698 35
1445067699 35
1445067700 35
1445067700 35
1445067701 35
1445067701 35
1445067701 35
1445067702 35
1445067703 35
1445067703 35
1445067704 35
1445067705 35
1445067705 35
1445067706 35
1445067707 35
1445067707 35
1445067708 35
1445067709 35
1445067709 35
1445067710 35
1445067710 35
1445067711 35
1445067711 35
1445067712 35
1445067712 35
1445067713 35
1445067714 35
1445067714 35
1445067715 35
1445067716 35
1445067717 35
1445067717 35
1445067718 35
1445067718 35
1445067718 35
1445067720 35
1445067720 35
1445067721 35
1445067722 35
1445067722 35
1445067722 35
1445067724 35
1445067724 35
1445067724 35
1445067725 35
1445067725 35
1445067726 35
1445067727 35
1445067727 35
1445067728 35
1445067729 35
1445067729 35
1445067729 35
1445067730 35
1445067731 35
1445067732 35
1445067732 35
1445067733 35
1445067734 35
1445067734 35
1445067735 35
1445067735 35
1445067736 35
1445067736 35
1445067737 35
1445067737 35
1445067739 35
1445067739 35
1445067739 35
1445067741 35
1445067742 35
1445067742 35
1445067742 35
1445067744 35
1445067744 35
1445067746 35
1445067746 35
1445067747 35
1445067748 35
1445067749 35
1445067749 35
1445067749 36
1445067749 164
1445067749 106
1445067749 4
1445067749 106
1445067749 106
1445067749 61
1445067749 15
1445067749 61
1445067749 61
1445067749 61
1445067749 61
1445067749 35
1445067749 35
1445067750 35
1445067751 35
1445067751 35
1445067752 35
1445067752 35
1445067753 35
1445067754 35
1445067754 35
1445067754 35
1445067754 35
1445067755 35
1445067755 35
1445067755 35
1445067755 35
1445067755 35
1445067755 35
1445067755 35
1445067755 35
1445067755 35
1445067756 35
1445067756 35
1445067756 35
1445067756 35
1445067756 35
1445067756 35
1445067756 35
1445067756 35
1445067756 35
1445067756 35
1445067756 35
1445067756 35
1445067756 35
1445067756 35
1445067756 35
1445067757 35
1445067757 35
1445067757 35
1445067757 35
1445067757 35
1445067757 35
1445067757 35
1445067757 35
1445067757 35
1445067757 35
1445067757 35
1445067757 35
1445067757 35
1445067757 35
1445067758 35
1445067758 35
1445067759 35
1445067759 35
1445067759 35
1445067759 35
1445067759 35
1445067759 35
1445067759 35
1445067759 113
1445067759 119
1445067759 170
1445067759 35
1445067759 35
1445067759 35
1445067759 35
1445067759 35
1445067759 35
1445067759 35
1445067759 35
1445067759 35
1445067759 35
1445067760 35
1445067760 35
1445067760 35
1445067761 35
1445067761 35
1445067762 35
1445067762 35
1445067762 35
1445067762 35
1445067763 35
1445067763 35
1445067764 35
1445067764 35
1445067765 35
1445067766 35
1445067767 35
1445067767 35
1445067768 35
1445067769 35
1445067769 35
1445067770 35
1445067771 35
1445067771 35
1445067771 35
1445067771 35
1445067771 35
1445067771 35
1445067771 35
1445067771 35
1445067771 35
1445067771 35
1445067772 35
1445067772 35
1445067773 35
1445067774 35
1445067774 35
1445067774 35
1445067775 35
1445067775 35
1445067775 35
1445067775 35
1445067775 35
1445067775 35
1445067775 35
1445067775 35
1445067775 35
1445067775 35
1445067775 35
1445067775 35
1445067775 35
1445067776 35
1445067776 35
1445067776 35
1445067776 35
1445067776 35
1445067777 35
1445067777 158
1445067777 117
1445067777 117
1445067777 149
1445067777 35
1445067777 35
1445067777 35
1445067777 35
1445067778 35
1445067778 35
1445067779 35
1445067779 35
1445067779 35
1445067779 35
1445067779 35
1445067780 35
1445067780 35
1445067781 35
1445067782 35
1445067782 35
1445067783 35
1445067783 35
1445067784 35
1445067784 35
1445067785 35
1445067785 35
1445067785 35
1445067786 35
1445067786 35
1445067786 35
1445067786 35
1445067786 35
1445067786 35
1445067786 35
1445067786 35
1445067786 35
1445067786 35
1445067786 35
1445067787 35
1445067787 35
1445067787 35
1445067788 35
1445067788 35
1445067788 35
1445067789 35
1445067789 35
1445067789 35
1445067789 35
1445067789 35
1445067790 35
1445067791 35
1445067791 35
1445067791 35
1445067791 35
1445067792 35
1445067792 35
1445067792 35
1445067792 35
1445067792 35
1445067793 35
1445067793 35
1445067794 35
1445067794 35
1445067794 35
1445067794 35
1445067795 35
1445067796 35
1445067797 35
1445067797 35
1445067797 35
1445067797 35
1445067797 35
1445067798 35
1445067798 35
1445067798 35
1445067798 35
1445067799 35
1445067800 35
1445067800 35
1445067801 35
1445067801 35
1445067801 35
1445067801 35
1445067802 35
1445067802 35
1445067802 35
1445067803 35
1445067804 35
1445067804 35
1445067805 35
1445067805 35
1445067805 35
1445067805 35
1445067805 35
1445067805 35
1445067805 35
1445067805 35
1445067805 35
1445067805 35
1445067805 35
1445067805 35
1445067805 35
1445067805 35
1445067805 35
1445067806 35
1445067806 35
1445067806 35
1445067806 35
1445067806 35
1445067806 35
1445067806 35
1445067806 35
1445067806 35
1445067806 35
1445067806 35
1445067807 35
1445067807 35
1445067807 35
1445067808 35
1445067808 35
1445067808 35
1445067808 35
1445067809 35
1445067809 35
1445067809 35
1445067809 35
1445067809 35
1445067809 35
1445067809 35
1445067810 35
1445067810 35
1445067811 35
1445067811 35
1445067811 35
1445067811 35
1445067812 35
1445067812 35
1445067812 35
1445067812 35
1445067813 35
1445067813 35
1445067813 35
1445067814 35
1445067814 35
1445067815 35
1445067815 35
1445067815 35
1445067815 35
1445067816 35
1445067816 35
1445067816 35
1445067816 35
1445067817 35
1445067817 35
1445067817 35
1445067817 35
1445067818 35
1445067818 35
1445067818 35
1445067819 35
1445067819 35
1445067819 35
1445067819 35
1445067819 35
1445067819 35
1445067819 35
1445067819 35
1445067819 35
1445067819 35
1445067819 35
1445067819 35
1445067819 35
1445067819 35
1445067819 35
1445067819 35
1445067819 35
1445067820 35
1445067820 35
1445067820 35
1445067821 35
1445067821 35
1445067821 35
1445067821 35
1445067821 35
1445067821 35
1445067821 35
1445067821 35
1445067821 35
1445067821 35
1445067821 35
1445067821 35
1445067821 35
1445067822 35
1445067822 35
1445067822 35
1445067823 35
1445067823 35
1445067823 35
1445067823 35
1445067823 35
1445067823 35
1445067823 35
1445067823 35
1445067823 35
1445067823 35
1445067823 35
1445067823 35
1445067823 35
1445067823 35
1445067823 35
1445067823 35
1445067823 35
1445067823 35
1445067823 35
1445067824 35
1445067824 35
1445067824 35
1445067824 35
1445067824 35
1445067825 35
1445067825 35
1445067825 35
1445067826 35
1445067826 35
1445067826 35
1445067826 35
1445067826 35
1445067826 35
1445067826 35
1445067826 35
1445067827 35
1445067827 35
1445067827 35
1445067827 35
1445067828 35
1445067828 35
1445067828 35
1445067829 35
1445067829 35
1445067829 35
1445067829 35
1445067830 35
1445067830 35
1445067830 35
1445067830 35
1445067830 35
1445067831 35
1445067831 35
1445067831 35
1445067831 35
1445067832 35
1445067832 35
1445067833 35
1445067833 35
1445067833 35
1445067833 35
1445067833 35
1445067833 35
1445067834 35
1445067834 35
1445067834 35
1445067834 35
1445067835 35
1445067835 35
1445067835 35
1445067835 35
1445067836 35
1445067836 35
1445067836 35
1445067836 35
1445067836 35
1445067836 35
1445067836 35
1445067836 35
1445067836 35
1445067837 35
1445067837 35
1445067837 35
1445067837 35
1445067837 35
1445067837 35
1445067837 35
1445067837 35
1445067838 35
1445067838 35
1445067838 35
1445067838 35
1445067839 35
1445067839 35
1445067839 35
1445067840 35
1445067840 35
1445067840 35
1445067840 35
1445067840 35
1445067841 35
1445067841 35
1445067841 35
1445067841 35
1445067841 35
1445067842 35
1445067842 35
1445067842 35
1445067842 35
1445067843 35
1445067843 35
1445067843 35
1445067843 35
1445067844 35
1445067844 35
1445067844 35
1445067844 35
1445067844 35
1445067845 35
1445067845 35
1445067845 35
1445067845 35
1445067845 35
1445067846 35
1445067846 35
1445067846 35
1445067847 35
1445067847 35
1445067847 35
1445067848 35
1445067848 35
1445067848 35
1445067848 35
1445067848 35
1445067848 35
1445067849 35
1445067849 35
1445067849 35
1445067849 35
1445067850 35
1445067850 35
1445067850 35
1445067851 35
1445067851 35
1445067851 35
1445067851 35
1445067851 35
1445067852 35
1445067852 35
1445067852 35
1445067852 35
1445067852 35
1445067852 35
1445067853 35
1445067853 35
1445067853 35
1445067854 35
1445067854 35
1445067854 35
1445067854 35
1445067855 35
1445067855 35
1445067855 35
1445067855 35
1445067856 35
1445067856 35
1445067856 35
1445067856 35
1445067856 35
1445067856 35
1445067856 35
1445067856 35
1445067856 35
1445067856 35
1445067856 35
1445067856 35
1445067856 35
1445067856 35
1445067856 35
1445067856 35
1445067856 35
1445067856 35
1445067857 35
1445067857 35
1445067857 35
1445067857 35
1445067857 35
1445067858 35
1445067858 35
1445067858 35
1445067858 35
1445067858 35
1445067858 35
1445067859 35
1445067859 35
1445067859 35
1445067859 35
1445067859 35
1445067859 35
1445067860 35
1445067860 35
1445067860 35
1445067860 35
1445067860 35
1445067861 35
1445067861 35
1445067862 35
1445067862 35
1445067862 35
1445067862 35
1445067862 35
1445067862 35
1445067863 35
1445067863 35
1445067863 35
1445067863 35
1445067863 35
1445067863 35
1445067864 35
1445067864 35
1445067864 35
1445067865 35
1445067865 35
1445067865 35
1445067866 35
1445067866 35
1445067866 35
1445067866 35
1445067866 35
1445067866 35
1445067866 35
1445067866 35
1445067867 35
1445067867 35
1445067867 35
1445067867 35
1445067868 35
1445067868 35
1445067869 35
1445067869 35
1445067869 35
1445067869 35
1445067869 35
1445067869 35
1445067869 35
1445067870 35
1445067870 35
1445067870 35
1445067870 35
1445067870 35
1445067870 35
1445067871 35
1445067871 35
1445067872 35
1445067872 35
1445067872 35
1445067872 35
1445067872 35
1445067872 35
1445067872 35
1445067872 35
1445067872 35
1445067872 35
1445067872 35
1445067872 35
1445067872 35
1445067872 35
1445067872 35
1445067873 35
1445067873 35
1445067873 35
1445067873 35
1445067874 35
1445067874 35
1445067874 35
1445067874 35
1445067874 35
1445067874 113
1445067874 119
1445067874 170
1445067874 35
1445067874 35
1445067874 35
1445067875 35
1445067875 35
1445067875 35
1445067875 35
1445067875 35
1445067876 35
1445067876 35
1445067876 35
1445067876 35
1445067877 35
1445067877 35
1445067877 35
1445067877 35
1445067877 35
1445067878 35
1445067878 35
1445067878 35
1445067878 35
1445067878 35
1445067879 35
1445067879 35
1445067879 35
1445067879 35
1445067880 35
1445067880 35
1445067880 35
1445067880 35
1445067881 35
1445067881 35
1445067881 35
1445067881 35
1445067881 35
1445067881 35
1445067882 35
1445067882 35
1445067882 35
1445067882 35
1445067882 35
1445067882 35
1445067882 35
1445067882 35
1445067882 35
1445067882 35
1445067882 35
1445067882 35
1445067883 35
1445067883 35
1445067883 35
1445067883 35
1445067883 35
1445067883 35
1445067884 35
1445067884 35
1445067884 35
1445067884 35
1445067884 35
1445067884 35
1445067884 113
1445067884 119
1445067884 170
1445067884 35
1445067884 35
1445067885 35
1445067885 35
1445067885 35
1445067886 35
1445067886 35
1445067886 35
1445067886 35
1445067886 35
1445067887 35
1445067887 35
1445067887 35
1445067887 35
1445067888 35
1445067888 35
1445067889 35
1445067889 35
1445067889 35
1445067889 35
1445067889 35
1445067889 35
1445067890 35
1445067890 35
1445067890 35
1445067891 35
1445067891 35
1445067891 35
1445067891 35
1445067892 35
1445067892 35
1445067892 35
1445067892 35
1445067892 35
1445067893 35
1445067893 35
1445067893 35
1445067893 35
1445067893 35
1445067894 35
1445067894 35
1445067894 35
1445067894 35
1445067895 35
1445067895 35
1445067895 35
1445067896 35
1445067896 35
1445067896 35
1445067896 35
1445067896 35
1445067896 35
1445067897 35
1445067897 35
1445067898 35
1445067898 35
1445067898 35
1445067898 35
1445067899 35
1445067899 35
1445067899 35
1445067899 35
1445067900 35
1445067900 35
1445067900 35
1445067900 35
1445067901 35
1445067901 35
1445067901 35
1445067902 35
1445067902 35
1445067902 35
1445067902 35
1445067902 35
1445067903 35
1445067903 35
1445067903 35
1445067903 35
1445067904 35
1445067904 35
1445067904 35
1445067904 35
1445067904 35
1445067905 35
1445067905 35
1445067906 35
1445067906 35
1445067906 35
1445067906 35
1445067906 35
1445067906 35
1445067907 35
1445067907 35
1445067907 35
1445067907 35
1445067908 35
1445067908 35
1445067908 35
1445067908 35
1445067908 35
1445067908 35
1445067908 35
1445067909 35
1445067909 35
1445067909 35
1445067909 35
1445067909 35
1445067909 35
1445067909 35
1445067909 35
1445067909 35
1445067909 35
1445067909 35
1445067910 35
1445067910 35
1445067910 35
1445067910 35
1445067910 35
1445067910 35
1445067910 35
1445067910 35
1445067910 35
1445067910 35
1445067910 35
1445067910 35
1445067911 35
1445067911 35
1445067911 35
1445067912 35
1445067912 35
1445067913 35
1445067913 35
1445067913 35
1445067913 35
1445067913 35
1445067914 35
1445067914 35
1445067914 35
1445067914 35
1445067914 35
1445067915 35
1445067915 35
1445067916 35
1445067916 35
1445067916 35
1445067916 35
1445067917 35
1445067917 35
1445067917 35
1445067917 35
1445067917 35
1445067917 35
1445067917 35
1445067918 35
1445067918 35
1445067919 35
1445067919 35
1445067919 35
1445067920 35
1445067920 35
1445067920 35
1445067920 35
1445067921 35
1445067921 35
1445067921 35
1445067921 35
1445067922 35
1445067922 35
1445067922 35
1445067923 35
1445067923 35
1445067923 35
1445067923 35
1445067924 35
1445067924 35
1445067924 35
1445067924 35
1445067924 35
1445067925 35
1445067925 35
1445067925 35
1445067925 35
1445067926 35
1445067926 35
1445067926 35
1445067926 35
1445067926 35
1445067926 35
1445067927 35
1445067927 35
1445067928 35
1445067928 35
1445067928 35
1445067928 35
1445067928 35
1445067929 35
1445067929 35
1445067929 35
1445067929 35
1445067930 35
1445067930 35
1445067930 35
1445067931 35
1445067931 35
1445067931 35
1445067931 35
1445067931 35
1445067932 35
1445067932 35
1445067932 35
1445067932 35
1445067933 35
1445067933 35
1445067933 35
1445067934 35
1445067934 35
1445067935 35
1445067935 35
1445067935 35
1445067935 35
1445067935 35
1445067935 35
1445067935 35
1445067936 35
1445067936 35
1445067936 35
1445067937 35
1445067938 35
1445067938 35
1445067938 35
1445067938 35
1445067938 35
1445067939 35
1445067939 35
1445067939 35
1445067939 35
1445067939 35
1445067940 35
1445067941 35
1445067941 35
1445067941 35
1445067941 35
1445067941 35
1445067941 35
1445067941 35
1445067941 35
1445067941 35
1445067941 35
1445067941 35
1445067941 35
1445067941 35
1445067941 35
1445067941 35
1445067941 35
1445067941 35
1445067941 35
1445067941 35
1445067942 35
1445067942 35
1445067942 35
1445067942 35
1445067942 35
1445067942 35
1445067942 35
1445067942 35
1445067943 35
1445067943 35
1445067943 35
1445067943 35
1445067943 35
1445067943 113
1445067943 119
1445067943 170
1445067944 35
1445067944 35
1445067944 35
1445067944 35
1445067946 35
1445067946 35
1445067946 35
1445067946 35
1445067946 35
1445067946 35
1445067947 35
1445067947 35
1445067947 35
1445067947 35
1445067948 35
1445067949 35
1445067949 35
1445067949 35
1445067949 35
1445067949 35
1445067949 35
1445067950 35
1445067950 35
1445067950 35
1445067950 35
1445067950 35
1445067952 35
1445067953 35
1445067953 35
1445067953 35
1445067953 35
1445067954 35
1445067954 35
1445067954 35
1445067954 35
1445067954 35
1445067954 35
1445067954 35
1445067954 35
1445067954 35
1445067954 35
1445067954 35
1445067954 35
1445067954 35
1445067954 35
1445067954 35
1445067954 35
1445067954 35
1445067954 35
1445067954 35
1445067954 35
1445067955 35
1445067955 35
1445067955 35
1445067956 35
1445067956 35
1445067956 35
1445067956 35
1445067956 35
1445067956 35
1445067956 35
1445067956 35
1445067956 35
1445067956 35
1445067956 35
1445067956 35
1445067956 35
1445067956 35
1445067956 35
1445067956 35
1445067956 35
1445067956 35
1445067956 35
1445067956 35
1445067956 113
1445067956 119
1445067956 170
1445067956 35
1445067957 35
1445067957 35
1445067957 35
1445067957 35
1445067957 35
1445067957 35
1445067957 35
1445067957 113
1445067957 119
1445067957 170
1445067957 35
1445067958 35
1445067958 35
1445067958 35
1445067958 35
1445067959 35
1445067959 35
1445067960 35
1445067961 35
1445067961 35
1445067961 35
1445067961 35
1445067961 35
1445067961 35
1445067962 35
1445067962 35
1445067963 35
1445067964 35
1445067964 35
1445067964 35
1445067964 35
1445067965 35
1445067965 35
1445067966 35
1445067967 35
1445067968 35
1445067969 35
1445067969 35
1445067969 35
1445067969 35
1445067969 35
1445067970 35
1445067970 35
1445067970 35
1445067970 35
1445067970 35
1445067972 35
1445067972 35
1445067972 35
1445067972 35
1445067973 35
1445067973 35
1445067973 35
1445067973 35
1445067973 35
1445067974 35
1445067974 35
1445067975 35
1445067976 35
1445067976 35
1445067976 35
1445067976 35
1445067976 35
1445067976 35
1445067976 35
1445067977 35
1445067977 35
1445067977 35
1445067977 35
1445067977 35
1445067977 35
1445067977 35
1445067977 35
1445067977 35
1445067977 35
1445067977 35
1445067977 35
1445067977 35
1445067977 35
1445067977 35
1445067977 35
1445067977 35
1445067977 35
1445067977 35
1445067978 89
1445067978 35
1445067978 35
1445067978 35
1445067978 35
1445067978 36
1445067978 164
1445067978 106
1445067978 4
1445067978 106
1445067978 106
1445067978 61
1445067978 15
1445067978 61
1445067978 61
1445067978 61
1445067978 61
1445067979 35
1445067979 35
1445067979 35
1445067979 35
1445067979 113
1445067979 119
1445067979 170
1445067979 35
1445067979 113
1445067979 119
1445067979 170
1445067979 35
1445067979 35
1445067980 35
1445067980 35
1445067981 35
1445067981 35
1445067981 35
1445067981 35
1445067982 35
1445067983 35
1445067984 35
1445067984 35
1445067984 35
1445067985 35
1445067986 35
1445067986 35
1445067986 35
1445067987 35
1445067987 35
1445067987 35
1445067988 35
1445067988 35
1445067988 35
1445067988 35
1445067988 35
1445067988 35
1445067988 35
1445067988 35
1445067988 35
1445067988 35
1445067988 35
1445067988 35
1445067989 35
1445067990 35
1445067990 35
1445067990 35
1445067990 35
1445067991 35
1445067992 35
1445067993 35
1445067993 35
1445067993 35
1445067993 35
1445067994 35
1445067995 35
1445067995 35
1445067996 35
1445067996 35
1445067996 35
1445067996 35
1445067997 35
1445067999 35
1445068000 35
1445068001 35
1445068001 35
1445068002 35
1445068002 35
1445068002 35
1445068002 35
1445068002 35
1445068002 35
1445068002 35
1445068003 35
1445068003 35
1445068003 35
1445068003 35
1445068003 35
1445068003 35
1445068003 35
1445068003 35
1445068003 35
1445068003 35
1445068003 35
1445068003 36
1445068003 164
1445068003 106
1445068003 4
1445068003 106
1445068003 106
1445068003 61
1445068003 15
1445068003 61
1445068003 61
1445068003 61
1445068003 61
1445068003 35
1445068003 89
1445068003 35
1445068003 35
1445068003 35
1445068004 35
1445068005 35
1445068005 35
1445068005 35
1445068005 35
1445068005 113
1445068005 119
1445068005 170
1445068006 35
1445068007 35
1445068007 35
1445068008 35
1445068009 35
1445068009 35
1445068010 35
1445068010 35
1445068012 35
1445068013 35
1445068013 35
1445068014 35
1445068015 35
1445068015 35
1445068016 35
1445068016 35
1445068016 35
1445068017 35
1445068018 35
1445068020 35
1445068020 35
1445068021 35
1445068021 35
1445068022 35
1445068022 35
1445068022 35
1445068022 35
1445068022 35
1445068022 113
1445068022 119
1445068022 170
1445068022 35
1445068022 113
1445068022 119
1445068022 170
1445068023 35
1445068023 35
1445068024 35
1445068025 35
1445068026 35
1445068026 35
1445068027 35
1445068028 35
1445068029 35
1445068030 35
1445068031 35
1445068032 35
1445068033 35
1445068033 35
1445068034 35
1445068035 35
1445068035 35
1445068036 35
1445068036 35
1445068036 35
1445068037 35
1445068038 35
1445068039 35
1445068040 35
1445068041 35
1445068041 35
1445068042 35
1445068043 35
1445068043 35
1445068044 35
1445068045 35
1445068046 35
1445068046 35
1445068047 35
1445068048 35
1445068049 35
1445068049 35
1445068049 35
1445068050 35
1445068051 35
1445068052 35
1445068054 35
1445068055 35
1445068056 35
1445068056 35
1445068057 35
1445068058 35
1445068059 35
1445068059 35
1445068061 35
1445068061 35
1445068062 35
1445068062 35
1445068066 35
1445068069 35
1445068069 35
1445068072 35
1445068075 35
1445068075 35
1445068076 35
1445068078 35
1445068081 35
1445068089 35
1445068094 35
1445068095 35
1445068096 35
1445068098 35
1445068101 35
1445068101 35
1445068104 35
1445068107 35
1445068109 35
1445068110 35
1445068114 35
1445068115 35
1445068116 35
1445068117 35
1445068120 35
1445068121 35
1445068123 35
1445068126 35
1445068129 35
1445068130 35
1445068133 35
1445068135 35
1445068136 35
1445068136 35
1445068139 35
1445068141 35
1445068142 35
1445068146 35
1445068149 35
1445068149 35
1445068152 35
1445068155 35
1445068155 35
1445068156 35
1445068158 35
1445068161 35
1445068162 35
1445068165 35
1445068168 35
1445068169 35
1445068171 35
1445068174 35
1445068175 35
1445068175 35
1445068175 35
1445068175 35
1445068175 35
1445068175 35
1445068175 35
1445068175 35
1445068175 35
1445068175 35
1445068175 35
1445068175 35
1445068175 35
1445068175 35
1445068175 35
1445068175 35
1445068175 35
1445068175 35
1445068175 35
1445068175 35
1445068175 35
1445068175 35
1445068175 35
1445068175 35
1445068175 35
1445068175 35
1445068175 35
1445068176 35
1445068176 35
1445068176 17
1445068176 35
1445068177 35
1445068177 35
1445068177 35
1445068177 113
1445068177 119
1445068177 170
1445068181 35
1445068189 35
1445068195 35
1445068196 35
1445068197 35
1445068197 158
1445068197 117
1445068197 117
1445068197 149
1445068197 35
1445068197 35
1445068197 35
1445068197 17
1445068197 35
1445068197 130
1445068197 35
1445068197 130
1445068197 35
1445068197 34
1445068197 70
1445068197 35
1445068197 34
1445068197 130
1445068197 35
1445068197 34
1445068197 17
1445068197 35
1445068201 35
1445068209 35
1445068215 35
1445068216 35
1445068221 35
1445068229 35
1445068235 35
1445068236 35
1445068241 35
1445068249 35
1445068255 35
1445068256 35
1445068261 35
1445068269 35
1445068275 35
1445068276 35
1445068281 35
1445068289 35
1445068295 35
1445068296 35
1445068301 35
1445068309 35
1445068315 35
1445068316 35
1445068321 35
1445068329 35
1445068335 35
1445068336 35
1445068341 35
1445068349 35
1445068355 35
1445068356 35
1445068361 35
1445068369 35
1445068375 35
1445068376 35
1445068381 35
1445068382 35
1445068382 35
1445068382 35
1445068382 35
1445068382 35
1445068382 35
1445068382 35
1445068382 35
1445068382 35
1445068382 35
1445068382 35
1445068382 35
1445068382 35
1445068389 35
1445068395 35
1445068396 35
1445068401 35
1445068409 35
1445068415 35
1445068416 35
1445068421 35
1445068429 35
1445068435 35
1445068436 35
1445068441 35
1445068449 35
1445068455 35
1445068456 35
1445068461 35
1445068469 35
1445068475 35
1445068476 35
1445068481 35
1445068489 35
1445068495 35
1445068496 35
1445068501 35
1445068509 35
1445068515 35
1445068516 35
1445068521 35
1445068529 35
1445068535 35
1445068536 35
1445068541 35
1445068549 35
1445068555 35
1445068556 35
1445068561 35
1445068569 35
1445068575 35
1445068576 35
1445068581 35
1445068589 35
1445068595 35
1445068596 35
1445068601 35
1445068609 35
1445068615 35
1445068616 35
1445068621 35
1445068629 35
1445068635 35
1445068636 35
1445068641 35
1445068649 35
1445068655 35
1445068656 35
1445068661 35
1445068669 35
1445068675 35
1445068676 35
1445068681 35
1445068689 35
1445068695 35
1445068696 35
1445068701 35
1445068709 35
1445068715 35
1445068716 35
1445068721 35
1445068729 35
1445068735 35
1445068736 35
1445068741 35
1445068749 35
1445068755 35
1445068756 35
1445068761 35
1445068769 35
1445068775 35
1445068776 35
1445068781 35
1445068789 35
1445068795 35
1445068796 35
1445068801 35
1445068809 35
1445068815 35
1445068816 35
1445068821 35
1445068835 35
1445068836 35
1445068841 35
1445068855 35
1445068856 35
1445068859 35
1445068879 35
1445068891 35
1445068899 35
1445068905 35
1445068906 35
1445068911 35
1445068919 35
1445068925 35
1445068926 35
1445068931 35
1445068939 35
1445068945 35
1445068946 35
1445068951 35
1445068959 35
1445068965 35
1445068966 35
1445068971 35
1445068979 35
1445068985 35
1445068986 35
1445068991 35
1445068999 35
1445069005 35
1445069006 35
1445069011 35
1445069019 35
1445069025 35
1445069026 35
1445069031 35
1445069039 35
1445069045 35
1445069046 35
1445069051 35
1445069059 35
1445069065 35
1445069066 35
1445069071 35
1445069079 35
1445069085 35
1445069086 35
1445069091 35
1445069099 35
1445069105 35
1445069106 35
1445069111 35
1445069119 35
1445069125 35
1445069126 35
1445069131 35
1445069139 35
1445069145 35
1445069146 35
1445069151 35
1445069159 35
1445069165 35
1445069166 35
1445069171 35
1445069179 35
1445069185 35
1445069186 35
1445069191 35
1445069199 35
1445069205 35
1445069206 35
1445069211 35
1445069219 35
1445069225 35
1445069226 35
1445069231 35
1445069239 35
1445069245 35
1445069246 35
1445069251 35
1445069259 35
1445069265 35
1445069266 35
1445069271 35
1445069279 35
1445069285 35
1445069286 35
1445069291 35
1445069299 35
1445069305 35
1445069306 35
1445069311 35
1445069319 35
1445069325 35
1445069326 35
1445069331 35
1445069339 35
1445069345 35
1445069346 35
1445069351 35
1445069359 35
1445069365 35
1445069366 35
1445069371 35
1445069379 35
1445069385 35
1445069386 35
1445069391 35
1445069399 35
1445069405 35
1445069406 35
1445069411 35
1445069419 35
1445069425 35
1445069426 35
1445069431 35
1445069439 35
1445069445 35
1445069446 35
1445069451 35
1445069459 35
1445069465 35
1445069466 35
1445069471 35
1445069479 35
1445069485 35
1445069486 35
1445069491 35
1445069499 35
1445069505 35
1445069506 35
1445069511 35
1445069519 35
1445069525 35
1445069526 35
1445069531 35
1445069539 35
1445069545 35
1445069546 35
1445069551 35
1445069559 35
1445069565 35
1445069566 35
1445069571 35
1445069579 35
1445069585 35
1445069586 35
1445069591 35
1445069599 35
1445069605 35
1445069606 35
1445069611 35
1445069619 35
1445069625 35
1445069626 35
1445069631 35
1445069639 35
1445069645 35
1445069646 35
1445069651 35
1445069659 35
1445069665 35
1445069666 35
1445069671 35
1445069679 35
1445069685 35
1445069686 35
1445069691 35
1445069699 35
1445069705 35
1445069706 35
1445069711 35
1445069719 35
1445069725 35
1445069726 35
1445069731 35
1445069739 35
1445069745 35
1445069746 35
1445069751 35
1445069765 35
1445069766 35
1445069771 35
1445069785 35
1445069786 35
1445069789 35
1445069809 35
1445069821 35
1445069829 35
1445069835 35
1445069836 35
1445069841 35
1445069849 35
1445069855 35
1445069856 35
1445069861 35
1445069869 35
1445069875 35
1445069876 35
1445069881 35
1445069889 35
1445069895 35
1445069896 35
1445069901 35
1445069909 35
1445069915 35
1445069916 35
1445069921 35
1445069929 35
1445069935 35
1445069936 35
1445069941 35
1445069949 35
1445069955 35
1445069956 35
1445069961 35
1445069969 35
1445069975 35
1445069976 35
1445069981 35
1445069989 35
1445069995 35
1445069996 35
1445070001 35
1445070009 35
1445070015 35
1445070016 35
1445070021 35
1445070029 35
1445070035 35
1445070036 35
1445070041 35
1445070049 35
1445070055 35
1445070056 35
1445070061 35
1445070069 35
1445070075 35
1445070076 35
1445070081 35
1445070089 35
1445070095 35
1445070096 35
1445070101 35
1445070109 35
1445070115 35
1445070116 35
1445070121 35
1445070129 35
1445070135 35
1445070136 35
1445070139 35
1445070141 35
1445070154 35
1445070156 35
1445070159 35
1445070161 35
1445070174 35
1445070176 35
1445070179 35
1445070180 35
1445070193 35
1445070195 35
1445070198 35
1445070200 35
1445070213 35
1445070215 35
1445070218 35
1445070219 35
1445070232 35
1445070234 35
1445070237 35
1445070239 35
1445070252 35
1445070254 35
1445070257 35
1445070258 35
1445070271 35
1445070273 35
1445070276 35
1445070278 35
1445070291 35
1445070293 35
1445070296 35
1445070298 35
1445070310 35
1445070312 35
1445070315 35
1445070317 35
1445070330 35
1445070332 35
1445070337 35
1445070363 35
1445070378 35
1445070380 35
1445070383 35
1445070385 35
1445070398 35
1445070399 35
1445070403 35
1445070404 35
1445070417 35
1445070419 35
1445070422 35
1445070424 35
1445070437 35
1445070438 35
1445070442 35
1445070443 35
1445070456 35
1445070458 35
1445070458 35
1445070463 35
1445070476 35
1445070478 35
1445070478 35
1445070482 35
1445070495 35
1445070497 35
1445070497 35
1445070502 35
1445070515 35
1445070517 35
1445070517 35
1445070522 35
1445070534 35
1445070536 35
1445070536 35
1445070541 35
1445070554 35
1445070556 35
1445070561 35
1445070584 35
1445070602 35
1445070604 35
1445070604 35
1445070609 35
1445070621 35
1445070623 35
1445070623 35
1445070628 35
1445070641 35
1445070643 35
1445070643 35
1445070648 35
1445070660 35
1445070662 35
1445070662 35
1445070667 35
1445070680 35
1445070682 35
1445070682 35
1445070687 35
1445070700 35
1445070701 35
1445070702 35
1445070706 35
1445070719 35
1445070721 35
1445070721 35
1445070726 35
1445070739 35
1445070740 35
1445070741 35
1445070745 35
1445070758 35
1445070760 35
1445070760 35
1445070765 35
1445070778 35
1445070779 35
1445070784 35
1445070808 35
1445070826 35
1445070827 35
1445070828 35
1445070832 35
1445070845 35
1445070847 35
1445070847 35
1445070852 35
1445070865 35
1445070867 35
1445070867 35
1445070871 35
1445070884 35
1445070886 35
1445070886 35
1445070891 35
1445070904 35
1445070906 35
1445070906 35
1445070910 35
1445070923 35
1445070925 35
1445070925 35
1445070930 35
1445070943 35
1445070945 35
1445070945 35
1445070950 35
1445070962 35
1445070964 35
1445070964 35
1445070969 35
1445070982 35
1445070984 35
1445070984 35
1445070989 35
1445071001 35
1445071003 35
1445071008 35
1445071032 35
1445071049 35
1445071051 35
1445071052 35
1445071057 35
1445071066 35
1445071071 35
1445071071 35
1445071076 35
1445071086 35
1445071091 35
1445071091 35
1445071096 35
1445071105 35
1445071110 35
1445071110 35
1445071115 35
1445071125 35
1445071130 35
1445071130 35
1445071135 35
1445071144 35
1445071149 35
1445071149 35
1445071154 35
1445071164 35
1445071169 35
1445071169 35
1445071174 35
1445071183 35
1445071188 35
1445071188 35
1445071193 35
1445071203 35
1445071208 35
1445071208 35
1445071213 35
