1445175360 22
1445175360 10
1445175360 17
1445175360 18
1445175360 6
1445175360 5
1445175361 2
1445175361 3
1445175362 8
1445175362 13
1445175362 7
1445175362 26
1445175362 11
1445175362 19
1445175362 24
1445175362 21
1445175362 12
1445175364 20
1445175364 14
1445175364 16
1445175364 26
1445175371 28
1445175371 15
1445175372 20
1445175372 14
1445175372 16
1445175372 26
1445175380 28
1445175380 15
1445175381 20
1445175381 14
1445175381 16
1445175381 26
1445175389 28
1445175389 15
1445175390 20
1445175390 14
1445175390 16
1445175390 26
1445175397 28
1445175397 15
1445175398 20
1445175398 14
1445175398 16
1445175398 26
1445175405 28
1445175405 15
1445175406 20
1445175406 14
1445175406 16
1445175406 26
1445175407 9
1445175415 28
1445175415 15
1445175415 20
1445175415 14
1445175415 16
1445175415 27
1445175415 23
1445175415 1
1445175437 4
1445175437 25
