1445092011 24
1445092011 11
1445092011 18
1445092011 27
1445092011 6
1445092011 3
1445092012 2
1445092012 5
1445092013 8
1445092013 12
1445092014 7
1445092014 31
1445092014 10
1445092014 21
1445092014 23
1445092014 26
1445092014 13
1445092017 25
1445092017 16
1445092017 15
1445092017 31
1445092027 30
1445092027 20
1445092029 25
1445092029 16
1445092029 15
1445092029 31
1445092038 30
1445092038 20
1445092040 25
1445092040 16
1445092040 15
1445092040 31
1445092050 30
1445092050 20
1445092052 25
1445092052 16
1445092052 15
1445092052 31
1445092062 30
1445092062 20
1445092063 25
1445092063 16
1445092063 15
1445092063 31
1445092072 30
1445092072 20
1445092074 25
1445092074 16
1445092074 15
1445092074 31
1445092074 9
1445092082 30
1445092082 20
1445092082 25
1445092082 16
1445092082 15
1445092084 29
1445092084 22
1445092084 1
1445092131 4
1445092131 28
1445092131 17
1445092131 19
1445092131 14
