1445092011 8
1445092011 147
1445092011 16
1445092011 102
1445092011 83
1445092011 8
1445092012 147
1445092012 160
1445092013 82
1445092013 67
1445092014 22
1445092014 102
1445092014 3
1445092014 75
1445092014 25
1445092014 25
1445092014 154
1445092017 102
1445092017 25
1445092017 25
1445092017 102
1445092027 75
1445092027 25
1445092029 102
1445092029 25
1445092029 25
1445092029 102
1445092038 75
1445092038 25
1445092040 102
1445092040 25
1445092040 25
1445092040 102
1445092050 75
1445092050 25
1445092052 102
1445092052 25
1445092052 25
1445092052 102
1445092062 75
1445092062 25
1445092063 102
1445092063 25
1445092063 25
1445092063 102
1445092072 75
1445092072 25
1445092074 102
1445092074 25
1445092074 25
1445092074 102
1445092074 67
1445092082 75
1445092082 25
1445092082 102
1445092082 25
1445092082 25
1445092084 75
1445092084 102
1445092084 160
1445092131 129
1445092131 3
1445092131 16
1445092131 16
1445092131 111
