1445240991 28
1445240991 28
1445240991 28
1445240992 28
1445240993 28
1445240993 28
1445240993 28
1445240993 28
1445240993 28
1445240993 28
1445240993 28
1445240993 28
1445240993 28
1445240993 28
1445240993 28
1445240993 28
1445240993 28
1445240993 28
1445240993 28
1445240994 28
1445240994 28
1445240994 28
1445240994 28
1445240994 28
1445240995 28
1445240995 28
1445240995 28
1445240995 28
1445240995 28
1445240995 28
1445240995 28
1445240995 28
1445240995 28
1445240995 28
1445240995 7
1445240995 28
1445240995 28
1445240995 28
1445240995 28
1445240995 28
1445240995 28
1445240995 28
1445240995 26
1445240995 1
1445240995 20
1445240995 28
1445240996 28
1445240996 28
1445240996 28
1445240996 28
1445240996 28
1445240996 28
1445240996 28
1445240996 28
1445240996 28
1445240996 28
1445240996 28
1445240996 28
1445240996 28
1445240996 28
1445240996 28
1445240996 28
1445240996 28
1445240996 28
1445240996 28
1445240996 28
1445240996 28
1445240996 28
1445240996 28
1445240996 28
1445240996 28
1445240996 28
1445240996 28
1445240996 28
1445240996 28
1445240996 28
1445240996 28
1445240996 28
1445240996 28
1445240996 28
1445240996 28
1445240996 28
1445240996 28
1445240996 28
1445240996 28
1445240996 28
1445240996 28
1445240996 28
1445240996 28
1445240996 28
1445240996 28
1445240996 28
1445240996 28
1445240996 28
1445240996 28
1445240996 28
1445240996 28
1445240996 28
1445240996 28
1445240996 28
1445240996 28
1445240996 28
1445240996 28
1445240996 28
1445240996 28
1445240996 28
1445240996 28
1445240996 28
1445240997 28
1445240997 28
1445240997 28
1445240997 28
1445240998 28
1445240998 28
1445240998 28
1445240998 28
1445240998 28
1445240998 28
1445240998 28
1445240998 28
1445240998 28
1445240998 28
1445240998 28
1445240998 28
1445240998 28
1445240998 28
1445240998 28
1445240998 28
1445240998 28
1445240998 28
1445240998 28
1445240998 28
1445240998 28
1445240998 28
1445240998 28
1445240998 28
1445240998 28
1445240998 28
1445240998 28
1445240998 28
1445240998 28
1445240998 28
1445240998 28
1445240998 28
1445240998 28
1445240998 28
1445240998 28
1445240998 28
1445240998 28
1445240998 28
1445240998 28
1445240998 28
1445240998 28
1445240998 28
1445240998 28
1445240998 28
1445240998 28
1445240998 28
1445240998 28
1445240998 28
1445240998 28
1445240998 28
1445240998 28
1445240998 28
1445240998 28
1445240998 28
1445240998 28
1445240998 28
1445240998 28
1445240998 28
1445240998 28
1445240998 28
1445240998 28
1445240998 28
1445240998 28
1445240998 28
1445240998 28
1445240998 28
1445240998 28
1445240998 28
1445240998 28
1445240998 28
1445240998 28
1445240998 28
1445240998 28
1445240998 28
1445240998 28
1445240998 28
1445240998 28
1445240998 28
1445240998 28
1445240998 28
1445240998 28
1445240998 28
1445240998 28
1445240998 28
1445240998 28
1445240998 28
1445240998 28
1445240998 28
1445240998 28
1445240998 28
1445240998 28
1445240998 28
1445240998 28
1445240998 28
1445240998 28
1445240998 28
1445240998 28
1445240998 28
1445240998 28
1445240998 28
1445240998 28
1445240998 28
1445240998 28
1445240998 28
1445240998 28
1445240998 28
1445240998 28
1445240998 28
1445240998 28
1445240998 28
1445240998 28
1445240998 28
1445240998 28
1445240998 28
1445240998 28
1445240998 28
1445240998 28
1445240998 28
1445240998 28
1445240999 28
1445240999 28
1445240999 28
1445241001 28
1445241001 28
1445241002 28
1445241002 28
1445241002 28
1445241002 28
1445241002 28
1445241002 28
1445241002 28
1445241002 28
1445241002 28
1445241002 28
1445241002 28
1445241002 28
1445241002 28
1445241002 28
1445241002 28
1445241002 28
1445241002 28
1445241002 28
1445241002 28
1445241002 28
1445241002 28
1445241002 28
1445241002 28
1445241002 28
1445241002 28
1445241002 28
1445241002 28
1445241002 28
1445241002 28
1445241002 28
1445241002 28
1445241002 28
1445241004 28
1445241004 28
1445241005 28
1445241005 28
1445241008 28
1445241008 28
1445241009 28
1445241009 28
1445241009 28
1445241009 28
1445241010 28
1445241010 28
1445241010 28
1445241010 28
1445241010 28
1445241010 28
1445241011 28
1445241011 28
1445241012 28
1445241012 28
1445241013 28
1445241013 28
1445241013 28
1445241013 28
1445241013 28
1445241013 28
1445241014 28
1445241014 28
1445241015 28
1445241015 28
1445241016 28
1445241016 28
1445241016 28
1445241016 28
1445241016 28
1445241016 28
1445241017 28
1445241017 28
1445241018 28
1445241018 28
1445241019 28
1445241019 28
1445241019 28
1445241019 28
1445241019 28
1445241020 28
1445241020 28
1445241020 28
1445241021 28
1445241021 28
1445241022 28
1445241022 28
1445241022 28
1445241022 28
1445241022 28
1445241023 28
1445241023 28
1445241023 28
1445241024 28
1445241024 28
1445241025 28
1445241025 28
1445241025 28
1445241025 28
1445241025 28
1445241026 28
1445241026 28
1445241026 28
1445241027 28
1445241027 28
1445241028 28
1445241028 28
1445241028 28
1445241028 28
1445241028 28
1445241029 28
1445241029 28
1445241029 28
1445241030 28
1445241030 28
1445241031 28
1445241031 28
1445241031 28
1445241031 28
1445241031 28
1445241032 28
1445241032 28
1445241032 28
1445241033 28
1445241033 28
1445241033 28
1445241034 28
1445241034 28
1445241034 28
1445241034 28
1445241034 28
1445241035 28
1445241035 28
1445241035 28
1445241036 28
1445241036 28
1445241037 28
1445241037 28
1445241037 28
1445241037 28
1445241037 28
1445241038 28
1445241038 28
1445241038 28
1445241039 28
1445241039 28
1445241040 28
1445241040 28
1445241040 28
1445241040 28
1445241040 28
1445241041 28
1445241041 28
1445241041 28
1445241042 28
1445241042 28
1445241043 28
1445241043 28
1445241043 28
1445241043 28
1445241043 28
1445241044 28
1445241044 28
1445241044 28
1445241045 28
1445241045 28
1445241046 28
1445241046 28
1445241046 28
1445241046 28
1445241046 28
1445241047 28
1445241047 28
1445241047 28
1445241048 28
1445241048 28
1445241049 28
1445241049 28
1445241049 28
1445241049 28
1445241049 28
1445241050 28
1445241050 28
1445241050 28
1445241051 28
1445241051 28
1445241052 28
1445241052 28
1445241052 28
1445241052 28
1445241052 28
1445241053 28
1445241053 28
1445241053 28
1445241053 28
1445241053 28
1445241053 28
1445241053 28
1445241053 28
1445241053 28
1445241053 28
1445241053 28
1445241053 28
1445241053 28
1445241053 28
1445241053 28
1445241053 28
1445241053 28
1445241053 28
1445241053 28
1445241053 28
1445241053 28
1445241053 28
1445241053 28
1445241053 28
1445241054 28
1445241054 28
1445241054 28
1445241054 28
1445241054 28
1445241054 19
1445241054 25
1445241054 -1
1445241054 28
1445241054 28
1445241055 28
1445241055 28
1445241055 28
1445241055 28
1445241056 28
1445241056 28
1445241056 28
1445241057 28
1445241057 28
1445241058 28
1445241058 28
1445241058 28
1445241058 28
1445241059 28
1445241059 28
1445241059 28
1445241060 28
1445241060 28
1445241061 28
1445241061 28
1445241061 28
1445241061 28
1445241062 28
1445241062 28
1445241062 28
1445241063 28
1445241063 28
1445241064 28
1445241064 28
1445241064 28
1445241064 28
1445241065 28
1445241065 28
1445241065 28
1445241066 28
1445241066 28
1445241067 28
1445241067 28
1445241067 28
1445241067 28
1445241068 28
1445241068 28
1445241068 28
1445241069 28
1445241069 28
1445241070 28
1445241070 28
1445241070 28
1445241070 28
1445241071 28
1445241071 28
1445241071 28
1445241072 28
1445241072 28
1445241073 28
1445241073 28
1445241073 28
1445241073 28
1445241074 28
1445241074 28
1445241074 28
1445241075 28
1445241075 28
1445241076 28
1445241076 28
1445241076 28
1445241076 28
1445241077 28
1445241077 28
1445241077 28
1445241078 28
1445241078 28
1445241079 28
1445241079 28
1445241079 28
1445241079 28
1445241080 28
1445241080 28
1445241080 28
1445241081 28
1445241082 28
1445241082 28
1445241082 28
1445241082 28
1445241082 28
1445241083 28
1445241083 28
1445241083 28
1445241084 28
1445241084 28
1445241085 28
1445241085 28
1445241085 28
1445241085 28
1445241085 28
1445241086 28
1445241086 28
1445241086 28
1445241086 28
1445241087 28
1445241087 28
1445241088 28
1445241088 28
1445241088 28
1445241088 28
1445241088 28
1445241089 28
1445241089 28
1445241089 28
1445241090 28
1445241091 28
1445241091 28
1445241091 28
1445241091 28
1445241091 28
1445241092 28
1445241092 28
1445241092 28
1445241093 28
1445241094 28
1445241094 28
1445241094 28
1445241094 28
1445241094 28
1445241094 28
1445241094 28
1445241095 28
1445241095 28
1445241095 28
1445241095 28
1445241096 28
1445241096 28
1445241096 28
1445241097 28
1445241097 28
1445241097 28
1445241097 28
1445241098 28
1445241098 28
1445241098 28
1445241098 28
1445241098 28
1445241099 28
1445241100 28
1445241100 28
1445241100 28
1445241101 28
1445241101 28
1445241101 28
1445241101 28
1445241101 28
1445241102 28
1445241103 28
1445241103 28
1445241104 28
1445241104 28
1445241104 28
1445241104 28
1445241104 28
1445241104 28
1445241105 28
1445241106 28
1445241106 28
1445241106 28
1445241106 28
1445241106 28
1445241106 28
1445241106 28
1445241106 28
1445241106 28
1445241106 28
1445241106 28
1445241106 28
1445241106 28
1445241106 28
1445241106 28
1445241106 28
1445241107 28
1445241107 28
1445241107 28
1445241107 28
1445241107 28
1445241107 28
1445241107 28
1445241109 28
1445241109 28
1445241109 28
1445241109 28
1445241109 28
1445241109 28
1445241110 28
1445241110 28
1445241110 28
1445241110 28
1445241110 28
1445241110 28
1445241110 28
1445241111 28
1445241112 28
1445241112 28
1445241112 28
1445241112 28
1445241113 28
1445241113 28
1445241113 28
1445241113 28
1445241113 28
1445241113 28
1445241113 28
1445241114 28
1445241115 28
1445241115 28
1445241115 28
1445241115 28
1445241116 28
1445241116 28
1445241116 28
1445241116 28
1445241116 28
1445241116 28
1445241116 28
1445241116 28
1445241117 28
1445241118 28
1445241118 28
1445241118 28
1445241118 28
1445241119 28
1445241119 28
1445241119 28
1445241119 28
1445241119 28
1445241119 28
1445241119 28
1445241119 28
1445241120 28
1445241121 28
1445241121 28
1445241121 28
1445241121 28
1445241122 28
1445241122 28
1445241122 28
1445241122 28
1445241122 28
1445241122 28
1445241122 28
1445241122 28
1445241122 28
1445241122 28
1445241122 28
1445241122 28
1445241122 28
1445241122 28
1445241122 28
1445241122 28
1445241122 28
1445241122 28
1445241122 28
1445241123 28
1445241123 28
1445241123 28
1445241123 19
1445241123 25
1445241123 -1
1445241123 28
1445241124 28
1445241124 28
1445241124 28
1445241124 28
1445241125 28
1445241125 28
1445241125 28
1445241125 28
1445241125 28
1445241125 28
1445241125 28
1445241125 28
1445241125 28
1445241125 28
1445241125 28
1445241125 28
1445241125 28
1445241125 28
1445241125 28
1445241125 28
1445241125 28
1445241126 28
1445241126 28
1445241126 28
1445241126 28
1445241126 28
1445241126 28
1445241126 28
1445241126 28
1445241126 28
1445241126 28
1445241126 28
1445241126 28
1445241127 28
1445241127 28
1445241127 28
1445241127 28
1445241127 28
1445241127 28
1445241127 19
1445241127 25
1445241127 -1
1445241127 28
1445241127 28
1445241128 28
1445241128 28
1445241128 28
1445241128 19
1445241128 25
1445241128 -1
1445241128 28
1445241128 28
1445241128 28
1445241128 28
1445241128 28
1445241128 28
1445241128 28
1445241128 28
1445241128 28
1445241128 28
1445241128 28
1445241128 28
1445241128 28
1445241128 28
1445241128 28
1445241128 28
1445241128 28
1445241128 28
1445241128 28
1445241128 28
1445241128 28
1445241128 28
1445241128 28
1445241128 28
1445241128 28
1445241128 28
1445241129 28
1445241129 28
1445241129 28
1445241129 28
1445241129 19
1445241129 25
1445241129 -1
1445241129 28
1445241130 28
1445241130 28
1445241130 28
1445241131 28
1445241131 28
1445241131 28
1445241131 28
1445241131 28
1445241131 28
1445241132 28
1445241132 28
1445241132 28
1445241133 28
1445241133 28
1445241133 28
1445241133 28
1445241133 28
1445241133 28
1445241133 28
1445241133 28
1445241133 28
1445241133 28
1445241133 28
1445241133 28
1445241133 28
1445241133 28
1445241134 28
1445241134 28
1445241134 28
1445241134 28
1445241134 28
1445241134 28
1445241134 28
1445241134 28
1445241134 28
1445241134 28
1445241134 28
1445241134 28
1445241134 28
1445241134 28
1445241134 28
1445241134 19
1445241134 25
1445241134 -1
1445241135 28
1445241135 28
1445241135 28
1445241135 28
1445241135 28
1445241135 28
1445241135 28
1445241135 28
1445241135 19
1445241135 25
1445241135 -1
1445241136 28
1445241137 28
1445241138 28
1445241138 28
1445241138 28
1445241138 28
1445241138 28
1445241138 28
1445241138 28
1445241138 28
1445241138 28
1445241138 28
1445241138 28
1445241138 28
1445241138 28
1445241138 28
1445241138 28
1445241138 28
1445241138 28
1445241138 28
1445241138 28
1445241138 28
1445241138 28
1445241138 28
1445241138 28
1445241138 28
1445241138 28
1445241138 28
1445241138 28
1445241138 28
1445241138 28
1445241138 19
1445241138 25
1445241138 -1
1445241138 28
1445241139 28
1445241139 28
1445241139 28
1445241139 28
1445241139 28
1445241139 28
1445241139 28
1445241139 28
1445241139 28
1445241139 28
1445241139 28
1445241139 28
1445241139 28
1445241139 28
1445241139 28
1445241139 28
1445241139 28
1445241139 28
1445241139 2
1445241139 28
1445241139 28
1445241139 6
1445241139 23
1445241139 22
1445241139 17
1445241139 21
1445241139 18
1445241139 16
1445241139 14
1445241139 10
1445241139 11
1445241139 12
1445241139 9
1445241139 28
1445241139 28
1445241139 28
1445241139 28
1445241139 19
1445241139 25
1445241139 -1
1445241140 28
1445241140 28
1445241140 28
1445241140 28
1445241140 19
1445241140 25
1445241140 -1
1445241140 28
1445241140 28
1445241140 19
1445241140 25
1445241140 -1
1445241141 28
1445241141 28
1445241141 28
1445241141 28
1445241144 28
1445241147 28
1445241150 28
1445241153 28
1445241156 28
1445241159 28
1445241162 28
1445241165 28
1445241168 28
1445241171 28
1445241174 28
1445241177 28
1445241180 28
1445241183 28
1445241186 28
1445241189 28
1445241192 28
1445241195 28
1445241195 28
1445241195 28
1445241195 28
1445241195 28
1445241195 28
1445241195 28
1445241195 28
1445241195 28
1445241195 28
1445241195 28
1445241195 28
1445241195 28
1445241195 28
1445241195 28
1445241195 28
1445241195 28
1445241195 28
1445241196 28
1445241196 28
1445241196 28
1445241196 28
1445241196 28
1445241196 28
1445241196 28
1445241196 28
1445241196 28
1445241196 28
1445241196 8
1445241196 28
1445241196 28
1445241196 8
1445241196 28
1445241196 15
1445241196 28
1445241196 15
1445241196 28
1445241196 5
1445241196 27
1445241196 28
1445241196 4
1445241196 24
1445241196 28
1445241196 3
1445241196 13
1445241196 28
1445241196 28
1445241196 28
1445241196 28
1445241197 28
1445241197 28
1445241197 28
1445241197 28
1445241197 28
1445241197 28
