1445240991 35
1445240991 35
1445240991 35
1445240992 35
1445240993 35
1445240993 35
1445240993 35
1445240993 35
1445240993 35
1445240993 35
1445240993 35
1445240993 35
1445240993 35
1445240993 35
1445240993 35
1445240993 35
1445240993 35
1445240993 35
1445240993 35
1445240994 35
1445240994 35
1445240994 35
1445240994 35
1445240994 35
1445240995 35
1445240995 35
1445240995 35
1445240995 35
1445240995 35
1445240995 35
1445240995 35
1445240995 35
1445240995 35
1445240995 35
1445240995 8
1445240995 35
1445240995 35
1445240995 35
1445240995 35
1445240995 35
1445240995 35
1445240995 35
1445240995 64
1445240995 5
1445240995 64
1445240995 35
1445240996 35
1445240996 35
1445240996 35
1445240996 35
1445240996 35
1445240996 35
1445240996 35
1445240996 35
1445240996 35
1445240996 35
1445240996 35
1445240996 35
1445240996 35
1445240996 35
1445240996 35
1445240996 35
1445240996 35
1445240996 35
1445240996 35
1445240996 35
1445240996 35
1445240996 35
1445240996 35
1445240996 35
1445240996 35
1445240996 35
1445240996 35
1445240996 35
1445240996 35
1445240996 35
1445240996 35
1445240996 35
1445240996 35
1445240996 35
1445240996 35
1445240996 35
1445240996 35
1445240996 35
1445240996 35
1445240996 35
1445240996 35
1445240996 35
1445240996 35
1445240996 35
1445240996 35
1445240996 35
1445240996 35
1445240996 35
1445240996 35
1445240996 35
1445240996 35
1445240996 35
1445240996 35
1445240996 35
1445240996 35
1445240996 35
1445240996 35
1445240996 35
1445240996 35
1445240996 35
1445240996 35
1445240996 35
1445240997 35
1445240997 35
1445240997 35
1445240997 35
1445240998 35
1445240998 35
1445240998 35
1445240998 35
1445240998 35
1445240998 35
1445240998 35
1445240998 35
1445240998 35
1445240998 35
1445240998 35
1445240998 35
1445240998 35
1445240998 35
1445240998 35
1445240998 35
1445240998 35
1445240998 35
1445240998 35
1445240998 35
1445240998 35
1445240998 35
1445240998 35
1445240998 35
1445240998 35
1445240998 35
1445240998 35
1445240998 35
1445240998 35
1445240998 35
1445240998 35
1445240998 35
1445240998 35
1445240998 35
1445240998 35
1445240998 35
1445240998 35
1445240998 35
1445240998 35
1445240998 35
1445240998 35
1445240998 35
1445240998 35
1445240998 35
1445240998 35
1445240998 35
1445240998 35
1445240998 35
1445240998 35
1445240998 35
1445240998 35
1445240998 35
1445240998 35
1445240998 35
1445240998 35
1445240998 35
1445240998 35
1445240998 35
1445240998 35
1445240998 35
1445240998 35
1445240998 35
1445240998 35
1445240998 35
1445240998 35
1445240998 35
1445240998 35
1445240998 35
1445240998 35
1445240998 35
1445240998 35
1445240998 35
1445240998 35
1445240998 35
1445240998 35
1445240998 35
1445240998 35
1445240998 35
1445240998 35
1445240998 35
1445240998 35
1445240998 35
1445240998 35
1445240998 35
1445240998 35
1445240998 35
1445240998 35
1445240998 35
1445240998 35
1445240998 35
1445240998 35
1445240998 35
1445240998 35
1445240998 35
1445240998 35
1445240998 35
1445240998 35
1445240998 35
1445240998 35
1445240998 35
1445240998 35
1445240998 35
1445240998 35
1445240998 35
1445240998 35
1445240998 35
1445240998 35
1445240998 35
1445240998 35
1445240998 35
1445240998 35
1445240998 35
1445240998 35
1445240998 35
1445240998 35
1445240998 35
1445240998 35
1445240998 35
1445240998 35
1445240999 35
1445240999 35
1445240999 35
1445241001 35
1445241001 35
1445241002 35
1445241002 35
1445241002 35
1445241002 35
1445241002 35
1445241002 35
1445241002 35
1445241002 35
1445241002 35
1445241002 35
1445241002 35
1445241002 35
1445241002 35
1445241002 35
1445241002 35
1445241002 35
1445241002 35
1445241002 35
1445241002 35
1445241002 35
1445241002 35
1445241002 35
1445241002 35
1445241002 35
1445241002 35
1445241002 35
1445241002 35
1445241002 35
1445241002 35
1445241002 35
1445241002 35
1445241002 35
1445241004 35
1445241004 35
1445241005 35
1445241005 35
1445241008 35
1445241008 35
1445241009 35
1445241009 35
1445241009 35
1445241009 35
1445241010 35
1445241010 35
1445241010 35
1445241010 35
1445241010 35
1445241010 35
1445241011 35
1445241011 35
1445241012 35
1445241012 35
1445241013 35
1445241013 35
1445241013 35
1445241013 35
1445241013 35
1445241013 35
1445241014 35
1445241014 35
1445241015 35
1445241015 35
1445241016 35
1445241016 35
1445241016 35
1445241016 35
1445241016 35
1445241016 35
1445241017 35
1445241017 35
1445241018 35
1445241018 35
1445241019 35
1445241019 35
1445241019 35
1445241019 35
1445241019 35
1445241020 35
1445241020 35
1445241020 35
1445241021 35
1445241021 35
1445241022 35
1445241022 35
1445241022 35
1445241022 35
1445241022 35
1445241023 35
1445241023 35
1445241023 35
1445241024 35
1445241024 35
1445241025 35
1445241025 35
1445241025 35
1445241025 35
1445241025 35
1445241026 35
1445241026 35
1445241026 35
1445241027 35
1445241027 35
1445241028 35
1445241028 35
1445241028 35
1445241028 35
1445241028 35
1445241029 35
1445241029 35
1445241029 35
1445241030 35
1445241030 35
1445241031 35
1445241031 35
1445241031 35
1445241031 35
1445241031 35
1445241032 35
1445241032 35
1445241032 35
1445241033 35
1445241033 35
1445241033 35
1445241034 35
1445241034 35
1445241034 35
1445241034 35
1445241034 35
1445241035 35
1445241035 35
1445241035 35
1445241036 35
1445241036 35
1445241037 35
1445241037 35
1445241037 35
1445241037 35
1445241037 35
1445241038 35
1445241038 35
1445241038 35
1445241039 35
1445241039 35
1445241040 35
1445241040 35
1445241040 35
1445241040 35
1445241040 35
1445241041 35
1445241041 35
1445241041 35
1445241042 35
1445241042 35
1445241043 35
1445241043 35
1445241043 35
1445241043 35
1445241043 35
1445241044 35
1445241044 35
1445241044 35
1445241045 35
1445241045 35
1445241046 35
1445241046 35
1445241046 35
1445241046 35
1445241046 35
1445241047 35
1445241047 35
1445241047 35
1445241048 35
1445241048 35
1445241049 35
1445241049 35
1445241049 35
1445241049 35
1445241049 35
1445241050 35
1445241050 35
1445241050 35
1445241051 35
1445241051 35
1445241052 35
1445241052 35
1445241052 35
1445241052 35
1445241052 35
1445241053 35
1445241053 35
1445241053 35
1445241053 35
1445241053 35
1445241053 35
1445241053 35
1445241053 35
1445241053 35
1445241053 35
1445241053 35
1445241053 35
1445241053 35
1445241053 35
1445241053 35
1445241053 35
1445241053 35
1445241053 35
1445241053 35
1445241053 35
1445241053 35
1445241053 35
1445241053 35
1445241053 35
1445241054 35
1445241054 35
1445241054 35
1445241054 35
1445241054 35
1445241054 113
1445241054 119
1445241054 170
1445241054 35
1445241054 35
1445241055 35
1445241055 35
1445241055 35
1445241055 35
1445241056 35
1445241056 35
1445241056 35
1445241057 35
1445241057 35
1445241058 35
1445241058 35
1445241058 35
1445241058 35
1445241059 35
1445241059 35
1445241059 35
1445241060 35
1445241060 35
1445241061 35
1445241061 35
1445241061 35
1445241061 35
1445241062 35
1445241062 35
1445241062 35
1445241063 35
1445241063 35
1445241064 35
1445241064 35
1445241064 35
1445241064 35
1445241065 35
1445241065 35
1445241065 35
1445241066 35
1445241066 35
1445241067 35
1445241067 35
1445241067 35
1445241067 35
1445241068 35
1445241068 35
1445241068 35
1445241069 35
1445241069 35
1445241070 35
1445241070 35
1445241070 35
1445241070 35
1445241071 35
1445241071 35
1445241071 35
1445241072 35
1445241072 35
1445241073 35
1445241073 35
1445241073 35
1445241073 35
1445241074 35
1445241074 35
1445241074 35
1445241075 35
1445241075 35
1445241076 35
1445241076 35
1445241076 35
1445241076 35
1445241077 35
1445241077 35
1445241077 35
1445241078 35
1445241078 35
1445241079 35
1445241079 35
1445241079 35
1445241079 35
1445241080 35
1445241080 35
1445241080 35
1445241081 35
1445241082 35
1445241082 35
1445241082 35
1445241082 35
1445241082 35
1445241083 35
1445241083 35
1445241083 35
1445241084 35
1445241084 35
1445241085 35
1445241085 35
1445241085 35
1445241085 35
1445241085 35
1445241086 35
1445241086 35
1445241086 35
1445241086 35
1445241087 35
1445241087 35
1445241088 35
1445241088 35
1445241088 35
1445241088 35
1445241088 35
1445241089 35
1445241089 35
1445241089 35
1445241090 35
1445241091 35
1445241091 35
1445241091 35
1445241091 35
1445241091 35
1445241092 35
1445241092 35
1445241092 35
1445241093 35
1445241094 35
1445241094 35
1445241094 35
1445241094 35
1445241094 35
1445241094 35
1445241094 35
1445241095 35
1445241095 35
1445241095 35
1445241095 35
1445241096 35
1445241096 35
1445241096 35
1445241097 35
1445241097 35
1445241097 35
1445241097 35
1445241098 35
1445241098 35
1445241098 35
1445241098 35
1445241098 35
1445241099 35
1445241100 35
1445241100 35
1445241100 35
1445241101 35
1445241101 35
1445241101 35
1445241101 35
1445241101 35
1445241102 35
1445241103 35
1445241103 35
1445241104 35
1445241104 35
1445241104 35
1445241104 35
1445241104 35
1445241104 35
1445241105 35
1445241106 35
1445241106 35
1445241106 35
1445241106 35
1445241106 35
1445241106 35
1445241106 35
1445241106 35
1445241106 35
1445241106 35
1445241106 35
1445241106 35
1445241106 35
1445241106 35
1445241106 35
1445241106 35
1445241107 35
1445241107 35
1445241107 35
1445241107 35
1445241107 35
1445241107 35
1445241107 35
1445241109 35
1445241109 35
1445241109 35
1445241109 35
1445241109 35
1445241109 35
1445241110 35
1445241110 35
1445241110 35
1445241110 35
1445241110 35
1445241110 35
1445241110 35
1445241111 35
1445241112 35
1445241112 35
1445241112 35
1445241112 35
1445241113 35
1445241113 35
1445241113 35
1445241113 35
1445241113 35
1445241113 35
1445241113 35
1445241114 35
1445241115 35
1445241115 35
1445241115 35
1445241115 35
1445241116 35
1445241116 35
1445241116 35
1445241116 35
1445241116 35
1445241116 35
1445241116 35
1445241116 35
1445241117 35
1445241118 35
1445241118 35
1445241118 35
1445241118 35
1445241119 35
1445241119 35
1445241119 35
1445241119 35
1445241119 35
1445241119 35
1445241119 35
1445241119 35
1445241120 35
1445241121 35
1445241121 35
1445241121 35
1445241121 35
1445241122 35
1445241122 35
1445241122 35
1445241122 35
1445241122 35
1445241122 35
1445241122 35
1445241122 35
1445241122 35
1445241122 35
1445241122 35
1445241122 35
1445241122 35
1445241122 35
1445241122 35
1445241122 35
1445241122 35
1445241122 35
1445241122 35
1445241123 35
1445241123 35
1445241123 35
1445241123 113
1445241123 119
1445241123 170
1445241123 35
1445241124 35
1445241124 35
1445241124 35
1445241124 35
1445241125 35
1445241125 35
1445241125 35
1445241125 35
1445241125 35
1445241125 35
1445241125 35
1445241125 35
1445241125 35
1445241125 35
1445241125 35
1445241125 35
1445241125 35
1445241125 35
1445241125 35
1445241125 35
1445241125 35
1445241126 35
1445241126 35
1445241126 35
1445241126 35
1445241126 35
1445241126 35
1445241126 35
1445241126 35
1445241126 35
1445241126 35
1445241126 35
1445241126 35
1445241127 35
1445241127 35
1445241127 35
1445241127 35
1445241127 35
1445241127 35
1445241127 113
1445241127 119
1445241127 170
1445241127 35
1445241127 35
1445241128 35
1445241128 35
1445241128 35
1445241128 113
1445241128 119
1445241128 170
1445241128 35
1445241128 35
1445241128 35
1445241128 35
1445241128 35
1445241128 35
1445241128 35
1445241128 35
1445241128 35
1445241128 35
1445241128 35
1445241128 35
1445241128 35
1445241128 35
1445241128 35
1445241128 35
1445241128 35
1445241128 35
1445241128 35
1445241128 35
1445241128 35
1445241128 35
1445241128 35
1445241128 35
1445241128 35
1445241128 35
1445241129 35
1445241129 35
1445241129 35
1445241129 35
1445241129 113
1445241129 119
1445241129 170
1445241129 35
1445241130 35
1445241130 35
1445241130 35
1445241131 35
1445241131 35
1445241131 35
1445241131 35
1445241131 35
1445241131 35
1445241132 35
1445241132 35
1445241132 35
1445241133 35
1445241133 35
1445241133 35
1445241133 35
1445241133 35
1445241133 35
1445241133 35
1445241133 35
1445241133 35
1445241133 35
1445241133 35
1445241133 35
1445241133 35
1445241133 35
1445241134 35
1445241134 35
1445241134 35
1445241134 35
1445241134 35
1445241134 35
1445241134 35
1445241134 35
1445241134 35
1445241134 35
1445241134 35
1445241134 35
1445241134 35
1445241134 35
1445241134 35
1445241134 113
1445241134 119
1445241134 170
1445241135 35
1445241135 35
1445241135 35
1445241135 35
1445241135 35
1445241135 35
1445241135 35
1445241135 35
1445241135 113
1445241135 119
1445241135 170
1445241136 35
1445241137 35
1445241138 35
1445241138 35
1445241138 35
1445241138 35
1445241138 35
1445241138 35
1445241138 35
1445241138 35
1445241138 35
1445241138 35
1445241138 35
1445241138 35
1445241138 35
1445241138 35
1445241138 35
1445241138 35
1445241138 35
1445241138 35
1445241138 35
1445241138 35
1445241138 35
1445241138 35
1445241138 35
1445241138 35
1445241138 35
1445241138 35
1445241138 35
1445241138 35
1445241138 35
1445241138 113
1445241138 119
1445241138 170
1445241138 35
1445241139 35
1445241139 35
1445241139 35
1445241139 35
1445241139 35
1445241139 35
1445241139 35
1445241139 35
1445241139 35
1445241139 35
1445241139 35
1445241139 35
1445241139 35
1445241139 35
1445241139 35
1445241139 35
1445241139 35
1445241139 35
1445241139 89
1445241139 35
1445241139 35
1445241139 36
1445241139 164
1445241139 106
1445241139 4
1445241139 106
1445241139 106
1445241139 61
1445241139 15
1445241139 61
1445241139 61
1445241139 61
1445241139 61
1445241139 35
1445241139 35
1445241139 35
1445241139 35
1445241139 113
1445241139 119
1445241139 170
1445241140 35
1445241140 35
1445241140 35
1445241140 35
1445241140 113
1445241140 119
1445241140 170
1445241140 35
1445241140 35
1445241140 113
1445241140 119
1445241140 170
1445241141 35
1445241141 35
1445241141 35
1445241141 35
1445241144 35
1445241147 35
1445241150 35
1445241153 35
1445241156 35
1445241159 35
1445241162 35
1445241165 35
1445241168 35
1445241171 35
1445241174 35
1445241177 35
1445241180 35
1445241183 35
1445241186 35
1445241189 35
1445241192 35
1445241195 35
1445241195 35
1445241195 35
1445241195 35
1445241195 35
1445241195 35
1445241195 35
1445241195 35
1445241195 35
1445241195 35
1445241195 35
1445241195 35
1445241195 35
1445241195 35
1445241195 35
1445241195 35
1445241195 35
1445241195 35
1445241196 35
1445241196 35
1445241196 35
1445241196 35
1445241196 35
1445241196 35
1445241196 35
1445241196 35
1445241196 35
1445241196 35
1445241196 17
1445241196 35
1445241196 35
1445241196 17
1445241196 35
1445241196 130
1445241196 35
1445241196 130
1445241196 35
1445241196 34
1445241196 70
1445241196 35
1445241196 34
1445241196 130
1445241196 35
1445241196 34
1445241196 17
1445241196 35
1445241196 35
1445241196 35
1445241196 35
1445241197 35
1445241197 35
1445241197 35
1445241197 35
1445241197 35
1445241197 35
