1445071666 8
1445071666 147
1445071666 16
1445071666 102
1445071666 83
1445071666 8
1445071666 147
1445071667 160
1445071667 82
1445071667 67
1445071667 22
1445071668 102
1445071668 3
1445071668 75
1445071668 25
1445071668 25
1445071668 154
1445071671 102
1445071671 25
1445071671 25
1445071671 102
1445071681 75
1445071681 25
1445071683 102
1445071683 25
1445071683 25
1445071683 102
1445071694 75
1445071694 25
1445071696 102
1445071696 25
1445071696 25
1445071696 102
1445071705 75
1445071705 25
1445071707 102
1445071707 25
1445071707 25
1445071707 102
1445071718 75
1445071718 25
1445071721 102
1445071721 25
1445071721 25
1445071721 102
1445071731 75
1445071731 25
1445071733 102
1445071733 25
1445071733 25
1445071733 102
1445071741 75
1445071741 25
1445071743 102
1445071743 25
1445071743 25
1445071743 102
1445071752 75
1445071752 25
1445071753 67
1445071753 102
1445071753 25
1445071753 25
1445071760 75
1445071760 102
1445071760 160
1445071793 129
1445071794 3
1445071794 16
1445071794 16
1445071794 111
