1445092010 22
1445092010 10
1445092010 17
1445092010 24
1445092010 6
1445092010 3
1445092012 2
1445092014 5
1445092017 7
1445092017 11
1445092021 8
1445092021 30
1445092021 14
1445092021 26
1445092021 21
1445092021 27
1445092021 9
1445092027 25
1445092027 15
1445092027 18
1445092027 30
1445092059 29
1445092059 19
1445092063 25
1445092063 15
1445092063 18
1445092063 30
1445092093 29
1445092093 19
1445092098 25
1445092098 15
1445092098 18
1445092098 30
1445092126 29
1445092126 19
1445092131 25
1445092131 15
1445092131 18
1445092131 30
1445092160 29
1445092160 19
1445092164 25
1445092164 15
1445092164 18
1445092164 30
1445092193 29
1445092194 19
1445092198 25
1445092198 15
1445092198 18
1445092198 30
1445092201 13
1445092226 29
1445092226 19
1445092226 25
1445092226 15
1445092226 18
1445092230 31
1445092231 23
1445092231 1
1445092327 4
1445092328 28
1445092328 20
1445092328 16
1445092328 12
