1445092010 8
1445092010 147
1445092010 16
1445092010 102
1445092010 83
1445092010 8
1445092012 147
1445092014 160
1445092017 82
1445092017 67
1445092021 22
1445092021 102
1445092021 3
1445092021 75
1445092021 25
1445092021 25
1445092021 154
1445092027 102
1445092027 25
1445092027 25
1445092027 102
1445092059 75
1445092059 25
1445092063 102
1445092063 25
1445092063 25
1445092063 102
1445092093 75
1445092093 25
1445092098 102
1445092098 25
1445092098 25
1445092098 102
1445092126 75
1445092126 25
1445092131 102
1445092131 25
1445092131 25
1445092131 102
1445092160 75
1445092160 25
1445092164 102
1445092164 25
1445092164 25
1445092164 102
1445092193 75
1445092194 25
1445092198 102
1445092198 25
1445092198 25
1445092198 102
1445092201 67
1445092226 75
1445092226 25
1445092226 102
1445092226 25
1445092226 25
1445092230 75
1445092231 102
1445092231 160
1445092327 129
1445092328 3
1445092328 16
1445092328 16
1445092328 111
