1445067858 20
1445067858 11
1445067858 15
1445067858 21
1445067858 5
1445067858 3
1445067858 2
1445067859 4
1445067860 7
1445067860 8
1445067860 6
1445067860 25
1445067860 9
1445067860 17
1445067860 18
1445067860 23
1445067860 12
1445067868 22
1445067868 13
1445067868 16
1445067868 25
1445067878 24
1445067878 14
1445067884 22
1445067884 13
1445067884 16
1445067884 25
1445067894 24
1445067894 14
1445067899 22
1445067899 13
1445067899 16
1445067899 25
1445067909 24
1445067909 14
1445067912 22
1445067912 13
1445067912 16
1445067912 25
1445067922 24
1445067922 14
1445067927 22
1445067927 13
1445067927 16
1445067927 25
1445067936 24
1445067936 14
1445067939 22
1445067939 13
1445067939 16
1445067939 25
1445067948 24
1445067948 14
1445067952 22
1445067952 13
1445067952 16
1445067952 25
1445067964 24
1445067964 14
1445067969 10
1445067969 22
1445067969 13
1445067969 16
1445067977 26
1445067977 19
1445067977 1
