1445067858 8
1445067858 147
1445067858 16
1445067858 102
1445067858 83
1445067858 8
1445067858 147
1445067859 160
1445067860 82
1445067860 67
1445067860 22
1445067860 102
1445067860 3
1445067860 75
1445067860 25
1445067860 25
1445067860 154
1445067868 102
1445067868 25
1445067868 25
1445067868 102
1445067878 75
1445067878 25
1445067884 102
1445067884 25
1445067884 25
1445067884 102
1445067894 75
1445067894 25
1445067899 102
1445067899 25
1445067899 25
1445067899 102
1445067909 75
1445067909 25
1445067912 102
1445067912 25
1445067912 25
1445067912 102
1445067922 75
1445067922 25
1445067927 102
1445067927 25
1445067927 25
1445067927 102
1445067936 75
1445067936 25
1445067939 102
1445067939 25
1445067939 25
1445067939 102
1445067948 75
1445067948 25
1445067952 102
1445067952 25
1445067952 25
1445067952 102
1445067964 75
1445067964 25
1445067969 67
1445067969 102
1445067969 25
1445067969 25
1445067977 75
1445067977 102
1445067977 160
