1445241001 25
1445241002 13
1445241002 17
1445241002 21
1445241002 6
1445241002 4
1445241002 2
1445241003 3
1445241004 7
1445241004 12
1445241004 8
1445241004 28
1445241004 9
1445241004 23
1445241004 20
1445241004 24
1445241004 10
1445241009 22
1445241009 14
1445241009 15
1445241009 28
1445241019 26
1445241020 16
1445241021 22
1445241021 14
1445241021 15
1445241021 28
1445241030 26
1445241030 16
1445241032 22
1445241032 14
1445241032 15
1445241032 28
1445241041 26
1445241041 16
1445241042 22
1445241042 14
1445241042 15
1445241042 28
1445241050 26
1445241050 16
1445241053 22
1445241053 14
1445241053 15
1445241053 28
1445241061 26
1445241061 16
1445241063 22
1445241063 14
1445241063 15
1445241063 28
1445241073 26
1445241073 16
1445241075 22
1445241075 14
1445241075 15
1445241075 28
1445241083 26
1445241083 16
1445241084 11
1445241084 22
1445241084 14
1445241084 15
1445241091 27
1445241091 19
1445241091 1
1445241122 5
1445241122 18
