1445241001 8
1445241002 147
1445241002 16
1445241002 102
1445241002 83
1445241002 8
1445241002 147
1445241003 160
1445241004 82
1445241004 67
1445241004 22
1445241004 102
1445241004 3
1445241004 75
1445241004 25
1445241004 25
1445241004 154
1445241009 102
1445241009 25
1445241009 25
1445241009 102
1445241019 75
1445241020 25
1445241021 102
1445241021 25
1445241021 25
1445241021 102
1445241030 75
1445241030 25
1445241032 102
1445241032 25
1445241032 25
1445241032 102
1445241041 75
1445241041 25
1445241042 102
1445241042 25
1445241042 25
1445241042 102
1445241050 75
1445241050 25
1445241053 102
1445241053 25
1445241053 25
1445241053 102
1445241061 75
1445241061 25
1445241063 102
1445241063 25
1445241063 25
1445241063 102
1445241073 75
1445241073 25
1445241075 102
1445241075 25
1445241075 25
1445241075 102
1445241083 75
1445241083 25
1445241084 67
1445241084 102
1445241084 25
1445241084 25
1445241091 75
1445241091 102
1445241091 160
1445241122 129
1445241122 3
