1445092011 22
1445092011 11
1445092011 15
1445092011 28
1445092011 6
1445092011 4
1445092012 2
1445092012 5
1445092013 7
1445092013 12
1445092014 8
1445092014 31
1445092014 14
1445092014 21
1445092014 24
1445092014 27
1445092014 13
1445092017 26
1445092017 19
1445092017 18
1445092017 31
1445092027 30
1445092027 20
1445092028 26
1445092028 19
1445092028 18
1445092028 31
1445092038 30
1445092038 20
1445092040 26
1445092040 19
1445092040 18
1445092040 31
1445092050 30
1445092050 20
1445092051 26
1445092051 19
1445092051 18
1445092051 31
1445092061 30
1445092061 20
1445092062 26
1445092062 19
1445092062 18
1445092062 31
1445092071 30
1445092071 20
1445092072 26
1445092072 19
1445092072 18
1445092072 31
1445092073 9
1445092081 30
1445092081 20
1445092081 26
1445092081 19
1445092081 18
1445092082 29
1445092082 25
1445092082 1
1445092130 3
1445092130 23
1445092130 16
1445092130 17
1445092130 10
