1445088263 22
1445088264 14
1445088264 19
1445088264 26
1445088264 6
1445088264 5
1445088267 2
1445088270 3
1445088272 8
1445088272 9
1445088274 7
1445088274 29
1445088274 13
1445088274 25
1445088274 21
1445088274 28
1445088274 11
1445088281 23
1445088281 18
1445088281 16
1445088281 29
1445088313 30
1445088313 20
1445088317 23
1445088317 18
1445088317 16
1445088317 29
1445088347 30
1445088347 20
1445088351 23
1445088351 18
1445088351 16
1445088351 29
1445088379 30
1445088379 20
1445088383 23
1445088383 18
1445088383 16
1445088383 29
1445088412 30
1445088412 20
1445088416 23
1445088416 18
1445088416 16
1445088416 29
1445088445 30
1445088445 20
1445088449 23
1445088449 18
1445088449 16
1445088449 29
1445088451 12
1445088477 30
1445088477 20
1445088477 23
1445088477 18
1445088477 16
1445088481 31
1445088481 24
1445088481 1
1445088576 4
1445088577 27
1445088577 15
1445088577 17
1445088577 10
