1445067675 25
1445067675 12
1445067675 20
1445067675 23
1445067675 6
1445067675 3
1445067679 2
1445067679 4
1445067680 7
1445067680 9
1445067680 8
1445067680 30
1445067680 13
1445067680 27
1445067680 26
1445067680 22
1445067680 10
1445067686 28
1445067686 19
1445067686 15
1445067686 30
1445067699 31
1445067699 17
1445067704 28
1445067704 19
1445067704 15
1445067704 30
1445067713 31
1445067713 17
1445067718 28
1445067718 19
1445067718 15
1445067718 30
1445067729 31
1445067729 17
1445067734 28
1445067734 19
1445067734 15
1445067734 30
1445067743 31
1445067743 17
1445067750 28
1445067750 19
1445067750 15
1445067750 30
1445067759 31
1445067759 17
1445067762 28
1445067762 19
1445067762 15
1445067762 30
1445067776 31
1445067776 17
1445067784 28
1445067784 19
1445067784 15
1445067784 30
1445067799 31
1445067799 17
1445067803 11
1445067803 28
1445067803 19
1445067803 15
1445067816 29
1445067816 24
1445067816 1
1445067856 5
1445067856 21
1445067856 16
1445067856 18
1445067856 14
