1445067675 8
1445067675 147
1445067675 16
1445067675 102
1445067675 83
1445067675 8
1445067679 147
1445067679 160
1445067680 82
1445067680 67
1445067680 22
1445067680 102
1445067680 3
1445067680 75
1445067680 25
1445067680 25
1445067680 154
1445067686 102
1445067686 25
1445067686 25
1445067686 102
1445067699 75
1445067699 25
1445067704 102
1445067704 25
1445067704 25
1445067704 102
1445067713 75
1445067713 25
1445067718 102
1445067718 25
1445067718 25
1445067718 102
1445067729 75
1445067729 25
1445067734 102
1445067734 25
1445067734 25
1445067734 102
1445067743 75
1445067743 25
1445067750 102
1445067750 25
1445067750 25
1445067750 102
1445067759 75
1445067759 25
1445067762 102
1445067762 25
1445067762 25
1445067762 102
1445067776 75
1445067776 25
1445067784 102
1445067784 25
1445067784 25
1445067784 102
1445067799 75
1445067799 25
1445067803 67
1445067803 102
1445067803 25
1445067803 25
1445067816 75
1445067816 102
1445067816 160
1445067856 129
1445067856 3
1445067856 16
1445067856 16
1445067856 111
