1445088251 33
1445088252 33
1445088252 33
1445088252 33
1445088254 33
1445088254 33
1445088254 33
1445088254 33
1445088254 33
1445088254 33
1445088254 33
1445088254 33
1445088254 33
1445088254 33
1445088254 33
1445088254 33
1445088254 33
1445088254 33
1445088254 33
1445088255 33
1445088255 33
1445088255 33
1445088255 33
1445088255 33
1445088255 33
1445088255 33
1445088255 33
1445088255 33
1445088255 33
1445088256 33
1445088256 33
1445088256 33
1445088256 33
1445088256 33
1445088256 11
1445088256 33
1445088256 33
1445088256 33
1445088256 33
1445088256 33
1445088256 33
1445088256 33
1445088256 31
1445088256 3
1445088256 24
1445088256 33
1445088257 33
1445088257 33
1445088257 33
1445088257 33
1445088257 33
1445088257 33
1445088257 33
1445088257 33
1445088257 33
1445088257 33
1445088258 33
1445088258 33
1445088258 33
1445088258 33
1445088258 33
1445088258 33
1445088258 33
1445088258 33
1445088258 33
1445088258 33
1445088258 33
1445088258 33
1445088258 33
1445088258 33
1445088258 33
1445088258 33
1445088258 33
1445088258 33
1445088258 33
1445088258 33
1445088258 33
1445088258 33
1445088258 33
1445088258 33
1445088258 33
1445088258 33
1445088258 33
1445088258 33
1445088258 33
1445088258 33
1445088258 33
1445088258 33
1445088258 33
1445088258 33
1445088258 33
1445088258 33
1445088258 33
1445088258 33
1445088258 33
1445088258 33
1445088258 33
1445088258 33
1445088258 33
1445088258 33
1445088258 33
1445088258 33
1445088258 33
1445088258 33
1445088258 33
1445088258 33
1445088258 33
1445088258 33
1445088258 33
1445088258 33
1445088258 33
1445088258 33
1445088258 33
1445088258 33
1445088258 33
1445088258 33
1445088258 33
1445088258 33
1445088258 33
1445088258 33
1445088259 33
1445088259 33
1445088259 33
1445088259 33
1445088259 33
1445088259 33
1445088260 33
1445088260 33
1445088260 33
1445088260 33
1445088260 33
1445088260 33
1445088260 33
1445088260 33
1445088260 33
1445088260 33
1445088260 33
1445088260 33
1445088260 33
1445088260 33
1445088260 33
1445088260 33
1445088260 33
1445088260 33
1445088260 33
1445088260 33
1445088261 33
1445088261 33
1445088261 33
1445088262 33
1445088262 33
1445088263 33
1445088263 33
1445088264 33
1445088264 33
1445088264 33
1445088264 33
1445088264 33
1445088265 33
1445088265 33
1445088266 33
1445088266 33
1445088267 33
1445088267 33
1445088268 33
1445088268 33
1445088269 33
1445088269 33
1445088270 33
1445088270 33
1445088271 33
1445088271 33
1445088271 33
1445088272 33
1445088272 33
1445088273 33
1445088273 33
1445088274 33
1445088274 33
1445088275 33
1445088275 33
1445088275 33
1445088276 33
1445088276 33
1445088277 33
1445088277 33
1445088278 33
1445088278 33
1445088278 33
1445088279 33
1445088279 33
1445088280 33
1445088280 33
1445088281 33
1445088281 33
1445088281 33
1445088282 33
1445088282 33
1445088283 33
1445088283 33
1445088284 33
1445088284 33
1445088284 33
1445088285 33
1445088285 33
1445088286 33
1445088286 33
1445088287 33
1445088287 33
1445088287 33
1445088288 33
1445088288 33
1445088289 33
1445088289 33
1445088290 33
1445088290 33
1445088290 33
1445088291 33
1445088291 33
1445088292 33
1445088292 33
1445088293 33
1445088293 33
1445088293 33
1445088294 33
1445088294 33
1445088295 33
1445088295 33
1445088296 33
1445088296 33
1445088296 33
1445088297 33
1445088297 33
1445088298 33
1445088298 33
1445088299 33
1445088299 33
1445088299 33
1445088300 33
1445088300 33
1445088301 33
1445088301 33
1445088302 33
1445088302 33
1445088302 33
1445088303 33
1445088303 33
1445088304 33
1445088304 33
1445088305 33
1445088305 33
1445088305 33
1445088306 33
1445088306 33
1445088307 33
1445088307 33
1445088308 33
1445088308 33
1445088308 33
1445088309 33
1445088309 33
1445088310 33
1445088310 33
1445088311 33
1445088311 33
1445088311 33
1445088312 33
1445088312 33
1445088313 33
1445088313 33
1445088314 33
1445088314 33
1445088314 33
1445088315 33
1445088315 33
1445088316 33
1445088316 33
1445088317 33
1445088317 33
1445088317 33
1445088318 33
1445088318 33
1445088319 33
1445088319 33
1445088320 33
1445088320 33
1445088320 33
1445088321 33
1445088321 33
1445088322 33
1445088322 33
1445088323 33
1445088323 33
1445088323 33
1445088324 33
1445088324 33
1445088325 33
1445088325 33
1445088326 33
1445088326 33
1445088326 33
1445088326 33
1445088327 33
1445088327 33
1445088328 33
1445088328 33
1445088329 33
1445088329 33
1445088329 33
1445088330 33
1445088330 33
1445088331 33
1445088331 33
1445088332 33
1445088332 33
1445088332 33
1445088333 33
1445088333 33
1445088334 33
1445088334 33
1445088335 33
1445088335 33
1445088335 33
1445088336 33
1445088336 33
1445088337 33
1445088337 33
1445088338 33
1445088338 33
1445088338 33
1445088339 33
1445088339 33
1445088340 33
1445088340 33
1445088341 33
1445088341 33
1445088341 33
1445088342 33
1445088342 33
1445088343 33
1445088343 33
1445088344 33
1445088344 33
1445088344 33
1445088345 33
1445088345 33
1445088346 33
1445088346 33
1445088347 33
1445088347 33
1445088347 33
1445088348 33
1445088348 33
1445088349 33
1445088349 33
1445088350 33
1445088350 33
1445088350 33
1445088351 33
1445088351 33
1445088352 33
1445088352 33
1445088353 33
1445088353 33
1445088353 33
1445088354 33
1445088354 33
1445088355 33
1445088355 33
1445088356 33
1445088356 33
1445088356 33
1445088357 33
1445088357 33
1445088358 33
1445088358 33
1445088359 33
1445088359 33
1445088359 33
1445088360 33
1445088360 33
1445088361 33
1445088361 33
1445088362 33
1445088362 33
1445088362 33
1445088363 33
1445088363 33
1445088364 33
1445088364 33
1445088365 33
1445088365 33
1445088365 33
1445088366 33
1445088366 33
1445088366 33
1445088366 33
1445088366 33
1445088366 33
1445088366 33
1445088366 33
1445088366 33
1445088366 33
1445088366 33
1445088366 33
1445088366 33
1445088366 33
1445088366 33
1445088367 33
1445088367 33
1445088367 33
1445088368 33
1445088368 33
1445088368 33
1445088369 33
1445088369 33
1445088370 33
1445088370 33
1445088370 33
1445088370 33
1445088370 33
1445088371 33
1445088371 33
1445088372 33
1445088372 33
1445088373 33
1445088373 33
1445088374 33
1445088374 33
1445088375 33
1445088375 33
1445088376 33
1445088376 33
1445088376 33
1445088376 33
1445088376 33
1445088376 33
1445088376 33
1445088376 33
1445088376 33
1445088376 33
1445088376 33
1445088376 33
1445088376 33
1445088376 33
1445088377 33
1445088377 33
1445088377 33
1445088377 33
1445088377 28
1445088377 23
1445088377 -1
1445088377 33
1445088377 33
1445088378 33
1445088378 33
1445088379 33
1445088379 33
1445088380 33
1445088380 33
1445088380 33
1445088381 33
1445088381 33
1445088382 33
1445088382 33
1445088383 33
1445088383 33
1445088383 33
1445088384 33
1445088384 33
1445088385 33
1445088385 33
1445088386 33
1445088386 33
1445088386 33
1445088387 33
1445088387 33
1445088388 33
1445088388 33
1445088389 33
1445088389 33
1445088389 33
1445088390 33
1445088390 33
1445088391 33
1445088391 33
1445088392 33
1445088392 33
1445088392 33
1445088393 33
1445088393 33
1445088394 33
1445088394 33
1445088395 33
1445088395 33
1445088395 33
1445088396 33
1445088396 33
1445088397 33
1445088397 33
1445088398 33
1445088398 33
1445088398 33
1445088399 33
1445088399 33
1445088400 33
1445088400 33
1445088401 33
1445088401 33
1445088401 33
1445088402 33
1445088402 33
1445088403 33
1445088403 33
1445088404 33
1445088404 33
1445088404 33
1445088405 33
1445088405 33
1445088406 33
1445088406 33
1445088407 33
1445088407 33
1445088407 33
1445088408 33
1445088408 33
1445088409 33
1445088409 33
1445088410 33
1445088410 33
1445088410 33
1445088411 33
1445088411 33
1445088412 33
1445088412 33
1445088413 33
1445088413 33
1445088413 33
1445088414 33
1445088414 33
1445088415 33
1445088415 33
1445088416 33
1445088416 33
1445088416 33
1445088417 33
1445088417 33
1445088418 33
1445088418 33
1445088419 33
1445088419 33
1445088419 33
1445088420 33
1445088420 33
1445088421 33
1445088421 33
1445088422 33
1445088422 33
1445088422 33
1445088423 33
1445088423 33
1445088424 33
1445088424 33
1445088425 33
1445088425 33
1445088425 33
1445088426 33
1445088426 33
1445088427 33
1445088427 33
1445088428 33
1445088428 33
1445088428 33
1445088429 33
1445088429 33
1445088430 33
1445088430 33
1445088430 33
1445088431 33
1445088431 33
1445088431 33
1445088432 33
1445088432 33
1445088433 33
1445088433 33
1445088434 33
1445088434 33
1445088434 33
1445088435 33
1445088435 33
1445088436 33
1445088436 33
1445088437 33
1445088437 33
1445088437 33
1445088438 33
1445088438 33
1445088439 33
1445088439 33
1445088440 33
1445088440 33
1445088440 33
1445088441 33
1445088441 33
1445088442 33
1445088442 33
1445088443 33
1445088443 33
1445088443 33
1445088444 33
1445088444 33
1445088445 33
1445088445 33
1445088446 33
1445088446 33
1445088446 33
1445088447 33
1445088447 33
1445088448 33
1445088448 33
1445088449 33
1445088449 33
1445088449 33
1445088450 33
1445088450 33
1445088451 33
1445088451 33
1445088452 33
1445088452 33
1445088452 33
1445088453 33
1445088453 33
1445088454 33
1445088454 33
1445088455 33
1445088455 33
1445088455 33
1445088456 33
1445088456 33
1445088457 33
1445088457 33
1445088458 33
1445088458 33
1445088458 33
1445088459 33
1445088459 33
1445088460 33
1445088460 33
1445088460 33
1445088460 33
1445088460 33
1445088460 33
1445088460 33
1445088460 33
1445088460 33
1445088460 33
1445088460 33
1445088460 33
1445088460 33
1445088461 33
1445088461 33
1445088461 33
1445088461 28
1445088461 23
1445088461 -1
1445088461 33
1445088461 33
1445088462 33
1445088462 33
1445088462 33
1445088462 33
1445088462 33
1445088462 33
1445088462 33
1445088462 33
1445088462 33
1445088462 33
1445088462 33
1445088462 33
1445088462 33
1445088462 33
1445088462 33
1445088462 33
1445088463 33
1445088463 33
1445088463 33
1445088464 33
1445088464 33
1445088465 33
1445088465 33
1445088466 33
1445088466 33
1445088466 33
1445088466 33
1445088466 33
1445088467 33
1445088467 33
1445088468 33
1445088468 33
1445088469 33
1445088469 33
1445088470 33
1445088470 33
1445088471 33
1445088471 33
1445088472 33
1445088472 33
1445088473 33
1445088473 33
1445088473 33
1445088474 33
1445088474 33
1445088475 33
1445088475 33
1445088476 33
1445088476 33
1445088476 33
1445088477 33
1445088477 33
1445088478 33
1445088478 33
1445088479 33
1445088479 33
1445088479 33
1445088480 33
1445088480 33
1445088481 33
1445088481 33
1445088482 33
1445088482 33
1445088482 33
1445088483 33
1445088483 33
1445088484 33
1445088484 33
1445088485 33
1445088485 33
1445088485 33
1445088486 33
1445088486 33
1445088487 33
1445088487 33
1445088488 33
1445088488 33
1445088488 33
1445088489 33
1445088489 33
1445088490 33
1445088490 33
1445088491 33
1445088491 33
1445088491 33
1445088492 33
1445088492 33
1445088492 33
1445088492 33
1445088492 33
1445088492 33
1445088492 33
1445088492 33
1445088492 33
1445088492 33
1445088492 33
1445088492 33
1445088492 33
1445088492 33
1445088492 33
1445088493 33
1445088493 33
1445088493 33
1445088494 33
1445088494 33
1445088494 33
1445088495 33
1445088495 33
1445088496 33
1445088496 33
1445088497 33
1445088497 33
1445088497 33
1445088497 33
1445088497 33
1445088497 33
1445088497 33
1445088497 33
1445088497 33
1445088497 33
1445088497 33
1445088497 33
1445088497 33
1445088497 33
1445088497 33
1445088497 33
1445088498 33
1445088498 33
1445088498 33
1445088499 33
1445088499 33
1445088500 33
1445088500 33
1445088500 33
1445088501 33
1445088501 33
1445088502 33
1445088502 33
1445088503 33
1445088503 33
1445088503 33
1445088504 33
1445088504 33
1445088505 33
1445088505 33
1445088506 33
1445088506 33
1445088506 33
1445088507 33
1445088507 33
1445088508 33
1445088508 33
1445088509 33
1445088509 33
1445088509 33
1445088510 33
1445088510 33
1445088510 33
1445088510 33
1445088510 33
1445088511 33
1445088511 33
1445088512 33
1445088512 33
1445088512 33
1445088513 33
1445088513 33
1445088514 33
1445088514 33
1445088515 33
1445088515 33
1445088515 33
1445088516 33
1445088516 33
1445088517 33
1445088517 33
1445088518 33
1445088518 33
1445088518 33
1445088519 33
1445088519 33
1445088520 33
1445088520 33
1445088520 33
1445088520 33
1445088520 33
1445088521 33
1445088521 33
1445088521 33
1445088522 33
1445088522 33
1445088523 33
1445088523 33
1445088524 33
1445088524 33
1445088524 33
1445088525 33
1445088525 33
1445088526 33
1445088526 33
1445088527 33
1445088527 33
1445088527 33
1445088528 33
1445088528 33
1445088529 33
1445088529 33
1445088530 33
1445088530 33
1445088530 33
1445088530 33
1445088531 33
1445088531 33
1445088532 33
1445088532 33
1445088533 33
1445088533 33
1445088533 33
1445088534 33
1445088534 33
1445088534 33
1445088535 33
1445088535 33
1445088536 33
1445088536 33
1445088536 33
1445088537 33
1445088537 33
1445088537 33
1445088538 33
1445088538 33
1445088538 33
1445088539 33
1445088539 33
1445088539 33
1445088540 33
1445088540 33
1445088541 33
1445088541 33
1445088541 33
1445088541 33
1445088541 33
1445088541 33
1445088541 33
1445088541 33
1445088541 33
1445088541 33
1445088541 33
1445088541 33
1445088541 33
1445088541 33
1445088541 33
1445088541 33
1445088542 33
1445088542 33
1445088542 33
1445088542 33
1445088542 33
1445088542 33
1445088542 33
1445088542 33
1445088542 33
1445088542 33
1445088542 33
1445088542 33
1445088542 33
1445088542 33
1445088542 33
1445088542 33
1445088542 33
1445088542 33
1445088543 33
1445088543 33
1445088543 33
1445088544 33
1445088544 33
1445088544 33
1445088544 33
1445088544 33
1445088544 33
1445088544 33
1445088544 33
1445088544 33
1445088544 33
1445088544 33
1445088544 33
1445088544 33
1445088544 33
1445088544 33
1445088544 33
1445088544 33
1445088544 33
1445088544 33
1445088544 33
1445088544 33
1445088544 33
1445088544 33
1445088544 33
1445088544 33
1445088544 33
1445088544 33
1445088544 33
1445088544 33
1445088544 33
1445088545 33
1445088545 33
1445088545 33
1445088545 33
1445088545 33
1445088545 33
1445088546 33
1445088548 33
1445088548 33
1445088548 33
1445088548 33
1445088549 33
1445088549 33
1445088551 33
1445088552 33
1445088552 33
1445088552 33
1445088552 33
1445088552 33
1445088552 33
1445088552 33
1445088552 33
1445088552 33
1445088552 33
1445088552 33
1445088552 33
1445088552 33
1445088552 33
1445088552 33
1445088553 33
1445088553 33
1445088553 33
1445088554 33
1445088554 33
1445088554 33
1445088555 33
1445088555 33
1445088556 33
1445088556 33
1445088556 33
1445088556 33
1445088557 33
1445088557 33
1445088557 33
1445088557 33
1445088557 33
1445088557 33
1445088557 33
1445088558 33
1445088559 33
1445088559 33
1445088559 33
1445088560 33
1445088560 33
1445088560 33
1445088560 33
1445088561 33
1445088561 33
1445088562 33
1445088562 33
1445088562 33
1445088562 33
1445088563 33
1445088563 33
1445088563 33
1445088563 33
1445088564 33
1445088564 33
1445088565 33
1445088565 33
1445088565 33
1445088565 33
1445088565 33
1445088565 33
1445088565 33
1445088565 33
1445088565 33
1445088565 33
1445088565 33
1445088565 33
1445088565 33
1445088565 33
1445088565 33
1445088566 33
1445088566 33
1445088566 33
1445088566 33
1445088566 33
1445088566 28
1445088566 23
1445088566 -1
1445088567 33
1445088567 33
1445088568 33
1445088568 33
1445088568 33
1445088568 33
1445088568 33
1445088569 33
1445088569 33
1445088570 33
1445088571 33
1445088571 33
1445088571 33
1445088571 33
1445088571 33
1445088572 33
1445088572 33
1445088572 33
1445088573 33
1445088573 33
1445088574 33
1445088574 33
1445088574 33
1445088574 33
1445088575 33
1445088575 33
1445088575 33
1445088576 33
1445088576 33
1445088576 33
1445088576 33
1445088576 33
1445088576 33
1445088576 33
1445088576 33
1445088576 33
1445088576 33
1445088577 33
1445088577 33
1445088577 33
1445088577 33
1445088577 33
1445088577 33
1445088577 33
1445088577 33
1445088577 33
1445088577 33
1445088577 33
1445088578 33
1445088578 33
1445088578 33
1445088578 33
1445088578 33
1445088578 33
1445088578 33
1445088578 33
1445088578 33
1445088578 33
1445088578 33
1445088579 33
1445088579 33
1445088579 33
1445088579 33
1445088579 33
1445088579 33
1445088579 33
1445088580 33
1445088580 33
1445088580 33
1445088580 33
1445088580 33
1445088581 33
1445088581 33
1445088581 33
1445088582 33
1445088582 33
1445088582 33
1445088582 33
1445088582 33
1445088582 33
1445088582 33
1445088582 33
1445088582 33
1445088582 33
1445088582 33
1445088583 33
1445088583 33
1445088583 33
1445088583 33
1445088583 33
1445088583 33
1445088583 33
1445088583 33
1445088583 33
1445088583 33
1445088584 33
1445088584 33
1445088584 33
1445088584 33
1445088584 33
1445088584 33
1445088584 33
1445088584 33
1445088584 33
1445088584 33
1445088584 33
1445088584 33
1445088585 33
1445088585 33
1445088585 33
1445088585 33
1445088585 33
1445088585 33
1445088585 33
1445088585 33
1445088585 33
1445088585 33
1445088585 33
1445088585 33
1445088585 33
1445088585 33
1445088585 33
1445088586 33
1445088586 33
1445088586 33
1445088586 33
1445088586 33
1445088586 33
1445088586 33
1445088586 33
1445088586 33
1445088586 33
1445088586 33
1445088586 33
1445088586 33
1445088586 33
1445088586 33
1445088586 33
1445088586 33
1445088586 33
1445088587 33
1445088587 33
1445088587 33
1445088588 33
1445088588 33
1445088588 33
1445088589 33
1445088589 33
1445088589 33
1445088590 33
1445088590 33
1445088590 33
1445088590 33
1445088590 33
1445088590 33
1445088590 33
1445088591 33
1445088592 33
1445088592 33
1445088592 33
1445088592 33
1445088592 33
1445088593 33
1445088593 33
1445088593 33
1445088593 33
1445088594 33
1445088594 33
1445088594 33
1445088594 33
1445088594 33
1445088594 33
1445088594 33
1445088594 33
1445088594 33
1445088594 33
1445088595 33
1445088595 33
1445088595 33
1445088595 33
1445088596 33
1445088596 33
1445088596 33
1445088596 33
1445088597 33
1445088597 33
1445088597 33
1445088598 33
1445088598 33
1445088598 33
1445088599 33
1445088599 33
1445088599 33
1445088599 33
1445088600 33
1445088600 33
1445088600 33
1445088600 33
1445088600 33
1445088600 33
1445088600 33
1445088600 33
1445088600 33
1445088600 33
1445088600 33
1445088600 33
1445088601 33
1445088601 33
1445088601 33
1445088601 33
1445088601 33
1445088602 33
1445088602 33
1445088602 33
1445088602 33
1445088602 33
1445088602 33
1445088602 33
1445088603 33
1445088603 33
1445088603 33
1445088603 33
1445088604 33
1445088604 33
1445088604 33
1445088604 33
1445088604 33
1445088604 33
1445088605 33
1445088605 33
1445088605 33
1445088605 33
1445088606 33
1445088606 33
1445088607 33
1445088607 33
1445088607 33
1445088607 33
1445088607 33
1445088608 33
1445088608 33
1445088608 33
1445088608 33
1445088609 33
1445088609 33
1445088610 33
1445088610 33
1445088610 33
1445088610 33
1445088611 33
1445088611 33
1445088611 33
1445088611 33
1445088612 33
1445088612 33
1445088612 33
1445088613 33
1445088613 33
1445088613 33
1445088614 33
1445088614 33
1445088614 33
1445088614 33
1445088615 33
1445088615 33
1445088615 33
1445088616 33
1445088616 33
1445088616 33
1445088616 33
1445088617 33
1445088617 33
1445088617 33
1445088617 33
1445088618 33
1445088618 33
1445088618 33
1445088618 33
1445088618 33
1445088619 33
1445088619 33
1445088619 33
1445088620 33
1445088620 33
1445088620 33
1445088620 33
1445088621 33
1445088621 33
1445088621 33
1445088621 33
1445088622 33
1445088622 33
1445088622 33
1445088622 33
1445088622 33
1445088623 33
1445088623 33
1445088623 33
1445088624 33
1445088624 33
1445088624 33
1445088624 33
1445088625 33
1445088625 33
1445088625 33
1445088625 33
1445088626 33
1445088626 33
1445088626 33
1445088626 33
1445088626 33
1445088627 33
1445088627 33
1445088628 33
1445088628 33
1445088628 33
1445088628 33
1445088628 33
1445088628 33
1445088629 33
1445088629 33
1445088629 33
1445088630 33
1445088630 33
1445088630 33
1445088630 33
1445088630 33
1445088631 33
1445088631 33
1445088631 33
1445088631 33
1445088632 33
1445088632 33
1445088632 33
1445088632 33
1445088633 33
1445088633 33
1445088633 33
1445088633 33
1445088633 33
1445088634 33
1445088634 33
1445088635 33
1445088635 33
1445088635 33
1445088635 33
1445088635 33
1445088636 33
1445088636 33
1445088636 33
1445088636 33
1445088636 33
1445088636 33
1445088637 33
1445088637 33
1445088637 33
1445088638 33
1445088638 33
1445088638 33
1445088638 33
1445088638 33
1445088639 33
1445088639 33
1445088639 33
1445088639 33
1445088640 33
1445088640 33
1445088640 33
1445088641 33
1445088641 33
1445088641 33
1445088641 33
1445088641 33
1445088641 33
1445088641 33
1445088642 33
1445088642 33
1445088642 33
1445088642 33
1445088643 33
1445088643 33
1445088644 33
1445088644 33
1445088644 33
1445088644 33
1445088644 33
1445088644 33
1445088644 33
1445088644 33
1445088644 33
1445088644 33
1445088644 33
1445088644 33
1445088644 33
1445088644 33
1445088644 33
1445088644 33
1445088645 33
1445088645 33
1445088645 33
1445088645 33
1445088645 33
1445088645 33
1445088645 33
1445088645 33
1445088645 33
1445088645 33
1445088645 33
1445088645 33
1445088645 33
1445088645 33
1445088645 33
1445088645 33
1445088646 33
1445088646 33
1445088646 33
1445088646 33
1445088646 28
1445088646 23
1445088646 -1
1445088646 33
1445088646 33
1445088646 33
1445088646 33
1445088646 33
1445088646 33
1445088646 33
1445088646 33
1445088646 33
1445088646 33
1445088646 33
1445088646 33
1445088646 33
1445088646 33
1445088646 33
1445088646 33
1445088646 33
1445088646 33
1445088646 33
1445088646 33
1445088646 33
1445088646 33
1445088646 33
1445088646 33
1445088646 33
1445088646 33
1445088646 33
1445088646 33
1445088646 33
1445088647 33
1445088647 33
1445088647 33
1445088647 33
1445088647 33
1445088647 28
1445088647 23
1445088647 -1
1445088647 33
1445088647 33
1445088647 33
1445088648 33
1445088648 33
1445088648 33
1445088648 28
1445088648 23
1445088648 -1
1445088648 33
1445088648 33
1445088648 33
1445088648 33
1445088648 33
1445088648 33
1445088648 33
1445088648 33
1445088648 33
1445088648 33
1445088648 33
1445088648 33
1445088648 33
1445088648 33
1445088648 33
1445088648 33
1445088648 33
1445088648 33
1445088649 33
1445088649 33
1445088649 33
1445088649 33
1445088650 33
1445088650 33
1445088650 33
1445088650 33
1445088650 33
1445088650 33
1445088651 33
1445088651 33
1445088651 33
1445088652 33
1445088652 33
1445088652 33
1445088652 33
1445088653 33
1445088653 33
1445088654 33
1445088654 33
1445088654 33
1445088655 33
1445088655 33
1445088655 33
1445088655 33
1445088656 33
1445088656 33
1445088656 33
1445088656 33
1445088657 33
1445088657 33
1445088658 33
1445088658 33
1445088658 33
1445088658 33
1445088658 33
1445088658 33
1445088659 33
1445088659 33
1445088659 33
1445088659 33
1445088660 33
1445088660 33
1445088660 33
1445088660 33
1445088661 33
1445088661 33
1445088661 33
1445088661 33
1445088661 33
1445088661 33
1445088661 33
1445088661 33
1445088661 33
1445088662 33
1445088662 33
1445088662 33
1445088662 33
1445088662 33
1445088662 33
1445088662 33
1445088663 33
1445088663 33
1445088663 33
1445088664 33
1445088664 33
1445088664 33
1445088664 33
1445088665 33
1445088665 33
1445088665 33
1445088665 33
1445088665 33
1445088665 33
1445088666 33
1445088666 33
1445088667 33
1445088667 33
1445088667 33
1445088667 33
1445088668 33
1445088668 33
1445088668 33
1445088669 33
1445088669 33
1445088669 33
1445088669 33
1445088669 33
1445088669 33
1445088670 33
1445088670 33
1445088670 33
1445088670 33
1445088670 33
1445088670 33
1445088670 33
1445088670 33
1445088670 33
1445088670 33
1445088670 33
1445088670 33
1445088670 33
1445088670 33
1445088670 33
1445088671 33
1445088671 33
1445088671 33
1445088671 33
1445088671 33
1445088671 33
1445088672 33
1445088672 33
1445088672 33
1445088672 33
1445088672 33
1445088672 33
1445088673 33
1445088673 33
1445088673 33
1445088673 33
1445088674 33
1445088674 33
1445088674 33
1445088674 33
1445088674 33
1445088675 33
1445088675 33
1445088676 33
1445088676 33
1445088676 33
1445088676 33
1445088676 33
1445088676 33
1445088676 33
1445088676 33
1445088676 33
1445088676 33
1445088676 33
1445088676 33
1445088676 33
1445088677 33
1445088677 33
1445088677 33
1445088677 33
1445088677 33
1445088677 33
1445088677 33
1445088677 33
1445088677 33
1445088677 33
1445088677 33
1445088677 33
1445088677 33
1445088677 33
1445088677 33
1445088677 33
1445088678 33
1445088678 33
1445088678 33
1445088678 33
1445088678 33
1445088679 33
1445088679 33
1445088679 33
1445088679 33
1445088679 33
1445088680 33
1445088680 33
1445088680 33
1445088680 33
1445088681 33
1445088681 33
1445088681 33
1445088682 33
1445088682 33
1445088682 33
1445088682 33
1445088683 33
1445088683 33
1445088683 33
1445088683 33
1445088683 33
1445088684 33
1445088684 33
1445088684 33
1445088685 33
1445088685 33
1445088685 33
1445088686 33
1445088686 33
1445088686 33
1445088686 33
1445088686 33
1445088687 33
1445088687 33
1445088687 33
1445088687 33
1445088688 33
1445088688 33
1445088688 33
1445088689 33
1445088689 33
1445088689 33
1445088689 33
1445088689 33
1445088690 33
1445088690 33
1445088690 33
1445088690 33
1445088690 33
1445088690 33
1445088691 33
1445088691 33
1445088691 33
1445088691 33
1445088691 33
1445088691 33
1445088691 33
1445088691 33
1445088691 33
1445088691 33
1445088691 33
1445088692 33
1445088692 33
1445088692 33
1445088692 33
1445088692 33
1445088692 33
1445088692 33
1445088692 33
1445088692 33
1445088692 33
1445088692 33
1445088692 33
1445088692 33
1445088692 33
1445088692 33
1445088692 33
1445088692 33
1445088693 33
1445088693 33
1445088693 33
1445088693 33
1445088693 33
1445088694 33
1445088694 33
1445088694 33
1445088694 33
1445088695 33
1445088695 33
1445088695 33
1445088695 33
1445088696 33
1445088696 33
1445088696 33
1445088696 33
1445088696 33
1445088696 33
1445088696 33
1445088696 33
1445088696 33
1445088696 33
1445088696 33
1445088696 33
1445088696 33
1445088696 33
1445088696 33
1445088696 33
1445088696 33
1445088696 33
1445088697 33
1445088697 33
1445088697 33
1445088697 33
1445088697 33
1445088697 4
1445088697 33
1445088697 33
1445088697 33
1445088697 33
1445088697 33
1445088698 33
1445088698 33
1445088698 33
1445088698 28
1445088698 23
1445088698 -1
1445088698 33
1445088698 33
1445088698 33
1445088698 33
1445088699 33
1445088699 9
1445088699 29
1445088699 22
1445088699 26
1445088699 27
1445088699 30
1445088699 20
1445088699 19
1445088699 13
1445088699 15
1445088699 16
1445088699 17
1445088699 33
1445088700 33
1445088700 33
1445088700 33
1445088700 28
1445088700 23
1445088700 -1
1445088700 33
1445088700 33
1445088700 33
1445088700 33
1445088700 33
1445088700 33
1445088701 33
1445088701 33
1445088701 33
1445088701 33
1445088701 33
1445088701 33
1445088702 33
1445088702 33
1445088703 33
1445088703 33
1445088703 33
1445088703 33
1445088704 33
1445088704 33
1445088704 33
1445088704 33
1445088705 33
1445088705 33
1445088705 33
1445088705 33
1445088706 33
1445088706 33
1445088706 33
1445088706 33
1445088706 33
1445088706 33
1445088706 33
1445088706 33
1445088706 33
1445088706 33
1445088706 33
1445088707 33
1445088707 33
1445088707 33
1445088707 33
1445088707 33
1445088707 33
1445088707 33
1445088707 33
1445088707 33
1445088707 33
1445088707 33
1445088707 33
1445088707 33
1445088707 33
1445088707 33
1445088707 33
1445088707 33
1445088707 33
1445088708 33
1445088708 33
1445088708 33
1445088709 33
1445088709 33
1445088709 33
1445088709 33
1445088709 33
1445088709 33
1445088709 33
1445088709 33
1445088710 33
1445088710 33
1445088710 33
1445088710 33
1445088710 33
1445088711 33
1445088711 33
1445088711 33
1445088711 33
1445088711 33
1445088712 33
1445088712 33
1445088712 33
1445088713 33
1445088713 33
1445088713 33
1445088713 33
1445088714 33
1445088714 33
1445088714 33
1445088714 33
1445088715 33
1445088715 33
1445088715 33
1445088715 33
1445088716 33
1445088716 33
1445088716 33
1445088716 33
1445088716 33
1445088717 33
1445088717 33
1445088718 33
1445088718 33
1445088718 33
1445088718 33
1445088718 33
1445088718 33
1445088718 33
1445088719 33
1445088719 33
1445088719 33
1445088719 33
1445088719 33
1445088719 33
1445088720 33
1445088720 33
1445088721 33
1445088721 33
1445088721 33
1445088721 33
1445088721 33
1445088721 33
1445088721 33
1445088722 33
1445088722 33
1445088722 33
1445088722 33
1445088723 33
1445088724 33
1445088724 33
1445088724 33
1445088724 33
1445088724 33
1445088725 33
1445088725 33
1445088725 33
1445088725 33
1445088725 33
1445088725 33
1445088725 33
1445088726 33
1445088727 33
1445088727 33
1445088727 33
1445088728 33
1445088728 33
1445088728 33
1445088728 33
1445088728 33
1445088728 33
1445088728 33
1445088728 33
1445088728 33
1445088729 33
1445088729 33
1445088729 33
1445088730 33
1445088730 33
1445088731 33
1445088731 33
1445088731 33
1445088731 33
1445088731 33
1445088731 33
1445088732 33
1445088732 33
1445088732 33
1445088732 33
1445088732 33
1445088733 33
1445088733 33
1445088734 33
1445088734 33
1445088734 33
1445088734 33
1445088734 33
1445088735 33
1445088735 33
1445088735 33
1445088735 33
1445088736 33
1445088736 33
1445088736 33
1445088736 33
1445088736 33
1445088737 33
1445088737 33
1445088737 33
1445088737 33
1445088737 33
1445088738 33
1445088738 33
1445088738 33
1445088738 33
1445088738 33
1445088738 33
1445088738 33
1445088738 33
1445088738 33
1445088738 33
1445088738 33
1445088738 33
1445088738 33
1445088739 33
1445088739 33
1445088739 33
1445088739 33
1445088739 33
1445088739 33
1445088739 33
1445088739 33
1445088739 33
1445088739 33
1445088739 33
1445088739 33
1445088739 33
1445088739 33
1445088739 33
1445088739 33
1445088739 33
1445088739 33
1445088739 33
1445088739 33
1445088739 33
1445088739 33
1445088739 33
1445088739 33
1445088739 33
1445088739 33
1445088739 33
1445088739 33
1445088739 33
1445088739 33
1445088739 4
1445088739 33
1445088739 33
1445088740 33
1445088740 33
1445088740 33
1445088740 33
1445088740 28
1445088740 23
1445088740 -1
1445088740 33
1445088740 33
1445088740 33
1445088740 9
1445088740 29
1445088740 22
1445088740 26
1445088740 27
1445088740 30
1445088740 20
1445088740 19
1445088740 13
1445088740 15
1445088740 16
1445088740 17
1445088740 33
1445088741 33
1445088741 33
1445088741 33
1445088741 33
1445088741 28
1445088741 23
1445088741 -1
1445088741 33
1445088741 33
1445088742 33
1445088742 33
1445088742 33
1445088742 28
1445088742 23
1445088742 -1
1445088742 33
1445088742 33
1445088742 33
1445088742 33
1445088742 33
1445088742 33
1445088742 33
1445088742 4
1445088742 33
1445088743 33
1445088743 33
1445088743 9
1445088743 29
1445088743 22
1445088743 26
1445088743 27
1445088743 30
1445088743 20
1445088743 19
1445088743 13
1445088743 15
1445088743 16
1445088743 17
1445088743 33
1445088743 33
1445088743 33
1445088744 33
1445088744 33
1445088744 33
1445088745 33
1445088745 33
1445088745 33
1445088745 28
1445088745 23
1445088745 -1
1445088745 33
1445088745 33
1445088745 33
1445088746 33
1445088746 33
1445088746 33
1445088746 33
1445088746 33
1445088747 33
1445088747 33
1445088748 33
1445088748 33
1445088748 33
1445088749 33
1445088749 33
1445088749 33
1445088749 33
1445088749 33
1445088750 33
1445088750 33
1445088750 33
1445088751 33
1445088751 33
1445088752 33
1445088752 33
1445088752 33
1445088752 33
1445088753 33
1445088753 33
1445088753 33
1445088754 33
1445088754 33
1445088754 33
1445088755 33
1445088755 33
1445088756 33
1445088756 33
1445088756 33
1445088756 33
1445088756 33
1445088756 33
1445088756 33
1445088757 33
1445088757 33
1445088757 33
1445088757 33
1445088758 33
1445088759 33
1445088759 33
1445088759 33
1445088759 33
1445088759 33
1445088759 33
1445088760 33
1445088760 33
1445088760 33
1445088760 33
1445088761 33
1445088762 33
1445088762 33
1445088762 33
1445088762 33
1445088762 33
1445088762 33
1445088762 33
1445088763 33
1445088763 33
1445088763 33
1445088764 33
1445088764 33
1445088765 33
1445088765 33
1445088765 33
1445088765 33
1445088765 33
1445088765 33
1445088765 33
1445088766 33
1445088766 33
1445088767 33
1445088767 33
1445088767 33
1445088768 33
1445088768 33
1445088768 33
1445088768 33
1445088769 33
1445088769 33
1445088769 33
1445088769 33
1445088769 33
1445088770 33
1445088771 33
1445088771 33
1445088771 33
1445088771 33
1445088771 33
1445088771 33
1445088772 33
1445088772 33
1445088772 33
1445088772 33
1445088772 33
1445088773 33
1445088774 33
1445088774 33
1445088774 33
1445088774 33
1445088774 33
1445088775 33
1445088775 33
1445088775 33
1445088776 33
1445088776 33
1445088776 33
1445088776 33
1445088777 33
1445088777 33
1445088777 33
1445088777 33
1445088778 33
1445088778 33
1445088778 33
1445088778 33
1445088778 33
1445088779 33
1445088779 33
1445088779 33
1445088779 33
1445088780 33
1445088780 33
1445088780 33
1445088781 33
1445088781 33
1445088781 33
1445088781 33
1445088781 33
1445088782 33
1445088782 33
1445088782 33
1445088783 33
1445088783 33
1445088783 33
1445088783 33
1445088783 33
1445088784 33
1445088784 33
1445088784 33
1445088784 33
1445088785 33
1445088785 33
1445088785 33
1445088786 33
1445088786 33
1445088786 33
1445088786 33
1445088786 33
1445088787 33
1445088787 33
1445088787 33
1445088788 33
1445088788 33
1445088788 33
1445088789 33
1445088789 33
1445088789 33
1445088789 33
1445088789 33
1445088790 33
1445088790 33
1445088790 33
1445088790 33
1445088791 33
1445088791 33
1445088791 33
1445088791 33
1445088792 33
1445088792 33
1445088792 33
1445088792 33
1445088793 33
1445088793 33
1445088793 33
1445088793 33
1445088794 33
1445088794 33
1445088794 33
1445088795 33
1445088795 33
1445088795 33
1445088795 33
1445088795 33
1445088796 33
1445088796 33
1445088796 33
1445088796 33
1445088797 33
1445088797 33
1445088798 33
1445088798 33
1445088798 33
1445088798 33
1445088798 33
1445088799 33
1445088799 33
1445088799 33
1445088800 33
1445088800 33
1445088800 33
1445088800 33
1445088801 33
1445088801 33
1445088801 33
1445088801 33
1445088801 33
1445088802 33
1445088802 33
1445088802 33
1445088803 33
1445088803 33
1445088803 33
1445088804 33
1445088804 33
1445088804 33
1445088804 33
1445088804 33
1445088805 33
1445088805 33
1445088805 33
1445088805 33
1445088806 33
1445088806 33
1445088807 33
1445088807 33
1445088807 33
1445088807 33
1445088807 33
1445088807 33
1445088808 33
1445088808 33
1445088808 33
1445088808 33
1445088809 33
1445088810 33
1445088810 33
1445088810 33
1445088810 33
1445088810 33
1445088811 33
1445088811 33
1445088811 33
1445088811 33
1445088811 33
1445088812 33
1445088812 33
1445088812 33
1445088812 33
1445088812 33
1445088812 33
1445088812 33
1445088812 33
1445088812 33
1445088812 33
1445088812 33
1445088812 33
1445088812 33
1445088812 33
1445088812 33
1445088812 33
1445088812 33
1445088812 33
1445088812 33
1445088812 4
1445088812 33
1445088813 33
1445088813 33
1445088813 33
1445088813 9
1445088813 29
1445088813 22
1445088813 26
1445088813 27
1445088813 30
1445088813 20
1445088813 19
1445088813 13
1445088813 15
1445088813 16
1445088813 17
1445088813 33
1445088813 33
1445088814 33
1445088814 33
1445088814 33
1445088814 33
1445088814 33
1445088814 33
1445088814 28
1445088814 23
1445088814 -1
1445088814 33
1445088814 33
1445088814 28
1445088814 23
1445088814 -1
1445088814 33
1445088814 33
1445088815 33
1445088815 33
1445088816 33
1445088816 33
1445088816 33
1445088817 33
1445088817 33
1445088817 33
1445088817 33
1445088818 33
1445088818 33
1445088819 33
1445088819 33
1445088819 33
1445088819 33
1445088820 33
1445088820 33
1445088821 33
1445088821 33
1445088821 33
1445088821 33
1445088821 33
1445088821 33
1445088821 33
1445088821 33
1445088821 33
1445088821 33
1445088821 33
1445088821 33
1445088821 33
1445088821 33
1445088821 33
1445088821 33
1445088821 33
1445088821 33
1445088821 33
1445088821 33
1445088821 4
1445088821 33
1445088821 33
1445088822 33
1445088822 33
1445088822 9
1445088822 29
1445088822 22
1445088822 26
1445088822 27
1445088822 30
1445088822 20
1445088822 19
1445088822 13
1445088822 15
1445088822 16
1445088822 17
1445088822 33
1445088822 33
1445088823 33
1445088823 33
1445088823 33
1445088823 33
1445088823 28
1445088823 23
1445088823 -1
1445088823 33
1445088823 33
1445088823 28
1445088823 23
1445088823 -1
1445088823 33
1445088824 33
1445088824 33
1445088824 33
1445088824 33
1445088825 33
1445088825 33
1445088826 33
1445088826 33
1445088827 33
1445088827 33
1445088827 33
1445088827 33
1445088828 33
1445088828 33
1445088829 33
1445088829 33
1445088830 33
1445088830 33
1445088830 33
1445088830 33
1445088830 33
1445088830 33
1445088830 33
1445088830 33
1445088830 33
1445088830 33
1445088830 33
1445088830 33
1445088830 33
1445088830 33
1445088830 33
1445088830 33
1445088830 33
1445088830 4
1445088830 33
1445088830 33
1445088831 33
1445088831 33
1445088831 33
1445088831 9
1445088831 29
1445088831 22
1445088831 26
1445088831 27
1445088831 30
1445088831 20
1445088831 19
1445088831 13
1445088831 15
1445088831 16
1445088831 17
1445088831 33
1445088831 33
1445088832 33
1445088832 33
1445088832 33
1445088832 33
1445088832 28
1445088832 23
1445088832 -1
1445088832 33
1445088832 33
1445088832 28
1445088832 23
1445088832 -1
1445088832 33
1445088833 33
1445088834 33
1445088834 33
1445088834 33
1445088835 33
1445088835 33
1445088836 33
1445088837 33
1445088837 33
1445088838 33
1445088838 33
1445088838 33
1445088839 33
1445088840 33
1445088841 33
1445088841 33
1445088841 33
1445088841 33
1445088842 33
1445088843 33
1445088844 33
1445088844 33
1445088844 33
1445088844 33
1445088845 33
1445088846 33
1445088847 33
1445088847 33
1445088847 33
1445088848 33
1445088848 33
1445088849 33
1445088850 33
1445088850 33
1445088850 33
1445088851 33
1445088851 33
1445088852 33
1445088853 33
1445088853 33
1445088854 33
1445088854 33
1445088854 33
1445088855 33
1445088856 33
1445088856 33
1445088857 33
1445088857 33
1445088858 33
1445088858 33
1445088859 33
1445088859 33
1445088860 33
1445088860 33
1445088861 33
1445088861 33
1445088861 33
1445088862 33
1445088862 33
1445088863 33
1445088864 33
1445088864 33
1445088865 33
1445088865 33
1445088865 33
1445088866 33
1445088867 33
1445088868 33
1445088868 33
1445088868 33
1445088868 33
1445088869 33
1445088870 33
1445088870 33
1445088870 33
1445088870 33
1445088870 33
1445088870 33
1445088870 33
1445088870 33
1445088870 33
1445088870 33
1445088870 33
1445088870 33
1445088870 33
1445088870 33
1445088870 33
1445088870 33
1445088870 33
1445088870 4
1445088870 33
1445088870 33
1445088871 33
1445088871 33
1445088871 33
1445088872 33
1445088872 33
1445088873 33
1445088873 9
1445088873 29
1445088873 22
1445088873 26
1445088873 27
1445088873 30
1445088873 20
1445088873 19
1445088873 13
1445088873 15
1445088873 16
1445088873 17
1445088873 33
1445088874 33
1445088874 33
1445088874 33
1445088874 28
1445088874 23
1445088874 -1
1445088874 33
1445088874 33
1445088875 33
1445088875 33
1445088875 33
1445088875 28
1445088875 23
1445088875 -1
1445088875 33
1445088876 33
1445088877 33
1445088877 33
1445088878 33
1445088879 33
1445088880 33
1445088880 33
1445088881 33
1445088882 33
1445088883 33
1445088883 33
1445088884 33
1445088885 33
1445088886 33
1445088887 33
1445088887 33
1445088888 33
1445088889 33
1445088890 33
1445088890 33
1445088891 33
1445088892 33
1445088893 33
1445088893 33
1445088894 33
1445088895 33
1445088896 33
1445088897 33
1445088898 33
1445088899 33
1445088899 33
1445088900 33
1445088901 33
1445088902 33
1445088902 33
1445088903 33
1445088904 33
1445088905 33
1445088905 33
1445088906 33
1445088907 33
1445088908 33
1445088908 33
1445088909 33
1445088910 33
1445088911 33
1445088911 33
1445088912 33
1445088913 33
1445088913 33
1445088914 33
1445088917 33
1445088920 33
1445088923 33
1445088926 33
1445088929 33
1445088932 33
1445088935 33
1445088938 33
1445088941 33
1445088944 33
1445088947 33
1445088950 33
1445088953 33
1445088956 33
1445088959 33
1445088963 33
1445088966 33
1445088969 33
1445088972 33
1445088975 33
1445088978 33
1445088981 33
1445088984 33
1445088987 33
1445088990 33
1445088993 33
1445088996 33
1445088999 33
1445089002 33
1445089005 33
1445089008 33
1445089011 33
1445089014 33
1445089017 33
1445089020 33
1445089023 33
1445089026 33
1445089029 33
1445089032 33
1445089035 33
1445089038 33
1445089041 33
1445089044 33
1445089047 33
1445089050 33
1445089053 33
1445089056 33
1445089059 33
1445089063 33
1445089066 33
1445089069 33
1445089072 33
1445089075 33
1445089078 33
1445089081 33
1445089084 33
1445089087 33
1445089089 33
1445089090 33
1445089093 33
1445089096 33
1445089099 33
1445089102 33
1445089105 33
1445089108 33
1445089111 33
1445089114 33
1445089117 33
1445089120 33
1445089123 33
1445089126 33
1445089129 33
1445089132 33
1445089135 33
1445089138 33
1445089141 33
1445089145 33
1445089148 33
1445089151 33
1445089154 33
1445089157 33
1445089160 33
1445089163 33
1445089166 33
1445089169 33
1445089172 33
1445089175 33
1445089178 33
1445089181 33
1445089184 33
1445089187 33
1445089190 33
1445089193 33
1445089196 33
1445089199 33
1445089202 33
1445089205 33
1445089208 33
1445089211 33
1445089214 33
1445089217 33
1445089220 33
1445089223 33
1445089226 33
1445089229 33
1445089232 33
1445089235 33
1445089239 33
1445089242 33
1445089245 33
1445089248 33
1445089251 33
1445089254 33
1445089257 33
1445089260 33
1445089263 33
1445089266 33
1445089269 33
1445089272 33
1445089275 33
1445089278 33
1445089279 1
1445089279 8
1445089279 10
1445089279 18
1445089279 2
1445089281 33
1445089284 33
1445089287 33
1445089290 33
1445089293 33
1445089296 33
1445089299 33
1445089302 33
1445089305 33
1445089308 33
1445089311 33
1445089314 33
1445089318 33
1445089321 33
1445089324 33
1445089327 33
1445089330 33
1445089333 33
1445089336 33
1445089339 33
1445089342 33
1445089345 33
1445089348 33
1445089351 33
1445089354 33
1445089357 33
1445089360 33
1445089363 33
1445089366 33
1445089387 33
1445089390 33
1445089393 33
1445089396 33
1445089399 33
1445089402 33
1445089405 33
1445089408 33
1445089411 33
1445089414 33
1445089418 33
1445089421 33
1445089424 33
1445089427 33
1445089430 33
1445089433 33
1445089436 33
1445089439 33
1445089442 33
1445089445 33
1445089448 33
1445089451 33
1445089454 33
1445089457 33
1445089460 33
1445089463 33
1445089466 33
1445089469 33
1445089472 33
1445089475 33
1445089478 33
1445089481 33
1445089484 33
1445089487 33
1445089490 33
1445089493 33
1445089496 33
1445089499 33
1445089502 33
1445089505 33
1445089508 33
1445089511 33
1445089511 33
1445089511 33
1445089511 33
1445089511 33
1445089511 33
1445089511 33
1445089512 33
1445089512 33
1445089513 33
1445089513 33
1445089513 33
1445089513 33
1445089513 33
1445089513 33
1445089513 33
1445089513 33
1445089513 33
1445089513 33
1445089513 33
1445089513 33
1445089513 33
1445089513 33
1445089514 33
1445089514 33
1445089517 33
1445089517 33
1445089517 33
1445089517 33
1445089520 33
1445089524 33
1445089524 33
1445089524 33
1445089524 33
1445089524 33
1445089524 33
1445089524 33
1445089524 33
1445089524 33
1445089524 33
1445089525 33
1445089525 33
1445089525 33
1445089525 33
1445089525 33
1445089525 33
1445089525 33
1445089525 33
1445089525 33
1445089525 33
1445089525 33
1445089525 33
1445089525 33
1445089526 33
1445089527 33
1445089527 33
1445089527 33
1445089527 33
1445089527 33
1445089530 33
1445089530 33
1445089533 33
1445089533 33
1445089534 33
1445089536 33
1445089536 33
1445089537 33
1445089539 33
1445089539 33
1445089540 33
1445089542 33
1445089542 33
1445089543 33
1445089545 33
1445089545 33
1445089547 33
1445089548 33
1445089548 33
1445089550 33
1445089551 33
1445089551 33
1445089553 33
1445089554 33
1445089554 33
1445089556 33
1445089557 33
1445089557 33
1445089559 33
1445089560 33
1445089560 33
1445089562 33
1445089563 33
1445089563 33
1445089565 33
1445089566 33
1445089566 33
1445089568 33
1445089569 33
1445089569 33
1445089571 33
1445089572 33
1445089572 33
1445089574 33
1445089575 33
1445089575 33
1445089577 33
1445089578 33
1445089578 33
1445089578 33
1445089580 33
1445089581 33
1445089581 33
1445089583 33
1445089584 33
1445089584 33
1445089586 33
1445089587 33
1445089587 33
1445089589 33
1445089590 33
1445089590 33
1445089592 33
1445089593 33
1445089593 33
1445089595 33
1445089596 33
1445089596 33
1445089598 33
1445089599 33
1445089599 33
1445089600 33
1445089601 33
1445089602 33
1445089602 33
1445089604 33
1445089605 33
1445089605 33
1445089607 33
1445089608 33
1445089608 33
1445089610 33
1445089611 33
1445089611 33
1445089611 33
1445089611 33
1445089611 33
1445089611 33
1445089611 33
1445089611 33
1445089611 33
1445089611 33
1445089611 33
1445089611 33
1445089611 33
1445089611 33
1445089611 33
1445089611 33
1445089611 33
1445089611 4
1445089611 33
1445089611 33
1445089611 9
1445089611 29
1445089611 22
1445089611 26
1445089611 27
1445089611 30
1445089611 20
1445089611 19
1445089611 13
1445089611 15
1445089611 16
1445089611 17
1445089611 33
1445089611 33
1445089612 33
1445089612 33
1445089612 33
1445089612 28
1445089612 23
1445089612 -1
1445089612 33
1445089612 33
1445089612 28
1445089612 23
1445089612 -1
1445089614 33
1445089617 33
1445089620 33
1445089623 33
1445089626 33
1445089629 33
1445089632 33
1445089636 33
1445089639 33
1445089642 33
1445089645 33
1445089648 33
1445089651 33
1445089654 33
1445089655 33
1445089655 33
1445089655 33
1445089655 33
1445089655 33
1445089655 33
1445089655 33
1445089655 33
1445089655 33
1445089655 33
1445089655 33
1445089655 33
1445089655 33
1445089655 33
1445089655 33
1445089655 33
1445089655 33
1445089655 33
1445089655 33
1445089655 33
1445089655 33
1445089655 33
1445089655 33
1445089655 33
1445089655 33
1445089655 33
1445089655 33
1445089656 33
1445089656 12
1445089656 33
1445089656 12
1445089656 33
1445089656 21
1445089656 33
1445089656 21
1445089656 33
1445089656 7
1445089656 32
1445089656 33
1445089656 6
1445089656 25
1445089656 33
1445089656 5
1445089656 14
1445089656 33
1445089656 33
1445089656 33
1445089656 33
1445089657 33
1445089657 33
1445089657 33
1445089657 33
1445089657 33
1445089657 33
