1445088251 35
1445088252 35
1445088252 35
1445088252 35
1445088254 35
1445088254 35
1445088254 35
1445088254 35
1445088254 35
1445088254 35
1445088254 35
1445088254 35
1445088254 35
1445088254 35
1445088254 35
1445088254 35
1445088254 35
1445088254 35
1445088254 35
1445088255 35
1445088255 35
1445088255 35
1445088255 35
1445088255 35
1445088255 35
1445088255 35
1445088255 35
1445088255 35
1445088255 35
1445088256 35
1445088256 35
1445088256 35
1445088256 35
1445088256 35
1445088256 8
1445088256 35
1445088256 35
1445088256 35
1445088256 35
1445088256 35
1445088256 35
1445088256 35
1445088256 64
1445088256 5
1445088256 64
1445088256 35
1445088257 35
1445088257 35
1445088257 35
1445088257 35
1445088257 35
1445088257 35
1445088257 35
1445088257 35
1445088257 35
1445088257 35
1445088258 35
1445088258 35
1445088258 35
1445088258 35
1445088258 35
1445088258 35
1445088258 35
1445088258 35
1445088258 35
1445088258 35
1445088258 35
1445088258 35
1445088258 35
1445088258 35
1445088258 35
1445088258 35
1445088258 35
1445088258 35
1445088258 35
1445088258 35
1445088258 35
1445088258 35
1445088258 35
1445088258 35
1445088258 35
1445088258 35
1445088258 35
1445088258 35
1445088258 35
1445088258 35
1445088258 35
1445088258 35
1445088258 35
1445088258 35
1445088258 35
1445088258 35
1445088258 35
1445088258 35
1445088258 35
1445088258 35
1445088258 35
1445088258 35
1445088258 35
1445088258 35
1445088258 35
1445088258 35
1445088258 35
1445088258 35
1445088258 35
1445088258 35
1445088258 35
1445088258 35
1445088258 35
1445088258 35
1445088258 35
1445088258 35
1445088258 35
1445088258 35
1445088258 35
1445088258 35
1445088258 35
1445088258 35
1445088258 35
1445088258 35
1445088259 35
1445088259 35
1445088259 35
1445088259 35
1445088259 35
1445088259 35
1445088260 35
1445088260 35
1445088260 35
1445088260 35
1445088260 35
1445088260 35
1445088260 35
1445088260 35
1445088260 35
1445088260 35
1445088260 35
1445088260 35
1445088260 35
1445088260 35
1445088260 35
1445088260 35
1445088260 35
1445088260 35
1445088260 35
1445088260 35
1445088261 35
1445088261 35
1445088261 35
1445088262 35
1445088262 35
1445088263 35
1445088263 35
1445088264 35
1445088264 35
1445088264 35
1445088264 35
1445088264 35
1445088265 35
1445088265 35
1445088266 35
1445088266 35
1445088267 35
1445088267 35
1445088268 35
1445088268 35
1445088269 35
1445088269 35
1445088270 35
1445088270 35
1445088271 35
1445088271 35
1445088271 35
1445088272 35
1445088272 35
1445088273 35
1445088273 35
1445088274 35
1445088274 35
1445088275 35
1445088275 35
1445088275 35
1445088276 35
1445088276 35
1445088277 35
1445088277 35
1445088278 35
1445088278 35
1445088278 35
1445088279 35
1445088279 35
1445088280 35
1445088280 35
1445088281 35
1445088281 35
1445088281 35
1445088282 35
1445088282 35
1445088283 35
1445088283 35
1445088284 35
1445088284 35
1445088284 35
1445088285 35
1445088285 35
1445088286 35
1445088286 35
1445088287 35
1445088287 35
1445088287 35
1445088288 35
1445088288 35
1445088289 35
1445088289 35
1445088290 35
1445088290 35
1445088290 35
1445088291 35
1445088291 35
1445088292 35
1445088292 35
1445088293 35
1445088293 35
1445088293 35
1445088294 35
1445088294 35
1445088295 35
1445088295 35
1445088296 35
1445088296 35
1445088296 35
1445088297 35
1445088297 35
1445088298 35
1445088298 35
1445088299 35
1445088299 35
1445088299 35
1445088300 35
1445088300 35
1445088301 35
1445088301 35
1445088302 35
1445088302 35
1445088302 35
1445088303 35
1445088303 35
1445088304 35
1445088304 35
1445088305 35
1445088305 35
1445088305 35
1445088306 35
1445088306 35
1445088307 35
1445088307 35
1445088308 35
1445088308 35
1445088308 35
1445088309 35
1445088309 35
1445088310 35
1445088310 35
1445088311 35
1445088311 35
1445088311 35
1445088312 35
1445088312 35
1445088313 35
1445088313 35
1445088314 35
1445088314 35
1445088314 35
1445088315 35
1445088315 35
1445088316 35
1445088316 35
1445088317 35
1445088317 35
1445088317 35
1445088318 35
1445088318 35
1445088319 35
1445088319 35
1445088320 35
1445088320 35
1445088320 35
1445088321 35
1445088321 35
1445088322 35
1445088322 35
1445088323 35
1445088323 35
1445088323 35
1445088324 35
1445088324 35
1445088325 35
1445088325 35
1445088326 35
1445088326 35
1445088326 35
1445088326 35
1445088327 35
1445088327 35
1445088328 35
1445088328 35
1445088329 35
1445088329 35
1445088329 35
1445088330 35
1445088330 35
1445088331 35
1445088331 35
1445088332 35
1445088332 35
1445088332 35
1445088333 35
1445088333 35
1445088334 35
1445088334 35
1445088335 35
1445088335 35
1445088335 35
1445088336 35
1445088336 35
1445088337 35
1445088337 35
1445088338 35
1445088338 35
1445088338 35
1445088339 35
1445088339 35
1445088340 35
1445088340 35
1445088341 35
1445088341 35
1445088341 35
1445088342 35
1445088342 35
1445088343 35
1445088343 35
1445088344 35
1445088344 35
1445088344 35
1445088345 35
1445088345 35
1445088346 35
1445088346 35
1445088347 35
1445088347 35
1445088347 35
1445088348 35
1445088348 35
1445088349 35
1445088349 35
1445088350 35
1445088350 35
1445088350 35
1445088351 35
1445088351 35
1445088352 35
1445088352 35
1445088353 35
1445088353 35
1445088353 35
1445088354 35
1445088354 35
1445088355 35
1445088355 35
1445088356 35
1445088356 35
1445088356 35
1445088357 35
1445088357 35
1445088358 35
1445088358 35
1445088359 35
1445088359 35
1445088359 35
1445088360 35
1445088360 35
1445088361 35
1445088361 35
1445088362 35
1445088362 35
1445088362 35
1445088363 35
1445088363 35
1445088364 35
1445088364 35
1445088365 35
1445088365 35
1445088365 35
1445088366 35
1445088366 35
1445088366 35
1445088366 35
1445088366 35
1445088366 35
1445088366 35
1445088366 35
1445088366 35
1445088366 35
1445088366 35
1445088366 35
1445088366 35
1445088366 35
1445088366 35
1445088367 35
1445088367 35
1445088367 35
1445088368 35
1445088368 35
1445088368 35
1445088369 35
1445088369 35
1445088370 35
1445088370 35
1445088370 35
1445088370 35
1445088370 35
1445088371 35
1445088371 35
1445088372 35
1445088372 35
1445088373 35
1445088373 35
1445088374 35
1445088374 35
1445088375 35
1445088375 35
1445088376 35
1445088376 35
1445088376 35
1445088376 35
1445088376 35
1445088376 35
1445088376 35
1445088376 35
1445088376 35
1445088376 35
1445088376 35
1445088376 35
1445088376 35
1445088376 35
1445088377 35
1445088377 35
1445088377 35
1445088377 35
1445088377 113
1445088377 119
1445088377 170
1445088377 35
1445088377 35
1445088378 35
1445088378 35
1445088379 35
1445088379 35
1445088380 35
1445088380 35
1445088380 35
1445088381 35
1445088381 35
1445088382 35
1445088382 35
1445088383 35
1445088383 35
1445088383 35
1445088384 35
1445088384 35
1445088385 35
1445088385 35
1445088386 35
1445088386 35
1445088386 35
1445088387 35
1445088387 35
1445088388 35
1445088388 35
1445088389 35
1445088389 35
1445088389 35
1445088390 35
1445088390 35
1445088391 35
1445088391 35
1445088392 35
1445088392 35
1445088392 35
1445088393 35
1445088393 35
1445088394 35
1445088394 35
1445088395 35
1445088395 35
1445088395 35
1445088396 35
1445088396 35
1445088397 35
1445088397 35
1445088398 35
1445088398 35
1445088398 35
1445088399 35
1445088399 35
1445088400 35
1445088400 35
1445088401 35
1445088401 35
1445088401 35
1445088402 35
1445088402 35
1445088403 35
1445088403 35
1445088404 35
1445088404 35
1445088404 35
1445088405 35
1445088405 35
1445088406 35
1445088406 35
1445088407 35
1445088407 35
1445088407 35
1445088408 35
1445088408 35
1445088409 35
1445088409 35
1445088410 35
1445088410 35
1445088410 35
1445088411 35
1445088411 35
1445088412 35
1445088412 35
1445088413 35
1445088413 35
1445088413 35
1445088414 35
1445088414 35
1445088415 35
1445088415 35
1445088416 35
1445088416 35
1445088416 35
1445088417 35
1445088417 35
1445088418 35
1445088418 35
1445088419 35
1445088419 35
1445088419 35
1445088420 35
1445088420 35
1445088421 35
1445088421 35
1445088422 35
1445088422 35
1445088422 35
1445088423 35
1445088423 35
1445088424 35
1445088424 35
1445088425 35
1445088425 35
1445088425 35
1445088426 35
1445088426 35
1445088427 35
1445088427 35
1445088428 35
1445088428 35
1445088428 35
1445088429 35
1445088429 35
1445088430 35
1445088430 35
1445088430 35
1445088431 35
1445088431 35
1445088431 35
1445088432 35
1445088432 35
1445088433 35
1445088433 35
1445088434 35
1445088434 35
1445088434 35
1445088435 35
1445088435 35
1445088436 35
1445088436 35
1445088437 35
1445088437 35
1445088437 35
1445088438 35
1445088438 35
1445088439 35
1445088439 35
1445088440 35
1445088440 35
1445088440 35
1445088441 35
1445088441 35
1445088442 35
1445088442 35
1445088443 35
1445088443 35
1445088443 35
1445088444 35
1445088444 35
1445088445 35
1445088445 35
1445088446 35
1445088446 35
1445088446 35
1445088447 35
1445088447 35
1445088448 35
1445088448 35
1445088449 35
1445088449 35
1445088449 35
1445088450 35
1445088450 35
1445088451 35
1445088451 35
1445088452 35
1445088452 35
1445088452 35
1445088453 35
1445088453 35
1445088454 35
1445088454 35
1445088455 35
1445088455 35
1445088455 35
1445088456 35
1445088456 35
1445088457 35
1445088457 35
1445088458 35
1445088458 35
1445088458 35
1445088459 35
1445088459 35
1445088460 35
1445088460 35
1445088460 35
1445088460 35
1445088460 35
1445088460 35
1445088460 35
1445088460 35
1445088460 35
1445088460 35
1445088460 35
1445088460 35
1445088460 35
1445088461 35
1445088461 35
1445088461 35
1445088461 113
1445088461 119
1445088461 170
1445088461 35
1445088461 35
1445088462 35
1445088462 35
1445088462 35
1445088462 35
1445088462 35
1445088462 35
1445088462 35
1445088462 35
1445088462 35
1445088462 35
1445088462 35
1445088462 35
1445088462 35
1445088462 35
1445088462 35
1445088462 35
1445088463 35
1445088463 35
1445088463 35
1445088464 35
1445088464 35
1445088465 35
1445088465 35
1445088466 35
1445088466 35
1445088466 35
1445088466 35
1445088466 35
1445088467 35
1445088467 35
1445088468 35
1445088468 35
1445088469 35
1445088469 35
1445088470 35
1445088470 35
1445088471 35
1445088471 35
1445088472 35
1445088472 35
1445088473 35
1445088473 35
1445088473 35
1445088474 35
1445088474 35
1445088475 35
1445088475 35
1445088476 35
1445088476 35
1445088476 35
1445088477 35
1445088477 35
1445088478 35
1445088478 35
1445088479 35
1445088479 35
1445088479 35
1445088480 35
1445088480 35
1445088481 35
1445088481 35
1445088482 35
1445088482 35
1445088482 35
1445088483 35
1445088483 35
1445088484 35
1445088484 35
1445088485 35
1445088485 35
1445088485 35
1445088486 35
1445088486 35
1445088487 35
1445088487 35
1445088488 35
1445088488 35
1445088488 35
1445088489 35
1445088489 35
1445088490 35
1445088490 35
1445088491 35
1445088491 35
1445088491 35
1445088492 35
1445088492 35
1445088492 35
1445088492 35
1445088492 35
1445088492 35
1445088492 35
1445088492 35
1445088492 35
1445088492 35
1445088492 35
1445088492 35
1445088492 35
1445088492 35
1445088492 35
1445088493 35
1445088493 35
1445088493 35
1445088494 35
1445088494 35
1445088494 35
1445088495 35
1445088495 35
1445088496 35
1445088496 35
1445088497 35
1445088497 35
1445088497 35
1445088497 35
1445088497 35
1445088497 35
1445088497 35
1445088497 35
1445088497 35
1445088497 35
1445088497 35
1445088497 35
1445088497 35
1445088497 35
1445088497 35
1445088497 35
1445088498 35
1445088498 35
1445088498 35
1445088499 35
1445088499 35
1445088500 35
1445088500 35
1445088500 35
1445088501 35
1445088501 35
1445088502 35
1445088502 35
1445088503 35
1445088503 35
1445088503 35
1445088504 35
1445088504 35
1445088505 35
1445088505 35
1445088506 35
1445088506 35
1445088506 35
1445088507 35
1445088507 35
1445088508 35
1445088508 35
1445088509 35
1445088509 35
1445088509 35
1445088510 35
1445088510 35
1445088510 35
1445088510 35
1445088510 35
1445088511 35
1445088511 35
1445088512 35
1445088512 35
1445088512 35
1445088513 35
1445088513 35
1445088514 35
1445088514 35
1445088515 35
1445088515 35
1445088515 35
1445088516 35
1445088516 35
1445088517 35
1445088517 35
1445088518 35
1445088518 35
1445088518 35
1445088519 35
1445088519 35
1445088520 35
1445088520 35
1445088520 35
1445088520 35
1445088520 35
1445088521 35
1445088521 35
1445088521 35
1445088522 35
1445088522 35
1445088523 35
1445088523 35
1445088524 35
1445088524 35
1445088524 35
1445088525 35
1445088525 35
1445088526 35
1445088526 35
1445088527 35
1445088527 35
1445088527 35
1445088528 35
1445088528 35
1445088529 35
1445088529 35
1445088530 35
1445088530 35
1445088530 35
1445088530 35
1445088531 35
1445088531 35
1445088532 35
1445088532 35
1445088533 35
1445088533 35
1445088533 35
1445088534 35
1445088534 35
1445088534 35
1445088535 35
1445088535 35
1445088536 35
1445088536 35
1445088536 35
1445088537 35
1445088537 35
1445088537 35
1445088538 35
1445088538 35
1445088538 35
1445088539 35
1445088539 35
1445088539 35
1445088540 35
1445088540 35
1445088541 35
1445088541 35
1445088541 35
1445088541 35
1445088541 35
1445088541 35
1445088541 35
1445088541 35
1445088541 35
1445088541 35
1445088541 35
1445088541 35
1445088541 35
1445088541 35
1445088541 35
1445088541 35
1445088542 35
1445088542 35
1445088542 35
1445088542 35
1445088542 35
1445088542 35
1445088542 35
1445088542 35
1445088542 35
1445088542 35
1445088542 35
1445088542 35
1445088542 35
1445088542 35
1445088542 35
1445088542 35
1445088542 35
1445088542 35
1445088543 35
1445088543 35
1445088543 35
1445088544 35
1445088544 35
1445088544 35
1445088544 35
1445088544 35
1445088544 35
1445088544 35
1445088544 35
1445088544 35
1445088544 35
1445088544 35
1445088544 35
1445088544 35
1445088544 35
1445088544 35
1445088544 35
1445088544 35
1445088544 35
1445088544 35
1445088544 35
1445088544 35
1445088544 35
1445088544 35
1445088544 35
1445088544 35
1445088544 35
1445088544 35
1445088544 35
1445088544 35
1445088544 35
1445088545 35
1445088545 35
1445088545 35
1445088545 35
1445088545 35
1445088545 35
1445088546 35
1445088548 35
1445088548 35
1445088548 35
1445088548 35
1445088549 35
1445088549 35
1445088551 35
1445088552 35
1445088552 35
1445088552 35
1445088552 35
1445088552 35
1445088552 35
1445088552 35
1445088552 35
1445088552 35
1445088552 35
1445088552 35
1445088552 35
1445088552 35
1445088552 35
1445088552 35
1445088553 35
1445088553 35
1445088553 35
1445088554 35
1445088554 35
1445088554 35
1445088555 35
1445088555 35
1445088556 35
1445088556 35
1445088556 35
1445088556 35
1445088557 35
1445088557 35
1445088557 35
1445088557 35
1445088557 35
1445088557 35
1445088557 35
1445088558 35
1445088559 35
1445088559 35
1445088559 35
1445088560 35
1445088560 35
1445088560 35
1445088560 35
1445088561 35
1445088561 35
1445088562 35
1445088562 35
1445088562 35
1445088562 35
1445088563 35
1445088563 35
1445088563 35
1445088563 35
1445088564 35
1445088564 35
1445088565 35
1445088565 35
1445088565 35
1445088565 35
1445088565 35
1445088565 35
1445088565 35
1445088565 35
1445088565 35
1445088565 35
1445088565 35
1445088565 35
1445088565 35
1445088565 35
1445088565 35
1445088566 35
1445088566 35
1445088566 35
1445088566 35
1445088566 35
1445088566 113
1445088566 119
1445088566 170
1445088567 35
1445088567 35
1445088568 35
1445088568 35
1445088568 35
1445088568 35
1445088568 35
1445088569 35
1445088569 35
1445088570 35
1445088571 35
1445088571 35
1445088571 35
1445088571 35
1445088571 35
1445088572 35
1445088572 35
1445088572 35
1445088573 35
1445088573 35
1445088574 35
1445088574 35
1445088574 35
1445088574 35
1445088575 35
1445088575 35
1445088575 35
1445088576 35
1445088576 35
1445088576 35
1445088576 35
1445088576 35
1445088576 35
1445088576 35
1445088576 35
1445088576 35
1445088576 35
1445088577 35
1445088577 35
1445088577 35
1445088577 35
1445088577 35
1445088577 35
1445088577 35
1445088577 35
1445088577 35
1445088577 35
1445088577 35
1445088578 35
1445088578 35
1445088578 35
1445088578 35
1445088578 35
1445088578 35
1445088578 35
1445088578 35
1445088578 35
1445088578 35
1445088578 35
1445088579 35
1445088579 35
1445088579 35
1445088579 35
1445088579 35
1445088579 35
1445088579 35
1445088580 35
1445088580 35
1445088580 35
1445088580 35
1445088580 35
1445088581 35
1445088581 35
1445088581 35
1445088582 35
1445088582 35
1445088582 35
1445088582 35
1445088582 35
1445088582 35
1445088582 35
1445088582 35
1445088582 35
1445088582 35
1445088582 35
1445088583 35
1445088583 35
1445088583 35
1445088583 35
1445088583 35
1445088583 35
1445088583 35
1445088583 35
1445088583 35
1445088583 35
1445088584 35
1445088584 35
1445088584 35
1445088584 35
1445088584 35
1445088584 35
1445088584 35
1445088584 35
1445088584 35
1445088584 35
1445088584 35
1445088584 35
1445088585 35
1445088585 35
1445088585 35
1445088585 35
1445088585 35
1445088585 35
1445088585 35
1445088585 35
1445088585 35
1445088585 35
1445088585 35
1445088585 35
1445088585 35
1445088585 35
1445088585 35
1445088586 35
1445088586 35
1445088586 35
1445088586 35
1445088586 35
1445088586 35
1445088586 35
1445088586 35
1445088586 35
1445088586 35
1445088586 35
1445088586 35
1445088586 35
1445088586 35
1445088586 35
1445088586 35
1445088586 35
1445088586 35
1445088587 35
1445088587 35
1445088587 35
1445088588 35
1445088588 35
1445088588 35
1445088589 35
1445088589 35
1445088589 35
1445088590 35
1445088590 35
1445088590 35
1445088590 35
1445088590 35
1445088590 35
1445088590 35
1445088591 35
1445088592 35
1445088592 35
1445088592 35
1445088592 35
1445088592 35
1445088593 35
1445088593 35
1445088593 35
1445088593 35
1445088594 35
1445088594 35
1445088594 35
1445088594 35
1445088594 35
1445088594 35
1445088594 35
1445088594 35
1445088594 35
1445088594 35
1445088595 35
1445088595 35
1445088595 35
1445088595 35
1445088596 35
1445088596 35
1445088596 35
1445088596 35
1445088597 35
1445088597 35
1445088597 35
1445088598 35
1445088598 35
1445088598 35
1445088599 35
1445088599 35
1445088599 35
1445088599 35
1445088600 35
1445088600 35
1445088600 35
1445088600 35
1445088600 35
1445088600 35
1445088600 35
1445088600 35
1445088600 35
1445088600 35
1445088600 35
1445088600 35
1445088601 35
1445088601 35
1445088601 35
1445088601 35
1445088601 35
1445088602 35
1445088602 35
1445088602 35
1445088602 35
1445088602 35
1445088602 35
1445088602 35
1445088603 35
1445088603 35
1445088603 35
1445088603 35
1445088604 35
1445088604 35
1445088604 35
1445088604 35
1445088604 35
1445088604 35
1445088605 35
1445088605 35
1445088605 35
1445088605 35
1445088606 35
1445088606 35
1445088607 35
1445088607 35
1445088607 35
1445088607 35
1445088607 35
1445088608 35
1445088608 35
1445088608 35
1445088608 35
1445088609 35
1445088609 35
1445088610 35
1445088610 35
1445088610 35
1445088610 35
1445088611 35
1445088611 35
1445088611 35
1445088611 35
1445088612 35
1445088612 35
1445088612 35
1445088613 35
1445088613 35
1445088613 35
1445088614 35
1445088614 35
1445088614 35
1445088614 35
1445088615 35
1445088615 35
1445088615 35
1445088616 35
1445088616 35
1445088616 35
1445088616 35
1445088617 35
1445088617 35
1445088617 35
1445088617 35
1445088618 35
1445088618 35
1445088618 35
1445088618 35
1445088618 35
1445088619 35
1445088619 35
1445088619 35
1445088620 35
1445088620 35
1445088620 35
1445088620 35
1445088621 35
1445088621 35
1445088621 35
1445088621 35
1445088622 35
1445088622 35
1445088622 35
1445088622 35
1445088622 35
1445088623 35
1445088623 35
1445088623 35
1445088624 35
1445088624 35
1445088624 35
1445088624 35
1445088625 35
1445088625 35
1445088625 35
1445088625 35
1445088626 35
1445088626 35
1445088626 35
1445088626 35
1445088626 35
1445088627 35
1445088627 35
1445088628 35
1445088628 35
1445088628 35
1445088628 35
1445088628 35
1445088628 35
1445088629 35
1445088629 35
1445088629 35
1445088630 35
1445088630 35
1445088630 35
1445088630 35
1445088630 35
1445088631 35
1445088631 35
1445088631 35
1445088631 35
1445088632 35
1445088632 35
1445088632 35
1445088632 35
1445088633 35
1445088633 35
1445088633 35
1445088633 35
1445088633 35
1445088634 35
1445088634 35
1445088635 35
1445088635 35
1445088635 35
1445088635 35
1445088635 35
1445088636 35
1445088636 35
1445088636 35
1445088636 35
1445088636 35
1445088636 35
1445088637 35
1445088637 35
1445088637 35
1445088638 35
1445088638 35
1445088638 35
1445088638 35
1445088638 35
1445088639 35
1445088639 35
1445088639 35
1445088639 35
1445088640 35
1445088640 35
1445088640 35
1445088641 35
1445088641 35
1445088641 35
1445088641 35
1445088641 35
1445088641 35
1445088641 35
1445088642 35
1445088642 35
1445088642 35
1445088642 35
1445088643 35
1445088643 35
1445088644 35
1445088644 35
1445088644 35
1445088644 35
1445088644 35
1445088644 35
1445088644 35
1445088644 35
1445088644 35
1445088644 35
1445088644 35
1445088644 35
1445088644 35
1445088644 35
1445088644 35
1445088644 35
1445088645 35
1445088645 35
1445088645 35
1445088645 35
1445088645 35
1445088645 35
1445088645 35
1445088645 35
1445088645 35
1445088645 35
1445088645 35
1445088645 35
1445088645 35
1445088645 35
1445088645 35
1445088645 35
1445088646 35
1445088646 35
1445088646 35
1445088646 35
1445088646 113
1445088646 119
1445088646 170
1445088646 35
1445088646 35
1445088646 35
1445088646 35
1445088646 35
1445088646 35
1445088646 35
1445088646 35
1445088646 35
1445088646 35
1445088646 35
1445088646 35
1445088646 35
1445088646 35
1445088646 35
1445088646 35
1445088646 35
1445088646 35
1445088646 35
1445088646 35
1445088646 35
1445088646 35
1445088646 35
1445088646 35
1445088646 35
1445088646 35
1445088646 35
1445088646 35
1445088646 35
1445088647 35
1445088647 35
1445088647 35
1445088647 35
1445088647 35
1445088647 113
1445088647 119
1445088647 170
1445088647 35
1445088647 35
1445088647 35
1445088648 35
1445088648 35
1445088648 35
1445088648 113
1445088648 119
1445088648 170
1445088648 35
1445088648 35
1445088648 35
1445088648 35
1445088648 35
1445088648 35
1445088648 35
1445088648 35
1445088648 35
1445088648 35
1445088648 35
1445088648 35
1445088648 35
1445088648 35
1445088648 35
1445088648 35
1445088648 35
1445088648 35
1445088649 35
1445088649 35
1445088649 35
1445088649 35
1445088650 35
1445088650 35
1445088650 35
1445088650 35
1445088650 35
1445088650 35
1445088651 35
1445088651 35
1445088651 35
1445088652 35
1445088652 35
1445088652 35
1445088652 35
1445088653 35
1445088653 35
1445088654 35
1445088654 35
1445088654 35
1445088655 35
1445088655 35
1445088655 35
1445088655 35
1445088656 35
1445088656 35
1445088656 35
1445088656 35
1445088657 35
1445088657 35
1445088658 35
1445088658 35
1445088658 35
1445088658 35
1445088658 35
1445088658 35
1445088659 35
1445088659 35
1445088659 35
1445088659 35
1445088660 35
1445088660 35
1445088660 35
1445088660 35
1445088661 35
1445088661 35
1445088661 35
1445088661 35
1445088661 35
1445088661 35
1445088661 35
1445088661 35
1445088661 35
1445088662 35
1445088662 35
1445088662 35
1445088662 35
1445088662 35
1445088662 35
1445088662 35
1445088663 35
1445088663 35
1445088663 35
1445088664 35
1445088664 35
1445088664 35
1445088664 35
1445088665 35
1445088665 35
1445088665 35
1445088665 35
1445088665 35
1445088665 35
1445088666 35
1445088666 35
1445088667 35
1445088667 35
1445088667 35
1445088667 35
1445088668 35
1445088668 35
1445088668 35
1445088669 35
1445088669 35
1445088669 35
1445088669 35
1445088669 35
1445088669 35
1445088670 35
1445088670 35
1445088670 35
1445088670 35
1445088670 35
1445088670 35
1445088670 35
1445088670 35
1445088670 35
1445088670 35
1445088670 35
1445088670 35
1445088670 35
1445088670 35
1445088670 35
1445088671 35
1445088671 35
1445088671 35
1445088671 35
1445088671 35
1445088671 35
1445088672 35
1445088672 35
1445088672 35
1445088672 35
1445088672 35
1445088672 35
1445088673 35
1445088673 35
1445088673 35
1445088673 35
1445088674 35
1445088674 35
1445088674 35
1445088674 35
1445088674 35
1445088675 35
1445088675 35
1445088676 35
1445088676 35
1445088676 35
1445088676 35
1445088676 35
1445088676 35
1445088676 35
1445088676 35
1445088676 35
1445088676 35
1445088676 35
1445088676 35
1445088676 35
1445088677 35
1445088677 35
1445088677 35
1445088677 35
1445088677 35
1445088677 35
1445088677 35
1445088677 35
1445088677 35
1445088677 35
1445088677 35
1445088677 35
1445088677 35
1445088677 35
1445088677 35
1445088677 35
1445088678 35
1445088678 35
1445088678 35
1445088678 35
1445088678 35
1445088679 35
1445088679 35
1445088679 35
1445088679 35
1445088679 35
1445088680 35
1445088680 35
1445088680 35
1445088680 35
1445088681 35
1445088681 35
1445088681 35
1445088682 35
1445088682 35
1445088682 35
1445088682 35
1445088683 35
1445088683 35
1445088683 35
1445088683 35
1445088683 35
1445088684 35
1445088684 35
1445088684 35
1445088685 35
1445088685 35
1445088685 35
1445088686 35
1445088686 35
1445088686 35
1445088686 35
1445088686 35
1445088687 35
1445088687 35
1445088687 35
1445088687 35
1445088688 35
1445088688 35
1445088688 35
1445088689 35
1445088689 35
1445088689 35
1445088689 35
1445088689 35
1445088690 35
1445088690 35
1445088690 35
1445088690 35
1445088690 35
1445088690 35
1445088691 35
1445088691 35
1445088691 35
1445088691 35
1445088691 35
1445088691 35
1445088691 35
1445088691 35
1445088691 35
1445088691 35
1445088691 35
1445088692 35
1445088692 35
1445088692 35
1445088692 35
1445088692 35
1445088692 35
1445088692 35
1445088692 35
1445088692 35
1445088692 35
1445088692 35
1445088692 35
1445088692 35
1445088692 35
1445088692 35
1445088692 35
1445088692 35
1445088693 35
1445088693 35
1445088693 35
1445088693 35
1445088693 35
1445088694 35
1445088694 35
1445088694 35
1445088694 35
1445088695 35
1445088695 35
1445088695 35
1445088695 35
1445088696 35
1445088696 35
1445088696 35
1445088696 35
1445088696 35
1445088696 35
1445088696 35
1445088696 35
1445088696 35
1445088696 35
1445088696 35
1445088696 35
1445088696 35
1445088696 35
1445088696 35
1445088696 35
1445088696 35
1445088696 35
1445088697 35
1445088697 35
1445088697 35
1445088697 35
1445088697 35
1445088697 89
1445088697 35
1445088697 35
1445088697 35
1445088697 35
1445088697 35
1445088698 35
1445088698 35
1445088698 35
1445088698 113
1445088698 119
1445088698 170
1445088698 35
1445088698 35
1445088698 35
1445088698 35
1445088699 35
1445088699 36
1445088699 164
1445088699 106
1445088699 4
1445088699 106
1445088699 106
1445088699 61
1445088699 15
1445088699 61
1445088699 61
1445088699 61
1445088699 61
1445088699 35
1445088700 35
1445088700 35
1445088700 35
1445088700 113
1445088700 119
1445088700 170
1445088700 35
1445088700 35
1445088700 35
1445088700 35
1445088700 35
1445088700 35
1445088701 35
1445088701 35
1445088701 35
1445088701 35
1445088701 35
1445088701 35
1445088702 35
1445088702 35
1445088703 35
1445088703 35
1445088703 35
1445088703 35
1445088704 35
1445088704 35
1445088704 35
1445088704 35
1445088705 35
1445088705 35
1445088705 35
1445088705 35
1445088706 35
1445088706 35
1445088706 35
1445088706 35
1445088706 35
1445088706 35
1445088706 35
1445088706 35
1445088706 35
1445088706 35
1445088706 35
1445088707 35
1445088707 35
1445088707 35
1445088707 35
1445088707 35
1445088707 35
1445088707 35
1445088707 35
1445088707 35
1445088707 35
1445088707 35
1445088707 35
1445088707 35
1445088707 35
1445088707 35
1445088707 35
1445088707 35
1445088707 35
1445088708 35
1445088708 35
1445088708 35
1445088709 35
1445088709 35
1445088709 35
1445088709 35
1445088709 35
1445088709 35
1445088709 35
1445088709 35
1445088710 35
1445088710 35
1445088710 35
1445088710 35
1445088710 35
1445088711 35
1445088711 35
1445088711 35
1445088711 35
1445088711 35
1445088712 35
1445088712 35
1445088712 35
1445088713 35
1445088713 35
1445088713 35
1445088713 35
1445088714 35
1445088714 35
1445088714 35
1445088714 35
1445088715 35
1445088715 35
1445088715 35
1445088715 35
1445088716 35
1445088716 35
1445088716 35
1445088716 35
1445088716 35
1445088717 35
1445088717 35
1445088718 35
1445088718 35
1445088718 35
1445088718 35
1445088718 35
1445088718 35
1445088718 35
1445088719 35
1445088719 35
1445088719 35
1445088719 35
1445088719 35
1445088719 35
1445088720 35
1445088720 35
1445088721 35
1445088721 35
1445088721 35
1445088721 35
1445088721 35
1445088721 35
1445088721 35
1445088722 35
1445088722 35
1445088722 35
1445088722 35
1445088723 35
1445088724 35
1445088724 35
1445088724 35
1445088724 35
1445088724 35
1445088725 35
1445088725 35
1445088725 35
1445088725 35
1445088725 35
1445088725 35
1445088725 35
1445088726 35
1445088727 35
1445088727 35
1445088727 35
1445088728 35
1445088728 35
1445088728 35
1445088728 35
1445088728 35
1445088728 35
1445088728 35
1445088728 35
1445088728 35
1445088729 35
1445088729 35
1445088729 35
1445088730 35
1445088730 35
1445088731 35
1445088731 35
1445088731 35
1445088731 35
1445088731 35
1445088731 35
1445088732 35
1445088732 35
1445088732 35
1445088732 35
1445088732 35
1445088733 35
1445088733 35
1445088734 35
1445088734 35
1445088734 35
1445088734 35
1445088734 35
1445088735 35
1445088735 35
1445088735 35
1445088735 35
1445088736 35
1445088736 35
1445088736 35
1445088736 35
1445088736 35
1445088737 35
1445088737 35
1445088737 35
1445088737 35
1445088737 35
1445088738 35
1445088738 35
1445088738 35
1445088738 35
1445088738 35
1445088738 35
1445088738 35
1445088738 35
1445088738 35
1445088738 35
1445088738 35
1445088738 35
1445088738 35
1445088739 35
1445088739 35
1445088739 35
1445088739 35
1445088739 35
1445088739 35
1445088739 35
1445088739 35
1445088739 35
1445088739 35
1445088739 35
1445088739 35
1445088739 35
1445088739 35
1445088739 35
1445088739 35
1445088739 35
1445088739 35
1445088739 35
1445088739 35
1445088739 35
1445088739 35
1445088739 35
1445088739 35
1445088739 35
1445088739 35
1445088739 35
1445088739 35
1445088739 35
1445088739 35
1445088739 89
1445088739 35
1445088739 35
1445088740 35
1445088740 35
1445088740 35
1445088740 35
1445088740 113
1445088740 119
1445088740 170
1445088740 35
1445088740 35
1445088740 35
1445088740 36
1445088740 164
1445088740 106
1445088740 4
1445088740 106
1445088740 106
1445088740 61
1445088740 15
1445088740 61
1445088740 61
1445088740 61
1445088740 61
1445088740 35
1445088741 35
1445088741 35
1445088741 35
1445088741 35
1445088741 113
1445088741 119
1445088741 170
1445088741 35
1445088741 35
1445088742 35
1445088742 35
1445088742 35
1445088742 113
1445088742 119
1445088742 170
1445088742 35
1445088742 35
1445088742 35
1445088742 35
1445088742 35
1445088742 35
1445088742 35
1445088742 89
1445088742 35
1445088743 35
1445088743 35
1445088743 36
1445088743 164
1445088743 106
1445088743 4
1445088743 106
1445088743 106
1445088743 61
1445088743 15
1445088743 61
1445088743 61
1445088743 61
1445088743 61
1445088743 35
1445088743 35
1445088743 35
1445088744 35
1445088744 35
1445088744 35
1445088745 35
1445088745 35
1445088745 35
1445088745 113
1445088745 119
1445088745 170
1445088745 35
1445088745 35
1445088745 35
1445088746 35
1445088746 35
1445088746 35
1445088746 35
1445088746 35
1445088747 35
1445088747 35
1445088748 35
1445088748 35
1445088748 35
1445088749 35
1445088749 35
1445088749 35
1445088749 35
1445088749 35
1445088750 35
1445088750 35
1445088750 35
1445088751 35
1445088751 35
1445088752 35
1445088752 35
1445088752 35
1445088752 35
1445088753 35
1445088753 35
1445088753 35
1445088754 35
1445088754 35
1445088754 35
1445088755 35
1445088755 35
1445088756 35
1445088756 35
1445088756 35
1445088756 35
1445088756 35
1445088756 35
1445088756 35
1445088757 35
1445088757 35
1445088757 35
1445088757 35
1445088758 35
1445088759 35
1445088759 35
1445088759 35
1445088759 35
1445088759 35
1445088759 35
1445088760 35
1445088760 35
1445088760 35
1445088760 35
1445088761 35
1445088762 35
1445088762 35
1445088762 35
1445088762 35
1445088762 35
1445088762 35
1445088762 35
1445088763 35
1445088763 35
1445088763 35
1445088764 35
1445088764 35
1445088765 35
1445088765 35
1445088765 35
1445088765 35
1445088765 35
1445088765 35
1445088765 35
1445088766 35
1445088766 35
1445088767 35
1445088767 35
1445088767 35
1445088768 35
1445088768 35
1445088768 35
1445088768 35
1445088769 35
1445088769 35
1445088769 35
1445088769 35
1445088769 35
1445088770 35
1445088771 35
1445088771 35
1445088771 35
1445088771 35
1445088771 35
1445088771 35
1445088772 35
1445088772 35
1445088772 35
1445088772 35
1445088772 35
1445088773 35
1445088774 35
1445088774 35
1445088774 35
1445088774 35
1445088774 35
1445088775 35
1445088775 35
1445088775 35
1445088776 35
1445088776 35
1445088776 35
1445088776 35
1445088777 35
1445088777 35
1445088777 35
1445088777 35
1445088778 35
1445088778 35
1445088778 35
1445088778 35
1445088778 35
1445088779 35
1445088779 35
1445088779 35
1445088779 35
1445088780 35
1445088780 35
1445088780 35
1445088781 35
1445088781 35
1445088781 35
1445088781 35
1445088781 35
1445088782 35
1445088782 35
1445088782 35
1445088783 35
1445088783 35
1445088783 35
1445088783 35
1445088783 35
1445088784 35
1445088784 35
1445088784 35
1445088784 35
1445088785 35
1445088785 35
1445088785 35
1445088786 35
1445088786 35
1445088786 35
1445088786 35
1445088786 35
1445088787 35
1445088787 35
1445088787 35
1445088788 35
1445088788 35
1445088788 35
1445088789 35
1445088789 35
1445088789 35
1445088789 35
1445088789 35
1445088790 35
1445088790 35
1445088790 35
1445088790 35
1445088791 35
1445088791 35
1445088791 35
1445088791 35
1445088792 35
1445088792 35
1445088792 35
1445088792 35
1445088793 35
1445088793 35
1445088793 35
1445088793 35
1445088794 35
1445088794 35
1445088794 35
1445088795 35
1445088795 35
1445088795 35
1445088795 35
1445088795 35
1445088796 35
1445088796 35
1445088796 35
1445088796 35
1445088797 35
1445088797 35
1445088798 35
1445088798 35
1445088798 35
1445088798 35
1445088798 35
1445088799 35
1445088799 35
1445088799 35
1445088800 35
1445088800 35
1445088800 35
1445088800 35
1445088801 35
1445088801 35
1445088801 35
1445088801 35
1445088801 35
1445088802 35
1445088802 35
1445088802 35
1445088803 35
1445088803 35
1445088803 35
1445088804 35
1445088804 35
1445088804 35
1445088804 35
1445088804 35
1445088805 35
1445088805 35
1445088805 35
1445088805 35
1445088806 35
1445088806 35
1445088807 35
1445088807 35
1445088807 35
1445088807 35
1445088807 35
1445088807 35
1445088808 35
1445088808 35
1445088808 35
1445088808 35
1445088809 35
1445088810 35
1445088810 35
1445088810 35
1445088810 35
1445088810 35
1445088811 35
1445088811 35
1445088811 35
1445088811 35
1445088811 35
1445088812 35
1445088812 35
1445088812 35
1445088812 35
1445088812 35
1445088812 35
1445088812 35
1445088812 35
1445088812 35
1445088812 35
1445088812 35
1445088812 35
1445088812 35
1445088812 35
1445088812 35
1445088812 35
1445088812 35
1445088812 35
1445088812 35
1445088812 89
1445088812 35
1445088813 35
1445088813 35
1445088813 35
1445088813 36
1445088813 164
1445088813 106
1445088813 4
1445088813 106
1445088813 106
1445088813 61
1445088813 15
1445088813 61
1445088813 61
1445088813 61
1445088813 61
1445088813 35
1445088813 35
1445088814 35
1445088814 35
1445088814 35
1445088814 35
1445088814 35
1445088814 35
1445088814 113
1445088814 119
1445088814 170
1445088814 35
1445088814 35
1445088814 113
1445088814 119
1445088814 170
1445088814 35
1445088814 35
1445088815 35
1445088815 35
1445088816 35
1445088816 35
1445088816 35
1445088817 35
1445088817 35
1445088817 35
1445088817 35
1445088818 35
1445088818 35
1445088819 35
1445088819 35
1445088819 35
1445088819 35
1445088820 35
1445088820 35
1445088821 35
1445088821 35
1445088821 35
1445088821 35
1445088821 35
1445088821 35
1445088821 35
1445088821 35
1445088821 35
1445088821 35
1445088821 35
1445088821 35
1445088821 35
1445088821 35
1445088821 35
1445088821 35
1445088821 35
1445088821 35
1445088821 35
1445088821 35
1445088821 89
1445088821 35
1445088821 35
1445088822 35
1445088822 35
1445088822 36
1445088822 164
1445088822 106
1445088822 4
1445088822 106
1445088822 106
1445088822 61
1445088822 15
1445088822 61
1445088822 61
1445088822 61
1445088822 61
1445088822 35
1445088822 35
1445088823 35
1445088823 35
1445088823 35
1445088823 35
1445088823 113
1445088823 119
1445088823 170
1445088823 35
1445088823 35
1445088823 113
1445088823 119
1445088823 170
1445088823 35
1445088824 35
1445088824 35
1445088824 35
1445088824 35
1445088825 35
1445088825 35
1445088826 35
1445088826 35
1445088827 35
1445088827 35
1445088827 35
1445088827 35
1445088828 35
1445088828 35
1445088829 35
1445088829 35
1445088830 35
1445088830 35
1445088830 35
1445088830 35
1445088830 35
1445088830 35
1445088830 35
1445088830 35
1445088830 35
1445088830 35
1445088830 35
1445088830 35
1445088830 35
1445088830 35
1445088830 35
1445088830 35
1445088830 35
1445088830 89
1445088830 35
1445088830 35
1445088831 35
1445088831 35
1445088831 35
1445088831 36
1445088831 164
1445088831 106
1445088831 4
1445088831 106
1445088831 106
1445088831 61
1445088831 15
1445088831 61
1445088831 61
1445088831 61
1445088831 61
1445088831 35
1445088831 35
1445088832 35
1445088832 35
1445088832 35
1445088832 35
1445088832 113
1445088832 119
1445088832 170
1445088832 35
1445088832 35
1445088832 113
1445088832 119
1445088832 170
1445088832 35
1445088833 35
1445088834 35
1445088834 35
1445088834 35
1445088835 35
1445088835 35
1445088836 35
1445088837 35
1445088837 35
1445088838 35
1445088838 35
1445088838 35
1445088839 35
1445088840 35
1445088841 35
1445088841 35
1445088841 35
1445088841 35
1445088842 35
1445088843 35
1445088844 35
1445088844 35
1445088844 35
1445088844 35
1445088845 35
1445088846 35
1445088847 35
1445088847 35
1445088847 35
1445088848 35
1445088848 35
1445088849 35
1445088850 35
1445088850 35
1445088850 35
1445088851 35
1445088851 35
1445088852 35
1445088853 35
1445088853 35
1445088854 35
1445088854 35
1445088854 35
1445088855 35
1445088856 35
1445088856 35
1445088857 35
1445088857 35
1445088858 35
1445088858 35
1445088859 35
1445088859 35
1445088860 35
1445088860 35
1445088861 35
1445088861 35
1445088861 35
1445088862 35
1445088862 35
1445088863 35
1445088864 35
1445088864 35
1445088865 35
1445088865 35
1445088865 35
1445088866 35
1445088867 35
1445088868 35
1445088868 35
1445088868 35
1445088868 35
1445088869 35
1445088870 35
1445088870 35
1445088870 35
1445088870 35
1445088870 35
1445088870 35
1445088870 35
1445088870 35
1445088870 35
1445088870 35
1445088870 35
1445088870 35
1445088870 35
1445088870 35
1445088870 35
1445088870 35
1445088870 35
1445088870 89
1445088870 35
1445088870 35
1445088871 35
1445088871 35
1445088871 35
1445088872 35
1445088872 35
1445088873 35
1445088873 36
1445088873 164
1445088873 106
1445088873 4
1445088873 106
1445088873 106
1445088873 61
1445088873 15
1445088873 61
1445088873 61
1445088873 61
1445088873 61
1445088873 35
1445088874 35
1445088874 35
1445088874 35
1445088874 113
1445088874 119
1445088874 170
1445088874 35
1445088874 35
1445088875 35
1445088875 35
1445088875 35
1445088875 113
1445088875 119
1445088875 170
1445088875 35
1445088876 35
1445088877 35
1445088877 35
1445088878 35
1445088879 35
1445088880 35
1445088880 35
1445088881 35
1445088882 35
1445088883 35
1445088883 35
1445088884 35
1445088885 35
1445088886 35
1445088887 35
1445088887 35
1445088888 35
1445088889 35
1445088890 35
1445088890 35
1445088891 35
1445088892 35
1445088893 35
1445088893 35
1445088894 35
1445088895 35
1445088896 35
1445088897 35
1445088898 35
1445088899 35
1445088899 35
1445088900 35
1445088901 35
1445088902 35
1445088902 35
1445088903 35
1445088904 35
1445088905 35
1445088905 35
1445088906 35
1445088907 35
1445088908 35
1445088908 35
1445088909 35
1445088910 35
1445088911 35
1445088911 35
1445088912 35
1445088913 35
1445088913 35
1445088914 35
1445088917 35
1445088920 35
1445088923 35
1445088926 35
1445088929 35
1445088932 35
1445088935 35
1445088938 35
1445088941 35
1445088944 35
1445088947 35
1445088950 35
1445088953 35
1445088956 35
1445088959 35
1445088963 35
1445088966 35
1445088969 35
1445088972 35
1445088975 35
1445088978 35
1445088981 35
1445088984 35
1445088987 35
1445088990 35
1445088993 35
1445088996 35
1445088999 35
1445089002 35
1445089005 35
1445089008 35
1445089011 35
1445089014 35
1445089017 35
1445089020 35
1445089023 35
1445089026 35
1445089029 35
1445089032 35
1445089035 35
1445089038 35
1445089041 35
1445089044 35
1445089047 35
1445089050 35
1445089053 35
1445089056 35
1445089059 35
1445089063 35
1445089066 35
1445089069 35
1445089072 35
1445089075 35
1445089078 35
1445089081 35
1445089084 35
1445089087 35
1445089089 35
1445089090 35
1445089093 35
1445089096 35
1445089099 35
1445089102 35
1445089105 35
1445089108 35
1445089111 35
1445089114 35
1445089117 35
1445089120 35
1445089123 35
1445089126 35
1445089129 35
1445089132 35
1445089135 35
1445089138 35
1445089141 35
1445089145 35
1445089148 35
1445089151 35
1445089154 35
1445089157 35
1445089160 35
1445089163 35
1445089166 35
1445089169 35
1445089172 35
1445089175 35
1445089178 35
1445089181 35
1445089184 35
1445089187 35
1445089190 35
1445089193 35
1445089196 35
1445089199 35
1445089202 35
1445089205 35
1445089208 35
1445089211 35
1445089214 35
1445089217 35
1445089220 35
1445089223 35
1445089226 35
1445089229 35
1445089232 35
1445089235 35
1445089239 35
1445089242 35
1445089245 35
1445089248 35
1445089251 35
1445089254 35
1445089257 35
1445089260 35
1445089263 35
1445089266 35
1445089269 35
1445089272 35
1445089275 35
1445089278 35
1445089279 48
1445089279 14
1445089279 162
1445089279 142
1445089279 96
1445089281 35
1445089284 35
1445089287 35
1445089290 35
1445089293 35
1445089296 35
1445089299 35
1445089302 35
1445089305 35
1445089308 35
1445089311 35
1445089314 35
1445089318 35
1445089321 35
1445089324 35
1445089327 35
1445089330 35
1445089333 35
1445089336 35
1445089339 35
1445089342 35
1445089345 35
1445089348 35
1445089351 35
1445089354 35
1445089357 35
1445089360 35
1445089363 35
1445089366 35
1445089387 35
1445089390 35
1445089393 35
1445089396 35
1445089399 35
1445089402 35
1445089405 35
1445089408 35
1445089411 35
1445089414 35
1445089418 35
1445089421 35
1445089424 35
1445089427 35
1445089430 35
1445089433 35
1445089436 35
1445089439 35
1445089442 35
1445089445 35
1445089448 35
1445089451 35
1445089454 35
1445089457 35
1445089460 35
1445089463 35
1445089466 35
1445089469 35
1445089472 35
1445089475 35
1445089478 35
1445089481 35
1445089484 35
1445089487 35
1445089490 35
1445089493 35
1445089496 35
1445089499 35
1445089502 35
1445089505 35
1445089508 35
1445089511 35
1445089511 35
1445089511 35
1445089511 35
1445089511 35
1445089511 35
1445089511 35
1445089512 35
1445089512 35
1445089513 35
1445089513 35
1445089513 35
1445089513 35
1445089513 35
1445089513 35
1445089513 35
1445089513 35
1445089513 35
1445089513 35
1445089513 35
1445089513 35
1445089513 35
1445089513 35
1445089514 35
1445089514 35
1445089517 35
1445089517 35
1445089517 35
1445089517 35
1445089520 35
1445089524 35
1445089524 35
1445089524 35
1445089524 35
1445089524 35
1445089524 35
1445089524 35
1445089524 35
1445089524 35
1445089524 35
1445089525 35
1445089525 35
1445089525 35
1445089525 35
1445089525 35
1445089525 35
1445089525 35
1445089525 35
1445089525 35
1445089525 35
1445089525 35
1445089525 35
1445089525 35
1445089526 35
1445089527 35
1445089527 35
1445089527 35
1445089527 35
1445089527 35
1445089530 35
1445089530 35
1445089533 35
1445089533 35
1445089534 35
1445089536 35
1445089536 35
1445089537 35
1445089539 35
1445089539 35
1445089540 35
1445089542 35
1445089542 35
1445089543 35
1445089545 35
1445089545 35
1445089547 35
1445089548 35
1445089548 35
1445089550 35
1445089551 35
1445089551 35
1445089553 35
1445089554 35
1445089554 35
1445089556 35
1445089557 35
1445089557 35
1445089559 35
1445089560 35
1445089560 35
1445089562 35
1445089563 35
1445089563 35
1445089565 35
1445089566 35
1445089566 35
1445089568 35
1445089569 35
1445089569 35
1445089571 35
1445089572 35
1445089572 35
1445089574 35
1445089575 35
1445089575 35
1445089577 35
1445089578 35
1445089578 35
1445089578 35
1445089580 35
1445089581 35
1445089581 35
1445089583 35
1445089584 35
1445089584 35
1445089586 35
1445089587 35
1445089587 35
1445089589 35
1445089590 35
1445089590 35
1445089592 35
1445089593 35
1445089593 35
1445089595 35
1445089596 35
1445089596 35
1445089598 35
1445089599 35
1445089599 35
1445089600 35
1445089601 35
1445089602 35
1445089602 35
1445089604 35
1445089605 35
1445089605 35
1445089607 35
1445089608 35
1445089608 35
1445089610 35
1445089611 35
1445089611 35
1445089611 35
1445089611 35
1445089611 35
1445089611 35
1445089611 35
1445089611 35
1445089611 35
1445089611 35
1445089611 35
1445089611 35
1445089611 35
1445089611 35
1445089611 35
1445089611 35
1445089611 35
1445089611 89
1445089611 35
1445089611 35
1445089611 36
1445089611 164
1445089611 106
1445089611 4
1445089611 106
1445089611 106
1445089611 61
1445089611 15
1445089611 61
1445089611 61
1445089611 61
1445089611 61
1445089611 35
1445089611 35
1445089612 35
1445089612 35
1445089612 35
1445089612 113
1445089612 119
1445089612 170
1445089612 35
1445089612 35
1445089612 113
1445089612 119
1445089612 170
1445089614 35
1445089617 35
1445089620 35
1445089623 35
1445089626 35
1445089629 35
1445089632 35
1445089636 35
1445089639 35
1445089642 35
1445089645 35
1445089648 35
1445089651 35
1445089654 35
1445089655 35
1445089655 35
1445089655 35
1445089655 35
1445089655 35
1445089655 35
1445089655 35
1445089655 35
1445089655 35
1445089655 35
1445089655 35
1445089655 35
1445089655 35
1445089655 35
1445089655 35
1445089655 35
1445089655 35
1445089655 35
1445089655 35
1445089655 35
1445089655 35
1445089655 35
1445089655 35
1445089655 35
1445089655 35
1445089655 35
1445089655 35
1445089656 35
1445089656 17
1445089656 35
1445089656 17
1445089656 35
1445089656 130
1445089656 35
1445089656 130
1445089656 35
1445089656 34
1445089656 70
1445089656 35
1445089656 34
1445089656 130
1445089656 35
1445089656 34
1445089656 17
1445089656 35
1445089656 35
1445089656 35
1445089656 35
1445089657 35
1445089657 35
1445089657 35
1445089657 35
1445089657 35
1445089657 35
