1445092204 26
1445092204 12
1445092204 18
1445092204 27
1445092204 6
1445092204 4
1445092205 2
1445092206 3
1445092206 7
1445092206 11
1445092206 8
1445092206 29
1445092206 13
1445092206 22
1445092206 23
1445092206 24
1445092206 10
1445092208 25
1445092208 20
1445092208 19
1445092208 29
1445092216 30
1445092216 16
1445092217 25
1445092217 20
1445092217 19
1445092217 29
1445092226 30
1445092226 16
1445092227 25
1445092227 20
1445092227 19
1445092227 29
1445092235 30
1445092235 16
1445092236 25
1445092236 20
1445092236 19
1445092236 29
1445092244 30
1445092244 16
1445092245 25
1445092245 20
1445092245 19
1445092245 29
1445092253 30
1445092253 16
1445092253 25
1445092253 20
1445092253 19
1445092253 29
1445092254 14
1445092261 30
1445092261 16
1445092261 25
1445092261 20
1445092261 19
1445092262 31
1445092262 28
1445092262 1
1445092290 5
1445092290 21
1445092290 15
1445092290 17
1445092290 9
