1445235703 8
1445235703 147
1445235703 16
1445235703 102
1445235703 83
1445235704 8
1445235704 147
1445235705 160
1445235706 82
1445235706 67
1445235707 22
1445235707 102
1445235707 3
1445235707 75
1445235707 25
1445235707 25
1445235707 154
1445235709 102
1445235709 25
1445235709 25
1445235709 102
1445235717 75
1445235717 25
1445235717 102
1445235717 25
1445235717 25
1445235717 102
1445235725 75
1445235725 25
1445235726 102
1445235726 25
1445235726 25
1445235726 102
1445235734 75
1445235734 25
1445235735 102
1445235735 25
1445235735 25
1445235735 102
1445235743 75
1445235743 25
1445235744 102
1445235744 25
1445235744 25
1445235744 102
1445235752 75
1445235752 25
1445235752 102
1445235752 25
1445235752 25
1445235752 102
1445235753 67
1445235760 75
1445235760 25
1445235760 102
1445235760 25
1445235760 25
1445235761 75
1445235761 102
1445235761 160
1445235783 129
1445235783 3
1445235783 16
1445235783 16
1445235783 111
