1445088355 43
1445088355 41
1445088355 42
1445088356 44
1445088356 34
1445088356 28
1445088357 6
1445088358 25
1445088358 35
1445088358 40
1445088359 38
1445088359 33
1445088359 23
1445088359 14
1445088359 18
1445088359 15
1445088359 1
1445088359 19
1445088359 13
1445088365 29
1445088365 12
1445088365 14
1445088365 18
1445088365 1
1445088365 19
1445088365 13
1445088368 29
1445088368 19
1445088368 13
1445088371 29
1445088371 19
1445088371 13
1445088374 29
1445088374 19
1445088374 13
1445088376 29
1445088376 19
1445088376 13
1445088379 29
1445088379 4
1445088453 15
1445088453 14
1445088453 18
1445088453 1
1445088453 19
1445088453 13
1445088457 29
1445088457 5
1445088490 15
1445088490 14
1445088490 18
1445088490 1
1445088490 19
1445088490 13
1445088492 29
1445088493 9
1445088493 14
1445088493 15
1445088493 18
1445088493 1
1445088493 19
1445088493 13
1445088496 29
1445088496 8
1445088541 15
1445088541 14
1445088541 18
1445088541 1
1445088541 19
1445088541 13
1445088542 15
1445088544 29
1445088544 7
1445088544 14
1445088544 18
1445088544 1
1445088544 19
1445088544 13
1445088548 29
1445088548 10
1445088575 15
1445088575 22
1445088575 21
1445088575 1
1445088575 19
1445088575 13
1445088585 15
1445088711 29
1445088711 20
1445088711 22
1445088711 21
1445088711 1
1445088711 19
1445088711 13
1445088756 29
1445088756 17
1445088756 24
1445088756 11
1445088756 36
1445088756 32
1445088756 46
1445088756 39
1445088969 2
1445088969 16
1445089425 26
1445089425 50
1445089425 48
1445089425 49
1445089425 47
1445089425 27
1445089425 31
1445089550 30
1445089551 37
1445089551 3
1445089551 45
