1445088355 8
1445088355 147
1445088355 16
1445088356 102
1445088356 83
1445088356 8
1445088357 147
1445088358 160
1445088358 82
1445088358 67
1445088359 154
1445088359 0
1445088359 58
1445088359 78
1445088359 78
1445088359 58
1445088359 60
1445088359 60
1445088359 167
1445088365 167
1445088365 1
1445088365 78
1445088365 78
1445088365 60
1445088365 60
1445088365 167
1445088368 167
1445088368 60
1445088368 167
1445088371 167
1445088371 60
1445088371 167
1445088374 167
1445088374 60
1445088374 167
1445088376 167
1445088376 60
1445088376 167
1445088379 167
1445088379 1
1445088453 58
1445088453 78
1445088453 78
1445088453 60
1445088453 60
1445088453 167
1445088457 167
1445088457 1
1445088490 58
1445088490 78
1445088490 78
1445088490 60
1445088490 60
1445088490 167
1445088492 167
1445088493 1
1445088493 78
1445088493 58
1445088493 78
1445088493 60
1445088493 60
1445088493 167
1445088496 167
1445088496 1
1445088541 58
1445088541 78
1445088541 78
1445088541 60
1445088541 60
1445088541 167
1445088542 58
1445088544 167
1445088544 1
1445088544 78
1445088544 78
1445088544 60
1445088544 60
1445088544 167
1445088548 167
1445088548 1
1445088575 58
1445088575 78
1445088575 78
1445088575 60
1445088575 60
1445088575 167
1445088585 58
1445088711 167
1445088711 66
1445088711 78
1445088711 78
1445088711 60
1445088711 60
1445088711 167
1445088756 167
1445088756 66
1445088756 58
1445088756 0
1445088756 120
1445088756 120
1445088756 102
1445088756 147
1445088969 160
1445088969 60
1445089425 168
1445089425 158
1445089425 117
1445089425 117
1445089425 149
1445089425 168
1445089425 168
1445089550 129
1445089551 129
1445089551 167
1445089551 3
