1445073326 19
1445073326 10
1445073326 14
1445073326 20
1445073326 6
1445073326 3
1445073326 2
1445073327 5
1445073327 7
1445073327 12
1445073328 8
1445073328 27
1445073328 9
1445073328 18
1445073328 22
1445073328 23
1445073328 11
1445073331 21
1445073331 15
1445073331 16
1445073331 27
1445073340 28
1445073340 17
1445073342 21
1445073342 15
1445073342 16
1445073342 27
1445073353 28
1445073353 17
1445073356 21
1445073356 15
1445073356 16
1445073356 27
1445073364 28
1445073364 17
1445073366 21
1445073366 15
1445073366 16
1445073366 27
1445073375 28
1445073375 17
1445073376 21
1445073376 15
1445073376 16
1445073376 27
1445073384 28
1445073384 17
1445073385 21
1445073385 15
1445073385 16
1445073385 27
1445073395 28
1445073395 17
1445073396 21
1445073396 15
1445073396 16
1445073396 27
1445073405 28
1445073405 17
1445073407 13
1445073407 21
1445073407 15
1445073407 16
1445073415 26
1445073415 25
1445073415 1
1445073446 4
1445073446 24
