1445073326 8
1445073326 147
1445073326 16
1445073326 102
1445073326 83
1445073326 8
1445073326 147
1445073327 160
1445073327 82
1445073327 67
1445073328 22
1445073328 102
1445073328 3
1445073328 75
1445073328 25
1445073328 25
1445073328 154
1445073331 102
1445073331 25
1445073331 25
1445073331 102
1445073340 75
1445073340 25
1445073342 102
1445073342 25
1445073342 25
1445073342 102
1445073353 75
1445073353 25
1445073356 102
1445073356 25
1445073356 25
1445073356 102
1445073364 75
1445073364 25
1445073366 102
1445073366 25
1445073366 25
1445073366 102
1445073375 75
1445073375 25
1445073376 102
1445073376 25
1445073376 25
1445073376 102
1445073384 75
1445073384 25
1445073385 102
1445073385 25
1445073385 25
1445073385 102
1445073395 75
1445073395 25
1445073396 102
1445073396 25
1445073396 25
1445073396 102
1445073405 75
1445073405 25
1445073407 67
1445073407 102
1445073407 25
1445073407 25
1445073415 75
1445073415 102
1445073415 160
1445073446 129
1445073446 3
