1445163452 20
1445163452 9
1445163452 13
1445163452 15
1445163452 4
1445163452 2
1445163453 1
1445163455 3
1445163456 5
1445163457 10
1445163459 6
1445163460 21
1445163460 7
1445163460 19
1445163460 16
1445163460 17
1445163460 8
1445163473 18
1445163473 11
1445163473 12
1445163473 21
1445163510 22
1445163510 14
1445163516 18
1445163516 11
1445163516 12
1445163516 21
1445163551 22
1445163551 14
1445163557 18
1445163557 11
1445163557 12
1445163557 21
1445163586 22
1445163586 14
1445163591 18
1445163591 11
1445163591 12
1445163591 21
1445163620 22
1445163620 14
1445163625 18
1445163625 11
1445163625 12
1445163625 21
1445163657 22
1445163657 14
1445163664 18
1445163664 11
1445163664 12
1445163664 21
1445163699 22
1445163699 14
