1445163452 8
1445163452 147
1445163452 16
1445163452 102
1445163452 83
1445163452 8
1445163453 147
1445163455 160
1445163456 82
1445163457 67
1445163459 22
1445163460 102
1445163460 3
1445163460 75
1445163460 25
1445163460 25
1445163460 154
1445163473 102
1445163473 25
1445163473 25
1445163473 102
1445163510 75
1445163510 25
1445163516 102
1445163516 25
1445163516 25
1445163516 102
1445163551 75
1445163551 25
1445163557 102
1445163557 25
1445163557 25
1445163557 102
1445163586 75
1445163586 25
1445163591 102
1445163591 25
1445163591 25
1445163591 102
1445163620 75
1445163620 25
1445163625 102
1445163625 25
1445163625 25
1445163625 102
1445163657 75
1445163657 25
1445163664 102
1445163664 25
1445163664 25
1445163664 102
1445163699 75
1445163699 25
