1445248495 8
1445248496 147
1445248496 16
1445248496 102
1445248496 83
1445248496 8
1445248501 147
1445248502 160
1445248504 82
1445248504 67
1445248510 22
1445248511 102
1445248511 3
1445248511 75
1445248511 25
1445248511 25
1445248511 154
1445248524 102
1445248524 25
1445248524 25
1445248524 102
1445248555 75
1445248555 25
1445248565 102
1445248565 25
1445248565 25
1445248565 102
1445248591 75
1445248591 25
1445248602 102
1445248602 25
1445248602 25
1445248602 102
1445248638 75
1445248639 25
1445248645 102
1445248645 25
1445248645 25
1445248645 102
1445248686 75
1445248686 25
1445248693 102
1445248693 25
1445248693 25
1445248693 102
1445248739 75
1445248739 25
1445248746 102
1445248746 25
1445248746 25
1445248746 102
1445248788 75
1445248788 25
1445248795 102
1445248795 25
1445248795 25
1445248795 102
1445248827 75
1445248827 25
1445248831 67
1445248831 102
1445248831 25
1445248831 25
1445248854 75
1445248854 102
1445248855 160
1445248918 129
1445248918 3
1445248918 16
1445248918 16
1445248918 111
