1445071682 8
1445071682 147
1445071682 16
1445071683 102
1445071683 83
1445071683 8
1445071684 147
1445071686 160
1445071688 82
1445071688 67
1445071691 22
1445071691 102
1445071691 3
1445071691 75
1445071691 25
1445071691 25
1445071691 154
1445071725 102
1445071725 25
1445071725 25
1445071725 102
1445071771 75
1445071772 25
1445071794 102
1445071794 25
1445071794 25
1445071794 102
1445071821 75
1445071822 25
1445071829 102
1445071829 25
1445071829 25
1445071829 102
1445071867 75
1445071867 25
1445071893 102
1445071893 25
1445071893 25
1445071893 102
1445071930 75
1445071930 25
1445071948 102
1445071948 25
1445071948 25
1445071948 102
1445071984 75
1445071984 25
1445071995 102
1445071995 25
1445071995 25
1445071995 102
1445072024 75
1445072024 25
1445072029 102
1445072029 25
1445072029 25
1445072029 102
1445072058 75
1445072058 25
1445072061 67
1445072061 102
1445072061 25
1445072061 25
1445072083 75
1445072083 102
1445072083 160
1445072143 129
1445072144 3
1445072144 16
1445072144 16
1445072144 111
