1445072008 19
1445072008 11
1445072008 15
1445072008 20
1445072008 6
1445072008 5
1445072008 2
1445072009 3
1445072009 8
1445072009 12
1445072010 7
1445072010 28
1445072010 13
1445072010 18
1445072010 22
1445072010 23
1445072010 9
1445072014 24
1445072014 17
1445072014 14
1445072014 28
1445072024 27
1445072024 16
1445072025 24
1445072025 17
1445072025 14
1445072025 28
1445072035 27
1445072035 16
1445072037 24
1445072037 17
1445072037 14
1445072037 28
1445072049 27
1445072049 16
1445072051 24
1445072051 17
1445072051 14
1445072051 28
1445072062 27
1445072062 16
1445072063 24
1445072063 17
1445072063 14
1445072063 28
1445072075 27
1445072075 16
1445072077 24
1445072077 17
1445072077 14
1445072077 28
1445072087 27
1445072087 16
1445072089 24
1445072089 17
1445072089 14
1445072089 28
1445072098 27
1445072098 16
1445072099 10
1445072099 24
1445072099 17
1445072099 14
1445072108 26
1445072108 25
1445072108 1
1445072147 4
1445072147 21
