1445088274 20
1445088274 9
1445088274 11
1445088274 18
1445088274 4
1445088275 3
1445088278 1
1445088282 2
1445088284 5
1445088285 7
1445088286 6
1445088287 21
1445088287 8
1445088287 15
1445088287 16
1445088287 17
1445088287 10
1445088298 19
1445088298 14
1445088298 13
1445088298 21
1445088338 22
1445088338 12
1445088345 19
1445088345 14
1445088345 13
1445088345 21
1445088385 22
1445088385 12
1445088390 19
1445088390 14
1445088390 13
1445088390 21
1445088428 22
1445088428 12
1445088433 19
1445088433 14
1445088433 13
1445088433 21
