1445175427 25
1445175427 9
1445175427 17
1445175427 22
1445175427 6
1445175427 3
1445175427 2
1445175428 4
1445175428 8
1445175428 10
1445175428 7
1445175428 26
1445175428 13
1445175428 23
1445175428 19
1445175428 18
1445175428 11
1445175430 20
1445175430 15
1445175430 14
1445175430 26
1445175438 27
1445175438 16
1445175439 20
1445175439 15
1445175439 14
1445175439 26
1445175446 27
1445175446 16
1445175447 20
1445175447 15
1445175447 14
1445175447 26
1445175455 27
1445175455 16
1445175456 20
1445175456 15
1445175456 14
1445175456 26
1445175465 27
1445175465 16
1445175466 20
1445175466 15
1445175466 14
1445175466 26
1445175476 27
1445175476 16
1445175477 20
1445175477 15
1445175477 14
1445175477 26
1445175478 12
1445175487 27
1445175487 16
1445175487 20
1445175487 15
1445175487 14
1445175488 28
1445175488 21
1445175488 1
1445175510 5
1445175510 24
