1445175427 8
1445175427 147
1445175427 16
1445175427 102
1445175427 83
1445175427 8
1445175427 147
1445175428 160
1445175428 82
1445175428 67
1445175428 22
1445175428 102
1445175428 3
1445175428 75
1445175428 25
1445175428 25
1445175428 154
1445175430 102
1445175430 25
1445175430 25
1445175430 102
1445175438 75
1445175438 25
1445175439 102
1445175439 25
1445175439 25
1445175439 102
1445175446 75
1445175446 25
1445175447 102
1445175447 25
1445175447 25
1445175447 102
1445175455 75
1445175455 25
1445175456 102
1445175456 25
1445175456 25
1445175456 102
1445175465 75
1445175465 25
1445175466 102
1445175466 25
1445175466 25
1445175466 102
1445175476 75
1445175476 25
1445175477 102
1445175477 25
1445175477 25
1445175477 102
1445175478 67
1445175487 75
1445175487 25
1445175487 102
1445175487 25
1445175487 25
1445175488 75
1445175488 102
1445175488 160
1445175510 129
1445175510 3
