1445092009 28
1445092009 10
1445092009 16
1445092009 24
1445092009 6
1445092009 4
1445092010 2
1445092011 5
1445092011 7
1445092011 13
1445092012 8
1445092012 29
1445092012 9
1445092012 26
1445092012 27
1445092012 23
1445092012 12
1445092014 25
1445092014 20
1445092014 17
1445092014 29
1445092022 31
1445092022 19
1445092023 25
1445092023 20
1445092023 17
1445092023 29
1445092031 31
1445092031 19
1445092032 25
1445092032 20
1445092032 17
1445092032 29
1445092040 31
1445092040 19
1445092041 25
1445092041 20
1445092041 17
1445092041 29
1445092048 31
1445092048 19
1445092049 25
1445092049 20
1445092049 17
1445092049 29
1445092057 31
1445092057 19
1445092058 25
1445092058 20
1445092058 17
1445092058 29
1445092058 14
1445092065 31
1445092065 19
1445092065 25
1445092065 20
1445092065 17
1445092066 30
1445092066 22
1445092066 1
1445092100 3
1445092100 21
1445092100 15
1445092100 18
1445092100 11
