1445067485 22
1445067485 11
1445067485 17
1445067485 21
1445067485 6
1445067485 3
1445067485 2
1445067487 5
1445067488 7
1445067488 9
1445067488 8
1445067488 28
1445067488 13
1445067488 20
1445067488 24
1445067488 18
1445067488 10
1445067496 23
1445067496 14
1445067496 16
1445067496 28
1445067505 27
1445067505 15
1445067511 23
1445067511 14
1445067511 16
1445067511 28
1445067520 27
1445067520 15
1445067526 23
1445067526 14
1445067526 16
1445067526 28
1445067536 27
1445067536 15
1445067541 23
1445067541 14
1445067541 16
1445067541 28
1445067549 27
1445067549 15
1445067556 23
1445067556 14
1445067556 16
1445067556 28
1445067566 27
1445067567 15
1445067573 23
1445067573 14
1445067573 16
1445067573 28
1445067583 27
1445067583 15
1445067591 23
1445067591 14
1445067591 16
1445067591 28
1445067601 27
1445067601 15
1445067606 12
1445067606 23
1445067606 14
1445067606 16
1445067614 26
1445067614 19
1445067614 1
1445067650 4
1445067650 25
