1445176037 38
1445176037 33
1445176037 35
1445176037 39
1445176037 26
1445176037 23
1445176038 6
1445176038 20
1445176039 29
1445176039 34
1445176039 31
1445176039 28
1445176039 21
1445176039 15
1445176039 14
1445176039 11
1445176039 1
1445176039 12
1445176039 9
1445176040 22
1445176040 5
1445176040 15
1445176040 14
1445176040 1
1445176040 12
1445176040 9
1445176042 22
1445176042 12
1445176042 9
1445176043 22
1445176043 12
1445176043 9
1445176044 22
1445176044 12
1445176044 9
1445176045 22
1445176045 12
1445176045 9
1445176046 22
1445176046 4
1445176055 11
1445176055 15
1445176055 14
1445176055 1
1445176055 12
1445176055 9
1445176057 22
1445176057 8
1445176111 11
1445176111 19
1445176111 18
1445176111 1
1445176111 12
1445176111 9
1445176120 11
1445176120 15
1445176120 14
1445176120 1
1445176120 12
1445176120 9
1445176121 22
1445176121 7
1445176126 11
1445176135 22
1445176135 13
1445176135 19
1445176135 18
1445176135 1
1445176135 12
1445176135 9
1445176166 22
1445176166 16
1445176166 24
1445176166 10
1445176166 30
1445176166 27
1445176166 37
1445176166 2
1445176166 17
1445176477 25
1445176477 32
1445176477 3
1445176477 36
