1445068026 19
1445068026 7
1445068026 14
1445068026 18
1445068026 4
1445068026 3
1445068028 1
1445068029 2
1445068030 5
1445068030 8
1445068030 6
1445068030 21
1445068030 10
1445068030 16
1445068030 15
1445068030 17
1445068030 9
1445068048 20
1445068048 13
1445068048 12
1445068048 21
1445068067 22
1445068067 11
1445068071 20
1445068071 13
1445068071 12
1445068071 21
1445068090 22
1445068090 11
1445068095 20
1445068095 13
1445068095 12
1445068095 21
1445068117 22
1445068117 11
1445068121 20
1445068121 13
1445068121 12
1445068121 21
1445068139 22
1445068139 11
1445068144 20
1445068144 13
1445068144 12
1445068144 21
