1445068026 8
1445068026 147
1445068026 16
1445068026 102
1445068026 83
1445068026 8
1445068028 147
1445068029 160
1445068030 82
1445068030 67
1445068030 22
1445068030 102
1445068030 3
1445068030 75
1445068030 25
1445068030 25
1445068030 154
1445068048 102
1445068048 25
1445068048 25
1445068048 102
1445068067 75
1445068067 25
1445068071 102
1445068071 25
1445068071 25
1445068071 102
1445068090 75
1445068090 25
1445068095 102
1445068095 25
1445068095 25
1445068095 102
1445068117 75
1445068117 25
1445068121 102
1445068121 25
1445068121 25
1445068121 102
1445068139 75
1445068139 25
1445068144 102
1445068144 25
1445068144 25
1445068144 102
