1445092139 28
1445092139 9
1445092139 19
1445092139 24
1445092139 6
1445092139 5
1445092140 2
1445092140 3
1445092141 8
1445092141 12
1445092141 7
1445092142 31
1445092142 10
1445092142 25
1445092142 22
1445092142 23
1445092142 13
1445092144 27
1445092144 15
1445092144 20
1445092144 31
1445092155 30
1445092155 17
1445092156 27
1445092156 15
1445092156 20
1445092156 31
1445092165 30
1445092165 17
1445092166 27
1445092166 15
1445092166 20
1445092166 31
1445092175 30
1445092175 17
1445092176 27
1445092176 15
1445092176 20
1445092176 31
1445092185 30
1445092186 17
1445092187 27
1445092187 15
1445092187 20
1445092187 31
1445092197 30
1445092197 17
1445092199 27
1445092199 15
1445092199 20
1445092199 31
1445092199 14
1445092209 30
1445092209 17
1445092209 27
1445092209 15
1445092209 20
1445092211 29
1445092216 26
1445092216 1
1445092318 4
1445092319 21
1445092319 18
1445092319 16
1445092319 11
