1445092139 8
1445092139 147
1445092139 16
1445092139 102
1445092139 83
1445092139 8
1445092140 147
1445092140 160
1445092141 82
1445092141 67
1445092141 22
1445092142 102
1445092142 3
1445092142 75
1445092142 25
1445092142 25
1445092142 154
1445092144 102
1445092144 25
1445092144 25
1445092144 102
1445092155 75
1445092155 25
1445092156 102
1445092156 25
1445092156 25
1445092156 102
1445092165 75
1445092165 25
1445092166 102
1445092166 25
1445092166 25
1445092166 102
1445092175 75
1445092175 25
1445092176 102
1445092176 25
1445092176 25
1445092176 102
1445092185 75
1445092186 25
1445092187 102
1445092187 25
1445092187 25
1445092187 102
1445092197 75
1445092197 25
1445092199 102
1445092199 25
1445092199 25
1445092199 102
1445092199 67
1445092209 75
1445092209 25
1445092209 102
1445092209 25
1445092209 25
1445092211 75
1445092216 102
1445092216 160
1445092318 129
1445092319 3
1445092319 16
1445092319 16
1445092319 111
