1445095251 18
1445095251 10
1445095251 16
1445095251 22
1445095251 6
1445095252 3
1445095252 2
1445095254 4
1445095255 7
1445095255 11
1445095255 8
1445095256 26
1445095256 12
1445095256 25
1445095256 24
1445095256 23
1445095256 9
1445095258 19
1445095258 15
1445095258 14
1445095258 26
1445095267 28
1445095267 17
1445095268 19
1445095268 15
1445095268 14
1445095268 26
1445095275 28
1445095275 17
1445095276 19
1445095276 15
1445095276 14
1445095276 26
1445095285 28
1445095285 17
1445095286 19
1445095286 15
1445095286 14
1445095286 26
1445095294 28
1445095294 17
1445095295 19
1445095295 15
1445095295 14
1445095295 26
1445095303 28
1445095303 17
1445095304 19
1445095304 15
1445095304 14
1445095304 26
1445095304 13
1445095312 28
1445095312 17
1445095312 19
1445095312 15
1445095312 14
1445095313 27
1445095313 21
1445095313 1
1445095337 5
1445095337 20
