1445235726 22
1445235726 8
1445235726 13
1445235726 19
1445235726 5
1445235726 3
1445235727 2
1445235729 4
1445235731 6
1445235731 9
1445235732 7
1445235732 24
1445235732 11
1445235732 17
1445235732 18
1445235732 23
1445235732 10
1445235750 21
1445235750 15
1445235750 14
1445235750 24
1445235789 26
1445235789 16
1445235794 21
1445235794 15
1445235794 14
1445235794 24
1445235831 26
1445235831 16
1445235837 21
1445235837 15
1445235837 14
1445235837 24
1445235871 26
1445235871 16
1445235882 21
1445235882 15
1445235882 14
1445235882 24
1445235921 26
1445235921 16
1445235931 12
1445235931 21
1445235931 15
1445235931 14
1445235964 25
1445235965 20
1445235966 1
