1445175486 20
1445175486 9
1445175486 14
1445175486 25
1445175486 6
1445175486 3
1445175486 2
1445175486 5
1445175487 7
1445175487 13
1445175487 8
1445175487 26
1445175487 11
1445175487 24
1445175487 19
1445175487 21
1445175487 12
1445175489 23
1445175489 15
1445175489 16
1445175489 26
1445175497 28
1445175499 17
1445175501 23
1445175501 15
1445175501 16
1445175501 26
1445175509 28
1445175509 17
1445175511 23
1445175511 15
1445175511 16
1445175511 26
1445175520 28
1445175522 17
1445175524 23
1445175524 15
1445175524 16
1445175524 26
1445175533 28
1445175533 17
1445175534 23
1445175534 15
1445175534 16
1445175534 26
1445175543 28
1445175543 17
1445175544 23
1445175544 15
1445175544 16
1445175544 26
1445175545 10
1445175554 28
1445175554 17
1445175554 23
1445175554 15
1445175554 16
1445175555 27
1445175555 18
1445175555 1
1445175579 4
1445175579 22
