1445067827 33
1445067828 33
1445067828 33
1445067828 33
1445067829 33
1445067829 33
1445067829 33
1445067829 33
1445067829 33
1445067829 33
1445067829 33
1445067829 33
1445067829 33
1445067829 33
1445067829 33
1445067829 33
1445067829 33
1445067829 33
1445067829 33
1445067829 33
1445067829 33
1445067829 33
1445067829 33
1445067829 33
1445067829 33
1445067829 33
1445067829 33
1445067829 33
1445067829 33
1445067829 33
1445067829 33
1445067829 33
1445067829 33
1445067829 33
1445067830 8
1445067830 33
1445067830 33
1445067830 33
1445067830 33
1445067830 33
1445067830 33
1445067830 33
1445067830 31
1445067830 1
1445067830 27
1445067830 33
1445067831 33
1445067831 33
1445067831 33
1445067831 33
1445067831 33
1445067831 33
1445067831 33
1445067831 33
1445067831 33
1445067831 33
1445067831 33
1445067831 33
1445067831 33
1445067831 33
1445067831 33
1445067831 33
1445067831 33
1445067831 33
1445067831 33
1445067831 33
1445067831 33
1445067831 33
1445067831 33
1445067831 33
1445067831 33
1445067831 33
1445067831 33
1445067831 33
1445067831 33
1445067831 33
1445067831 33
1445067831 33
1445067831 33
1445067831 33
1445067831 33
1445067831 33
1445067831 33
1445067831 33
1445067831 33
1445067831 33
1445067831 33
1445067831 33
1445067831 33
1445067831 33
1445067831 33
1445067831 33
1445067831 33
1445067831 33
1445067831 33
1445067831 33
1445067831 33
1445067831 33
1445067831 33
1445067831 33
1445067831 33
1445067831 33
1445067831 33
1445067831 33
1445067831 33
1445067831 33
1445067831 33
1445067831 33
1445067832 33
1445067832 33
1445067832 33
1445067832 33
1445067832 33
1445067832 33
1445067833 33
1445067833 33
1445067833 33
1445067833 33
1445067834 33
1445067834 33
1445067834 33
1445067834 33
1445067835 33
1445067835 33
1445067835 33
1445067835 33
1445067836 33
1445067836 33
1445067836 33
1445067836 33
1445067837 33
1445067837 33
1445067837 33
1445067837 33
1445067838 33
1445067838 33
1445067838 33
1445067838 33
1445067839 33
1445067839 33
1445067839 33
1445067839 33
1445067840 33
1445067840 33
1445067840 33
1445067840 33
1445067841 33
1445067841 33
1445067841 33
1445067841 33
1445067842 33
1445067842 33
1445067842 33
1445067842 33
1445067843 33
1445067843 33
1445067843 33
1445067843 33
1445067844 33
1445067844 33
1445067844 33
1445067844 33
1445067845 33
1445067845 33
1445067845 33
1445067845 33
1445067846 33
1445067846 33
1445067846 33
1445067846 33
1445067847 33
1445067847 33
1445067847 33
1445067847 33
1445067848 33
1445067848 33
1445067848 33
1445067848 33
1445067849 33
1445067849 33
1445067849 33
1445067849 33
1445067850 33
1445067850 33
1445067850 33
1445067850 33
1445067851 33
1445067851 33
1445067851 33
1445067851 33
1445067852 33
1445067852 33
1445067852 33
1445067852 33
1445067853 33
1445067853 18
1445067853 14
1445067853 17
1445067853 11
1445067853 33
1445067853 33
1445067853 33
1445067853 33
1445067853 33
1445067853 33
1445067854 33
1445067854 33
1445067854 33
1445067854 33
1445067855 33
1445067855 33
1445067855 33
1445067855 33
1445067856 33
1445067856 33
1445067856 33
1445067856 33
1445067857 33
1445067857 33
1445067857 33
1445067857 33
1445067857 33
1445067857 33
1445067858 33
1445067858 33
1445067858 33
1445067858 33
1445067858 33
1445067858 33
1445067858 33
1445067858 33
1445067858 33
1445067858 33
1445067858 33
1445067858 33
1445067858 33
1445067858 33
1445067858 33
1445067858 33
1445067858 33
1445067859 33
1445067859 33
1445067860 33
1445067860 33
1445067860 33
1445067860 33
1445067860 33
1445067861 33
1445067861 33
1445067862 33
1445067862 33
1445067863 33
1445067863 33
1445067864 33
1445067864 33
1445067865 33
1445067865 33
1445067866 33
1445067866 33
1445067867 33
1445067867 33
1445067867 33
1445067868 33
1445067868 33
1445067869 33
1445067869 33
1445067870 33
1445067870 33
1445067870 33
1445067871 33
1445067871 33
1445067872 33
1445067872 33
1445067873 33
1445067873 33
1445067873 33
1445067874 33
1445067874 33
1445067875 33
1445067875 33
1445067876 33
1445067876 33
1445067876 33
1445067877 33
1445067877 33
1445067878 33
1445067878 33
1445067878 33
1445067878 33
1445067878 33
1445067878 33
1445067878 33
1445067878 33
1445067878 33
1445067878 33
1445067878 33
1445067879 33
1445067879 33
1445067879 33
1445067879 33
1445067879 33
1445067879 33
1445067879 33
1445067879 33
1445067879 33
1445067880 33
1445067880 33
1445067881 33
1445067881 33
1445067882 33
1445067882 33
1445067882 33
1445067883 33
1445067883 33
1445067884 33
1445067884 33
1445067885 33
1445067885 33
1445067885 33
1445067886 33
1445067886 33
1445067886 33
1445067886 33
1445067886 33
1445067887 33
1445067887 33
1445067888 33
1445067888 33
1445067888 33
1445067888 33
1445067888 33
1445067888 33
1445067888 33
1445067888 33
1445067889 33
1445067889 33
1445067889 33
1445067889 33
1445067889 33
1445067889 33
1445067889 33
1445067889 33
1445067889 33
1445067890 33
1445067890 33
1445067890 33
1445067891 33
1445067891 33
1445067891 33
1445067892 33
1445067892 33
1445067893 33
1445067893 33
1445067893 33
1445067893 33
1445067893 33
1445067894 33
1445067894 33
1445067894 33
1445067895 33
1445067895 33
1445067896 33
1445067896 33
1445067897 33
1445067897 33
1445067897 33
1445067898 33
1445067898 33
1445067899 33
1445067899 33
1445067900 33
1445067900 33
1445067900 33
1445067901 33
1445067901 33
1445067901 33
1445067902 33
1445067902 33
1445067902 33
1445067903 33
1445067903 33
1445067903 33
1445067904 33
1445067904 33
1445067905 33
1445067905 33
1445067905 33
1445067905 33
1445067906 33
1445067906 33
1445067906 33
1445067907 33
1445067907 33
1445067908 33
1445067908 33
1445067908 33
1445067908 33
1445067908 33
1445067908 33
1445067908 33
1445067908 33
1445067908 33
1445067908 33
1445067908 33
1445067908 33
1445067908 33
1445067908 33
1445067908 33
1445067909 33
1445067909 33
1445067909 33
1445067909 33
1445067909 33
1445067909 33
1445067910 33
1445067910 33
1445067910 33
1445067910 33
1445067910 33
1445067910 33
1445067910 33
1445067910 33
1445067910 33
1445067910 33
1445067910 33
1445067910 33
1445067910 33
1445067910 33
1445067910 33
1445067911 33
1445067911 33
1445067911 33
1445067911 33
1445067911 33
1445067911 33
1445067912 33
1445067912 33
1445067912 33
1445067913 33
1445067913 33
1445067913 33
1445067913 33
1445067913 33
1445067914 33
1445067914 33
1445067914 33
1445067914 33
1445067914 33
1445067914 33
1445067914 33
1445067914 33
1445067914 33
1445067914 33
1445067914 33
1445067914 33
1445067914 33
1445067914 33
1445067914 33
1445067914 33
1445067914 33
1445067914 33
1445067915 33
1445067915 33
1445067915 33
1445067915 33
1445067916 33
1445067916 33
1445067917 33
1445067917 33
1445067917 33
1445067917 33
1445067918 33
1445067918 33
1445067918 33
1445067919 33
1445067919 33
1445067919 33
1445067920 33
1445067920 33
1445067920 33
1445067921 33
1445067921 33
1445067921 33
1445067921 33
1445067921 33
1445067922 33
1445067922 33
1445067922 33
1445067923 33
1445067923 33
1445067923 33
1445067923 33
1445067923 33
1445067923 33
1445067924 33
1445067924 33
1445067924 33
1445067924 33
1445067924 33
1445067925 33
1445067925 33
1445067925 33
1445067926 33
1445067926 33
1445067926 33
1445067927 33
1445067927 33
1445067927 33
1445067927 33
1445067927 33
1445067928 33
1445067928 33
1445067928 33
1445067929 33
1445067929 33
1445067929 33
1445067930 33
1445067930 33
1445067930 33
1445067930 33
1445067930 33
1445067931 33
1445067931 33
1445067931 33
1445067932 33
1445067932 33
1445067932 33
1445067933 33
1445067933 33
1445067933 33
1445067933 33
1445067934 33
1445067934 33
1445067934 33
1445067934 33
1445067935 33
1445067935 33
1445067935 33
1445067936 33
1445067936 33
1445067936 33
1445067937 33
1445067937 33
1445067937 33
1445067937 33
1445067937 33
1445067937 33
1445067938 33
1445067938 33
1445067938 33
1445067939 33
1445067939 33
1445067939 33
1445067940 33
1445067940 33
1445067940 33
1445067940 33
1445067940 33
1445067940 33
1445067941 33
1445067941 33
1445067941 33
1445067942 33
1445067942 33
1445067942 33
1445067943 33
1445067943 33
1445067943 33
1445067943 33
1445067943 33
1445067943 33
1445067943 33
1445067943 33
1445067943 33
1445067943 33
1445067943 33
1445067943 33
1445067943 33
1445067943 33
1445067943 33
1445067943 33
1445067943 33
1445067943 33
1445067943 33
1445067944 33
1445067944 33
1445067944 33
1445067944 33
1445067945 33
1445067945 33
1445067945 33
1445067946 33
1445067946 33
1445067946 33
1445067946 33
1445067946 33
1445067946 33
1445067946 33
1445067947 33
1445067947 33
1445067947 33
1445067947 33
1445067947 33
1445067948 33
1445067948 33
1445067949 33
1445067949 33
1445067949 33
1445067949 33
1445067950 33
1445067950 33
1445067950 33
1445067950 33
1445067950 33
1445067950 33
1445067951 33
1445067951 33
1445067952 33
1445067952 33
1445067952 33
1445067952 33
1445067953 33
1445067953 33
1445067953 33
1445067953 33
1445067953 33
1445067953 33
1445067953 33
1445067954 33
1445067954 33
1445067955 33
1445067955 33
1445067955 33
1445067955 33
1445067956 33
1445067956 33
1445067956 33
1445067956 33
1445067956 33
1445067956 33
1445067956 33
1445067956 33
1445067956 33
1445067956 33
1445067956 33
1445067956 33
1445067956 33
1445067956 33
1445067956 33
1445067956 33
1445067956 33
1445067956 33
1445067956 33
1445067956 33
1445067956 33
1445067956 33
1445067956 33
1445067956 33
1445067956 33
1445067956 33
1445067956 33
1445067956 33
1445067956 33
1445067957 33
1445067957 33
1445067957 33
1445067957 33
1445067957 33
1445067957 33
1445067957 33
1445067957 33
1445067957 33
1445067957 33
1445067957 33
1445067957 33
1445067957 33
1445067957 33
1445067957 33
1445067957 33
1445067957 33
1445067957 33
1445067957 33
1445067958 33
1445067958 33
1445067958 33
1445067958 33
1445067958 33
1445067958 33
1445067958 33
1445067958 33
1445067959 33
1445067959 33
1445067959 3
1445067959 33
1445067959 33
1445067959 33
1445067959 33
1445067959 33
1445067959 33
1445067959 33
1445067959 33
1445067960 33
1445067960 33
1445067960 33
1445067960 33
1445067960 33
1445067961 33
1445067961 33
1445067962 33
1445067962 33
1445067963 33
1445067963 33
1445067964 33
1445067964 33
1445067964 33
1445067965 33
1445067965 33
1445067965 33
1445067966 33
1445067966 33
1445067967 33
1445067967 33
1445067967 33
1445067967 33
1445067968 33
1445067968 33
1445067968 33
1445067968 33
1445067968 33
1445067968 33
1445067970 33
1445067970 33
1445067970 33
1445067970 33
1445067970 33
1445067971 33
1445067971 33
1445067971 33
1445067971 33
1445067973 33
1445067973 33
1445067973 33
1445067973 33
1445067973 33
1445067974 33
1445067974 33
1445067974 33
1445067974 33
1445067976 33
1445067976 33
1445067976 33
1445067976 33
1445067976 33
1445067977 33
1445067977 33
1445067977 33
1445067977 33
1445067979 33
1445067979 33
1445067979 33
1445067979 33
1445067979 33
1445067980 33
1445067980 33
1445067980 33
1445067980 33
1445067980 33
1445067980 33
1445067982 33
1445067982 33
1445067982 33
1445067983 33
1445067983 33
1445067983 33
1445067983 33
1445067983 33
1445067984 33
1445067984 33
1445067985 33
1445067985 33
1445067985 33
1445067986 33
1445067986 33
1445067986 33
1445067986 33
1445067987 33
1445067987 33
1445067988 33
1445067988 33
1445067988 33
1445067988 33
1445067989 33
1445067989 33
1445067989 33
1445067989 33
1445067990 33
1445067990 33
1445067991 33
1445067991 33
1445067991 33
1445067992 33
1445067992 33
1445067992 33
1445067992 33
1445067992 33
1445067994 33
1445067994 33
1445067994 33
1445067994 33
1445067994 33
1445067995 33
1445067995 33
1445067995 33
1445067995 33
1445067995 33
1445067996 33
1445067997 33
1445067997 33
1445067997 33
1445067997 33
1445067998 33
1445067998 33
1445067998 33
1445067998 33
1445067998 33
1445067998 33
1445068000 33
1445068000 33
1445068000 33
1445068000 33
1445068001 33
1445068001 33
1445068001 33
1445068001 33
1445068001 33
1445068001 33
1445068003 33
1445068003 33
1445068004 33
1445068004 33
1445068004 33
1445068004 33
1445068004 33
1445068004 33
1445068004 33
1445068005 33
1445068005 33
1445068005 33
1445068005 33
1445068005 33
1445068005 33
1445068005 33
1445068005 33
1445068005 33
1445068005 33
1445068005 33
1445068005 33
1445068005 33
1445068006 33
1445068006 33
1445068006 33
1445068006 33
1445068006 33
1445068006 33
1445068006 33
1445068006 33
1445068006 33
1445068006 33
1445068006 33
1445068006 33
1445068007 33
1445068007 33
1445068007 33
1445068007 33
1445068007 29
1445068007 23
1445068007 -1
1445068007 33
1445068007 33
1445068007 33
1445068007 33
1445068007 33
1445068007 33
1445068007 33
1445068008 33
1445068008 33
1445068008 33
1445068008 33
1445068008 33
1445068008 33
1445068008 33
1445068008 33
1445068008 33
1445068008 33
1445068008 33
1445068008 33
1445068008 33
1445068008 33
1445068008 33
1445068008 33
1445068008 33
1445068008 33
1445068008 33
1445068008 33
1445068008 33
1445068008 33
1445068008 33
1445068008 33
1445068008 33
1445068008 33
1445068009 33
1445068009 33
1445068010 33
1445068010 33
1445068010 33
1445068010 33
1445068010 33
1445068010 33
1445068010 33
1445068010 33
1445068010 33
1445068011 33
1445068011 33
1445068011 33
1445068011 33
1445068012 33
1445068012 33
1445068013 33
1445068013 33
1445068013 33
1445068013 33
1445068013 33
1445068014 33
1445068014 33
1445068014 33
1445068014 33
1445068014 33
1445068015 33
1445068015 33
1445068015 33
1445068016 33
1445068016 33
1445068016 33
1445068016 33
1445068017 33
1445068017 33
1445068017 33
1445068017 33
1445068017 33
1445068017 33
1445068018 33
1445068018 33
1445068018 33
1445068018 33
1445068019 33
1445068019 33
1445068019 33
1445068019 33
1445068020 33
1445068020 33
1445068020 33
1445068020 33
1445068020 33
1445068020 33
1445068021 33
1445068021 33
1445068021 33
1445068021 33
1445068021 33
1445068021 33
1445068021 33
1445068021 33
1445068021 33
1445068022 33
1445068022 33
1445068022 33
1445068022 33
1445068022 33
1445068022 33
1445068022 33
1445068022 33
1445068022 33
1445068022 33
1445068022 33
1445068022 33
1445068022 33
1445068022 33
1445068022 33
1445068022 33
1445068022 33
1445068023 33
1445068023 33
1445068023 33
1445068023 33
1445068023 33
1445068023 33
1445068023 33
1445068023 33
1445068023 33
1445068023 33
1445068023 33
1445068023 33
1445068023 33
1445068023 33
1445068023 33
1445068023 33
1445068023 33
1445068023 33
1445068023 33
1445068023 33
1445068024 33
1445068024 33
1445068024 33
1445068024 33
1445068024 33
1445068024 29
1445068024 23
1445068024 -1
1445068025 33
1445068025 33
1445068025 33
1445068025 33
1445068025 33
1445068026 33
1445068026 33
1445068026 33
1445068026 33
1445068026 33
1445068026 33
1445068026 33
1445068027 33
1445068027 33
1445068027 33
1445068027 33
1445068028 33
1445068028 33
1445068028 33
1445068028 33
1445068028 33
1445068029 33
1445068029 33
1445068029 33
1445068029 33
1445068029 33
1445068029 33
1445068030 33
1445068030 33
1445068031 33
1445068031 33
1445068031 33
1445068031 33
1445068031 33
1445068032 33
1445068032 33
1445068032 33
1445068032 33
1445068032 33
1445068033 33
1445068033 33
1445068033 33
1445068034 33
1445068034 33
1445068034 33
1445068034 33
1445068034 33
1445068035 33
1445068035 33
1445068035 33
1445068035 33
1445068036 33
1445068036 33
1445068036 33
1445068036 33
1445068036 33
1445068036 33
1445068036 33
1445068036 33
1445068036 33
1445068036 33
1445068037 33
1445068037 33
1445068037 33
1445068037 33
1445068037 33
1445068037 33
1445068037 33
1445068037 33
1445068037 33
1445068038 33
1445068038 33
1445068038 33
1445068038 33
1445068038 33
1445068038 33
1445068038 33
1445068038 33
1445068038 33
1445068038 33
1445068038 33
1445068038 33
1445068038 33
1445068038 33
1445068038 33
1445068039 33
1445068039 33
1445068039 33
1445068039 33
1445068040 33
1445068040 33
1445068040 33
1445068040 33
1445068040 33
1445068040 33
1445068040 33
1445068040 33
1445068040 33
1445068040 33
1445068040 33
1445068041 33
1445068041 33
1445068041 33
1445068042 33
1445068042 33
1445068043 33
1445068043 33
1445068043 33
1445068043 33
1445068043 33
1445068043 33
1445068043 33
1445068043 33
1445068043 33
1445068044 33
1445068044 33
1445068044 33
1445068045 33
1445068045 33
1445068046 33
1445068046 33
1445068046 33
1445068046 33
1445068046 33
1445068046 33
1445068046 33
1445068047 33
1445068047 33
1445068047 33
1445068047 33
1445068047 33
1445068047 33
1445068047 33
1445068047 33
1445068047 33
1445068047 33
1445068047 33
1445068047 33
1445068047 33
1445068047 33
1445068048 33
1445068048 33
1445068048 33
1445068048 33
1445068049 33
1445068049 33
1445068049 33
1445068049 33
1445068049 33
1445068049 29
1445068049 23
1445068049 -1
1445068049 33
1445068049 33
1445068049 33
1445068049 33
1445068049 33
1445068050 33
1445068050 33
1445068050 33
1445068050 33
1445068051 33
1445068051 33
1445068051 33
1445068052 33
1445068052 33
1445068052 33
1445068052 33
1445068052 33
1445068052 33
1445068052 33
1445068053 33
1445068053 33
1445068053 33
1445068053 33
1445068054 33
1445068054 33
1445068054 33
1445068055 33
1445068055 33
1445068055 33
1445068055 33
1445068055 33
1445068056 33
1445068056 33
1445068056 33
1445068056 33
1445068056 33
1445068057 33
1445068057 33
1445068057 33
1445068057 33
1445068058 33
1445068058 33
1445068058 33
1445068058 33
1445068058 33
1445068059 33
1445068059 33
1445068059 33
1445068059 33
1445068060 33
1445068060 33
1445068060 33
1445068060 33
1445068061 33
1445068061 33
1445068061 33
1445068061 33
1445068061 33
1445068061 33
1445068062 33
1445068062 33
1445068062 33
1445068062 33
1445068063 33
1445068063 33
1445068063 33
1445068063 33
1445068063 33
1445068064 33
1445068064 33
1445068064 33
1445068065 33
1445068065 33
1445068065 33
1445068065 33
1445068065 33
1445068065 33
1445068066 33
1445068066 33
1445068066 33
1445068066 33
1445068066 33
1445068067 33
1445068067 33
1445068067 33
1445068067 33
1445068067 33
1445068067 33
1445068067 33
1445068067 33
1445068067 33
1445068067 33
1445068067 33
1445068067 33
1445068067 33
1445068068 33
1445068068 33
1445068068 33
1445068068 33
1445068068 33
1445068068 33
1445068068 33
1445068069 33
1445068069 33
1445068069 33
1445068069 33
1445068069 33
1445068069 29
1445068069 23
1445068069 -1
1445068069 33
1445068069 33
1445068069 33
1445068070 33
1445068070 33
1445068070 33
1445068071 33
1445068071 33
1445068071 33
1445068072 33
1445068072 33
1445068072 33
1445068072 33
1445068072 33
1445068072 33
1445068073 33
1445068073 33
1445068073 33
1445068073 33
1445068074 33
1445068074 33
1445068074 33
1445068075 33
1445068075 33
1445068075 33
1445068075 33
1445068075 33
1445068076 33
1445068076 33
1445068076 33
1445068076 33
1445068076 33
1445068077 33
1445068077 33
1445068078 33
1445068078 33
1445068078 33
1445068078 33
1445068078 33
1445068078 33
1445068079 33
1445068079 33
1445068079 33
1445068079 33
1445068079 33
1445068080 33
1445068080 33
1445068081 33
1445068081 33
1445068081 33
1445068081 33
1445068081 33
1445068081 33
1445068082 33
1445068082 33
1445068082 33
1445068082 33
1445068082 33
1445068083 33
1445068083 33
1445068084 33
1445068084 33
1445068084 33
1445068084 33
1445068084 33
1445068084 33
1445068085 33
1445068085 33
1445068085 33
1445068085 33
1445068085 33
1445068086 33
1445068086 33
1445068086 33
1445068087 33
1445068087 33
1445068087 33
1445068087 33
1445068087 33
1445068087 33
1445068088 33
1445068088 33
1445068088 33
1445068089 33
1445068089 33
1445068089 33
1445068089 33
1445068090 33
1445068090 33
1445068090 33
1445068090 33
1445068090 33
1445068091 33
1445068091 33
1445068091 33
1445068091 33
1445068092 33
1445068092 33
1445068092 33
1445068092 33
1445068092 33
1445068093 33
1445068093 33
1445068093 33
1445068093 33
1445068094 33
1445068094 33
1445068094 33
1445068094 33
1445068094 33
1445068095 33
1445068095 33
1445068095 33
1445068095 33
1445068096 33
1445068096 33
1445068096 33
1445068097 33
1445068097 33
1445068097 33
1445068097 33
1445068098 33
1445068098 33
1445068098 33
1445068098 33
1445068098 33
1445068098 33
1445068099 33
1445068099 33
1445068099 33
1445068099 33
1445068100 33
1445068100 33
1445068100 33
1445068100 33
1445068101 33
1445068101 33
1445068101 33
1445068101 33
1445068102 33
1445068102 33
1445068102 33
1445068102 33
1445068102 33
1445068103 33
1445068103 33
1445068103 33
1445068103 33
1445068104 33
1445068104 33
1445068104 33
1445068104 33
1445068104 33
1445068104 33
1445068104 33
1445068104 33
1445068104 33
1445068104 33
1445068104 33
1445068104 33
1445068104 33
1445068104 33
1445068105 33
1445068105 33
1445068105 33
1445068105 33
1445068105 33
1445068105 33
1445068106 33
1445068106 33
1445068106 33
1445068106 33
1445068106 33
1445068106 29
1445068106 23
1445068106 -1
1445068107 33
1445068107 33
1445068107 33
1445068107 33
1445068107 33
1445068108 33
1445068108 33
1445068108 33
1445068108 33
1445068109 33
1445068109 33
1445068109 33
1445068110 33
1445068110 33
1445068110 33
1445068110 33
1445068110 33
1445068111 33
1445068111 33
1445068111 33
1445068111 33
1445068112 33
1445068112 33
1445068112 33
1445068113 33
1445068113 33
1445068113 33
1445068113 33
1445068114 33
1445068114 33
1445068114 33
1445068114 33
1445068115 33
1445068115 33
1445068115 33
1445068115 33
1445068115 33
1445068115 33
1445068115 33
1445068115 33
1445068115 33
1445068115 33
1445068115 33
1445068115 33
1445068115 33
1445068115 33
1445068116 33
1445068116 33
1445068116 33
1445068116 33
1445068117 33
1445068117 33
1445068117 33
1445068117 33
1445068117 33
1445068117 29
1445068117 23
1445068117 -1
1445068117 33
1445068117 33
1445068118 33
1445068118 33
1445068118 33
1445068118 33
1445068119 33
1445068119 33
1445068119 33
1445068120 33
1445068120 33
1445068120 33
1445068120 33
1445068121 33
1445068121 33
1445068122 33
1445068122 33
1445068122 33
1445068123 33
1445068123 33
1445068123 33
1445068123 33
1445068123 33
1445068123 33
1445068123 33
1445068123 33
1445068123 33
1445068123 33
1445068123 33
1445068123 33
1445068123 33
1445068123 33
1445068123 33
1445068123 33
1445068124 33
1445068124 33
1445068124 33
1445068125 33
1445068125 33
1445068125 33
1445068125 33
1445068125 29
1445068125 23
1445068125 -1
1445068125 33
1445068125 33
1445068125 33
1445068126 33
1445068126 33
1445068126 33
1445068126 33
1445068126 33
1445068127 33
1445068127 33
1445068128 33
1445068128 33
1445068128 33
1445068129 33
1445068129 33
1445068129 33
1445068129 33
1445068130 33
1445068130 33
1445068130 33
1445068131 33
1445068131 33
1445068132 33
1445068132 33
1445068132 33
1445068132 33
1445068132 33
1445068133 33
1445068133 33
1445068133 33
1445068134 33
1445068134 33
1445068135 33
1445068135 33
1445068135 33
1445068135 33
1445068135 33
1445068136 33
1445068136 33
1445068136 33
1445068136 33
1445068137 33
1445068138 33
1445068138 33
1445068138 33
1445068138 33
1445068138 33
1445068138 33
1445068139 33
1445068139 33
1445068139 33
1445068140 33
1445068141 33
1445068141 33
1445068141 33
1445068141 33
1445068141 33
1445068141 33
1445068141 33
1445068142 33
1445068142 33
1445068142 33
1445068143 33
1445068144 33
1445068144 33
1445068144 33
1445068144 33
1445068144 33
1445068144 33
1445068144 33
1445068144 33
1445068144 33
1445068144 33
1445068144 33
1445068144 33
1445068144 33
1445068144 33
1445068144 33
1445068144 33
1445068144 33
1445068144 33
1445068144 33
1445068144 33
1445068144 33
1445068144 2
1445068144 33
1445068144 33
1445068144 7
1445068144 25
1445068144 28
1445068144 26
1445068144 30
1445068144 22
1445068144 20
1445068144 21
1445068144 12
1445068144 13
1445068144 15
1445068144 16
1445068145 33
1445068145 33
1445068145 33
1445068146 33
1445068146 33
1445068146 33
1445068146 33
1445068146 33
1445068146 33
1445068146 29
1445068146 23
1445068146 -1
1445068146 33
1445068146 33
1445068146 29
1445068146 23
1445068146 -1
1445068147 33
1445068147 33
1445068147 33
1445068148 33
1445068148 33
1445068149 33
1445068149 33
1445068149 33
1445068150 33
1445068150 33
1445068150 33
1445068151 33
1445068151 33
1445068152 33
1445068152 33
1445068152 33
1445068152 33
1445068152 33
1445068152 33
1445068152 33
1445068152 33
1445068152 33
1445068152 33
1445068152 33
1445068152 33
1445068152 33
1445068152 33
1445068152 33
1445068152 33
1445068152 33
1445068152 33
1445068152 33
1445068152 33
1445068152 2
1445068152 33
1445068153 33
1445068153 33
1445068153 7
1445068153 25
1445068153 28
1445068153 26
1445068153 30
1445068153 22
1445068153 20
1445068153 21
1445068153 12
1445068153 13
1445068153 15
1445068153 16
1445068153 33
1445068153 33
1445068154 33
1445068154 33
1445068154 33
1445068154 33
1445068154 29
1445068154 23
1445068154 -1
1445068154 33
1445068154 33
1445068154 29
1445068154 23
1445068154 -1
1445068154 33
1445068155 33
1445068155 33
1445068156 33
1445068157 33
1445068157 33
1445068157 33
1445068158 33
1445068158 33
1445068159 33
1445068160 33
1445068160 33
1445068160 33
1445068161 33
1445068161 33
1445068162 33
1445068163 33
1445068163 33
1445068163 33
1445068164 33
1445068164 33
1445068164 33
1445068164 33
1445068164 33
1445068164 33
1445068164 33
1445068164 33
1445068164 33
1445068164 33
1445068164 33
1445068164 33
1445068164 33
1445068164 33
1445068164 33
1445068164 33
1445068164 33
1445068164 33
1445068164 2
1445068164 33
1445068164 33
1445068164 7
1445068164 25
1445068164 28
1445068164 26
1445068164 30
1445068164 22
1445068164 20
1445068164 21
1445068164 12
1445068164 13
1445068164 15
1445068164 16
1445068164 33
1445068165 33
1445068165 33
1445068165 33
1445068165 33
1445068165 29
1445068165 23
1445068165 -1
1445068165 33
1445068165 33
1445068165 29
1445068165 23
1445068165 -1
1445068166 33
1445068166 33
1445068167 33
1445068168 33
1445068168 33
1445068168 33
1445068169 33
1445068172 33
1445068175 33
1445068178 33
1445068181 33
1445068184 33
1445068187 33
1445068190 33
1445068193 33
1445068196 33
1445068199 33
1445068202 33
1445068205 33
1445068208 33
1445068211 33
1445068214 33
1445068216 33
1445068216 33
1445068216 33
1445068216 33
1445068216 33
1445068216 33
1445068216 33
1445068216 33
1445068216 33
1445068216 33
1445068216 33
1445068216 33
1445068216 33
1445068216 33
1445068216 33
1445068216 33
1445068216 33
1445068216 33
1445068216 33
1445068216 33
1445068216 33
1445068216 33
1445068216 33
1445068216 33
1445068216 33
1445068216 33
1445068216 33
1445068216 33
1445068216 9
1445068217 33
1445068217 33
1445068217 33
1445068217 29
1445068217 23
1445068217 -1
1445068237 33
1445068237 18
1445068237 14
1445068237 17
1445068237 11
1445068237 33
1445068237 33
1445068237 33
1445068237 9
1445068237 33
1445068237 19
1445068258 33
1445068258 18
1445068258 14
1445068258 17
1445068258 11
1445068258 33
1445068258 33
1445068259 33
1445068259 19
1445068259 33
1445068259 6
1445068259 32
1445068259 33
1445068259 5
1445068259 24
1445068259 33
1445068259 4
1445068259 10
1445068259 33
1445068259 33
1445068259 33
1445068259 33
1445068260 33
1445068260 33
1445068260 33
1445068260 33
1445068260 33
1445068260 33
