1445067827 35
1445067828 35
1445067828 35
1445067828 35
1445067829 35
1445067829 35
1445067829 35
1445067829 35
1445067829 35
1445067829 35
1445067829 35
1445067829 35
1445067829 35
1445067829 35
1445067829 35
1445067829 35
1445067829 35
1445067829 35
1445067829 35
1445067829 35
1445067829 35
1445067829 35
1445067829 35
1445067829 35
1445067829 35
1445067829 35
1445067829 35
1445067829 35
1445067829 35
1445067829 35
1445067829 35
1445067829 35
1445067829 35
1445067829 35
1445067830 8
1445067830 35
1445067830 35
1445067830 35
1445067830 35
1445067830 35
1445067830 35
1445067830 35
1445067830 64
1445067830 5
1445067830 64
1445067830 35
1445067831 35
1445067831 35
1445067831 35
1445067831 35
1445067831 35
1445067831 35
1445067831 35
1445067831 35
1445067831 35
1445067831 35
1445067831 35
1445067831 35
1445067831 35
1445067831 35
1445067831 35
1445067831 35
1445067831 35
1445067831 35
1445067831 35
1445067831 35
1445067831 35
1445067831 35
1445067831 35
1445067831 35
1445067831 35
1445067831 35
1445067831 35
1445067831 35
1445067831 35
1445067831 35
1445067831 35
1445067831 35
1445067831 35
1445067831 35
1445067831 35
1445067831 35
1445067831 35
1445067831 35
1445067831 35
1445067831 35
1445067831 35
1445067831 35
1445067831 35
1445067831 35
1445067831 35
1445067831 35
1445067831 35
1445067831 35
1445067831 35
1445067831 35
1445067831 35
1445067831 35
1445067831 35
1445067831 35
1445067831 35
1445067831 35
1445067831 35
1445067831 35
1445067831 35
1445067831 35
1445067831 35
1445067831 35
1445067832 35
1445067832 35
1445067832 35
1445067832 35
1445067832 35
1445067832 35
1445067833 35
1445067833 35
1445067833 35
1445067833 35
1445067834 35
1445067834 35
1445067834 35
1445067834 35
1445067835 35
1445067835 35
1445067835 35
1445067835 35
1445067836 35
1445067836 35
1445067836 35
1445067836 35
1445067837 35
1445067837 35
1445067837 35
1445067837 35
1445067838 35
1445067838 35
1445067838 35
1445067838 35
1445067839 35
1445067839 35
1445067839 35
1445067839 35
1445067840 35
1445067840 35
1445067840 35
1445067840 35
1445067841 35
1445067841 35
1445067841 35
1445067841 35
1445067842 35
1445067842 35
1445067842 35
1445067842 35
1445067843 35
1445067843 35
1445067843 35
1445067843 35
1445067844 35
1445067844 35
1445067844 35
1445067844 35
1445067845 35
1445067845 35
1445067845 35
1445067845 35
1445067846 35
1445067846 35
1445067846 35
1445067846 35
1445067847 35
1445067847 35
1445067847 35
1445067847 35
1445067848 35
1445067848 35
1445067848 35
1445067848 35
1445067849 35
1445067849 35
1445067849 35
1445067849 35
1445067850 35
1445067850 35
1445067850 35
1445067850 35
1445067851 35
1445067851 35
1445067851 35
1445067851 35
1445067852 35
1445067852 35
1445067852 35
1445067852 35
1445067853 35
1445067853 158
1445067853 117
1445067853 117
1445067853 149
1445067853 35
1445067853 35
1445067853 35
1445067853 35
1445067853 35
1445067853 35
1445067854 35
1445067854 35
1445067854 35
1445067854 35
1445067855 35
1445067855 35
1445067855 35
1445067855 35
1445067856 35
1445067856 35
1445067856 35
1445067856 35
1445067857 35
1445067857 35
1445067857 35
1445067857 35
1445067857 35
1445067857 35
1445067858 35
1445067858 35
1445067858 35
1445067858 35
1445067858 35
1445067858 35
1445067858 35
1445067858 35
1445067858 35
1445067858 35
1445067858 35
1445067858 35
1445067858 35
1445067858 35
1445067858 35
1445067858 35
1445067858 35
1445067859 35
1445067859 35
1445067860 35
1445067860 35
1445067860 35
1445067860 35
1445067860 35
1445067861 35
1445067861 35
1445067862 35
1445067862 35
1445067863 35
1445067863 35
1445067864 35
1445067864 35
1445067865 35
1445067865 35
1445067866 35
1445067866 35
1445067867 35
1445067867 35
1445067867 35
1445067868 35
1445067868 35
1445067869 35
1445067869 35
1445067870 35
1445067870 35
1445067870 35
1445067871 35
1445067871 35
1445067872 35
1445067872 35
1445067873 35
1445067873 35
1445067873 35
1445067874 35
1445067874 35
1445067875 35
1445067875 35
1445067876 35
1445067876 35
1445067876 35
1445067877 35
1445067877 35
1445067878 35
1445067878 35
1445067878 35
1445067878 35
1445067878 35
1445067878 35
1445067878 35
1445067878 35
1445067878 35
1445067878 35
1445067878 35
1445067879 35
1445067879 35
1445067879 35
1445067879 35
1445067879 35
1445067879 35
1445067879 35
1445067879 35
1445067879 35
1445067880 35
1445067880 35
1445067881 35
1445067881 35
1445067882 35
1445067882 35
1445067882 35
1445067883 35
1445067883 35
1445067884 35
1445067884 35
1445067885 35
1445067885 35
1445067885 35
1445067886 35
1445067886 35
1445067886 35
1445067886 35
1445067886 35
1445067887 35
1445067887 35
1445067888 35
1445067888 35
1445067888 35
1445067888 35
1445067888 35
1445067888 35
1445067888 35
1445067888 35
1445067889 35
1445067889 35
1445067889 35
1445067889 35
1445067889 35
1445067889 35
1445067889 35
1445067889 35
1445067889 35
1445067890 35
1445067890 35
1445067890 35
1445067891 35
1445067891 35
1445067891 35
1445067892 35
1445067892 35
1445067893 35
1445067893 35
1445067893 35
1445067893 35
1445067893 35
1445067894 35
1445067894 35
1445067894 35
1445067895 35
1445067895 35
1445067896 35
1445067896 35
1445067897 35
1445067897 35
1445067897 35
1445067898 35
1445067898 35
1445067899 35
1445067899 35
1445067900 35
1445067900 35
1445067900 35
1445067901 35
1445067901 35
1445067901 35
1445067902 35
1445067902 35
1445067902 35
1445067903 35
1445067903 35
1445067903 35
1445067904 35
1445067904 35
1445067905 35
1445067905 35
1445067905 35
1445067905 35
1445067906 35
1445067906 35
1445067906 35
1445067907 35
1445067907 35
1445067908 35
1445067908 35
1445067908 35
1445067908 35
1445067908 35
1445067908 35
1445067908 35
1445067908 35
1445067908 35
1445067908 35
1445067908 35
1445067908 35
1445067908 35
1445067908 35
1445067908 35
1445067909 35
1445067909 35
1445067909 35
1445067909 35
1445067909 35
1445067909 35
1445067910 35
1445067910 35
1445067910 35
1445067910 35
1445067910 35
1445067910 35
1445067910 35
1445067910 35
1445067910 35
1445067910 35
1445067910 35
1445067910 35
1445067910 35
1445067910 35
1445067910 35
1445067911 35
1445067911 35
1445067911 35
1445067911 35
1445067911 35
1445067911 35
1445067912 35
1445067912 35
1445067912 35
1445067913 35
1445067913 35
1445067913 35
1445067913 35
1445067913 35
1445067914 35
1445067914 35
1445067914 35
1445067914 35
1445067914 35
1445067914 35
1445067914 35
1445067914 35
1445067914 35
1445067914 35
1445067914 35
1445067914 35
1445067914 35
1445067914 35
1445067914 35
1445067914 35
1445067914 35
1445067914 35
1445067915 35
1445067915 35
1445067915 35
1445067915 35
1445067916 35
1445067916 35
1445067917 35
1445067917 35
1445067917 35
1445067917 35
1445067918 35
1445067918 35
1445067918 35
1445067919 35
1445067919 35
1445067919 35
1445067920 35
1445067920 35
1445067920 35
1445067921 35
1445067921 35
1445067921 35
1445067921 35
1445067921 35
1445067922 35
1445067922 35
1445067922 35
1445067923 35
1445067923 35
1445067923 35
1445067923 35
1445067923 35
1445067923 35
1445067924 35
1445067924 35
1445067924 35
1445067924 35
1445067924 35
1445067925 35
1445067925 35
1445067925 35
1445067926 35
1445067926 35
1445067926 35
1445067927 35
1445067927 35
1445067927 35
1445067927 35
1445067927 35
1445067928 35
1445067928 35
1445067928 35
1445067929 35
1445067929 35
1445067929 35
1445067930 35
1445067930 35
1445067930 35
1445067930 35
1445067930 35
1445067931 35
1445067931 35
1445067931 35
1445067932 35
1445067932 35
1445067932 35
1445067933 35
1445067933 35
1445067933 35
1445067933 35
1445067934 35
1445067934 35
1445067934 35
1445067934 35
1445067935 35
1445067935 35
1445067935 35
1445067936 35
1445067936 35
1445067936 35
1445067937 35
1445067937 35
1445067937 35
1445067937 35
1445067937 35
1445067937 35
1445067938 35
1445067938 35
1445067938 35
1445067939 35
1445067939 35
1445067939 35
1445067940 35
1445067940 35
1445067940 35
1445067940 35
1445067940 35
1445067940 35
1445067941 35
1445067941 35
1445067941 35
1445067942 35
1445067942 35
1445067942 35
1445067943 35
1445067943 35
1445067943 35
1445067943 35
1445067943 35
1445067943 35
1445067943 35
1445067943 35
1445067943 35
1445067943 35
1445067943 35
1445067943 35
1445067943 35
1445067943 35
1445067943 35
1445067943 35
1445067943 35
1445067943 35
1445067943 35
1445067944 35
1445067944 35
1445067944 35
1445067944 35
1445067945 35
1445067945 35
1445067945 35
1445067946 35
1445067946 35
1445067946 35
1445067946 35
1445067946 35
1445067946 35
1445067946 35
1445067947 35
1445067947 35
1445067947 35
1445067947 35
1445067947 35
1445067948 35
1445067948 35
1445067949 35
1445067949 35
1445067949 35
1445067949 35
1445067950 35
1445067950 35
1445067950 35
1445067950 35
1445067950 35
1445067950 35
1445067951 35
1445067951 35
1445067952 35
1445067952 35
1445067952 35
1445067952 35
1445067953 35
1445067953 35
1445067953 35
1445067953 35
1445067953 35
1445067953 35
1445067953 35
1445067954 35
1445067954 35
1445067955 35
1445067955 35
1445067955 35
1445067955 35
1445067956 35
1445067956 35
1445067956 35
1445067956 35
1445067956 35
1445067956 35
1445067956 35
1445067956 35
1445067956 35
1445067956 35
1445067956 35
1445067956 35
1445067956 35
1445067956 35
1445067956 35
1445067956 35
1445067956 35
1445067956 35
1445067956 35
1445067956 35
1445067956 35
1445067956 35
1445067956 35
1445067956 35
1445067956 35
1445067956 35
1445067956 35
1445067956 35
1445067956 35
1445067957 35
1445067957 35
1445067957 35
1445067957 35
1445067957 35
1445067957 35
1445067957 35
1445067957 35
1445067957 35
1445067957 35
1445067957 35
1445067957 35
1445067957 35
1445067957 35
1445067957 35
1445067957 35
1445067957 35
1445067957 35
1445067957 35
1445067958 35
1445067958 35
1445067958 35
1445067958 35
1445067958 35
1445067958 35
1445067958 35
1445067958 35
1445067959 35
1445067959 35
1445067959 110
1445067959 35
1445067959 35
1445067959 35
1445067959 35
1445067959 35
1445067959 35
1445067959 35
1445067959 35
1445067960 35
1445067960 35
1445067960 35
1445067960 35
1445067960 35
1445067961 35
1445067961 35
1445067962 35
1445067962 35
1445067963 35
1445067963 35
1445067964 35
1445067964 35
1445067964 35
1445067965 35
1445067965 35
1445067965 35
1445067966 35
1445067966 35
1445067967 35
1445067967 35
1445067967 35
1445067967 35
1445067968 35
1445067968 35
1445067968 35
1445067968 35
1445067968 35
1445067968 35
1445067970 35
1445067970 35
1445067970 35
1445067970 35
1445067970 35
1445067971 35
1445067971 35
1445067971 35
1445067971 35
1445067973 35
1445067973 35
1445067973 35
1445067973 35
1445067973 35
1445067974 35
1445067974 35
1445067974 35
1445067974 35
1445067976 35
1445067976 35
1445067976 35
1445067976 35
1445067976 35
1445067977 35
1445067977 35
1445067977 35
1445067977 35
1445067979 35
1445067979 35
1445067979 35
1445067979 35
1445067979 35
1445067980 35
1445067980 35
1445067980 35
1445067980 35
1445067980 35
1445067980 35
1445067982 35
1445067982 35
1445067982 35
1445067983 35
1445067983 35
1445067983 35
1445067983 35
1445067983 35
1445067984 35
1445067984 35
1445067985 35
1445067985 35
1445067985 35
1445067986 35
1445067986 35
1445067986 35
1445067986 35
1445067987 35
1445067987 35
1445067988 35
1445067988 35
1445067988 35
1445067988 35
1445067989 35
1445067989 35
1445067989 35
1445067989 35
1445067990 35
1445067990 35
1445067991 35
1445067991 35
1445067991 35
1445067992 35
1445067992 35
1445067992 35
1445067992 35
1445067992 35
1445067994 35
1445067994 35
1445067994 35
1445067994 35
1445067994 35
1445067995 35
1445067995 35
1445067995 35
1445067995 35
1445067995 35
1445067996 35
1445067997 35
1445067997 35
1445067997 35
1445067997 35
1445067998 35
1445067998 35
1445067998 35
1445067998 35
1445067998 35
1445067998 35
1445068000 35
1445068000 35
1445068000 35
1445068000 35
1445068001 35
1445068001 35
1445068001 35
1445068001 35
1445068001 35
1445068001 35
1445068003 35
1445068003 35
1445068004 35
1445068004 35
1445068004 35
1445068004 35
1445068004 35
1445068004 35
1445068004 35
1445068005 35
1445068005 35
1445068005 35
1445068005 35
1445068005 35
1445068005 35
1445068005 35
1445068005 35
1445068005 35
1445068005 35
1445068005 35
1445068005 35
1445068005 35
1445068006 35
1445068006 35
1445068006 35
1445068006 35
1445068006 35
1445068006 35
1445068006 35
1445068006 35
1445068006 35
1445068006 35
1445068006 35
1445068006 35
1445068007 35
1445068007 35
1445068007 35
1445068007 35
1445068007 113
1445068007 119
1445068007 170
1445068007 35
1445068007 35
1445068007 35
1445068007 35
1445068007 35
1445068007 35
1445068007 35
1445068008 35
1445068008 35
1445068008 35
1445068008 35
1445068008 35
1445068008 35
1445068008 35
1445068008 35
1445068008 35
1445068008 35
1445068008 35
1445068008 35
1445068008 35
1445068008 35
1445068008 35
1445068008 35
1445068008 35
1445068008 35
1445068008 35
1445068008 35
1445068008 35
1445068008 35
1445068008 35
1445068008 35
1445068008 35
1445068008 35
1445068009 35
1445068009 35
1445068010 35
1445068010 35
1445068010 35
1445068010 35
1445068010 35
1445068010 35
1445068010 35
1445068010 35
1445068010 35
1445068011 35
1445068011 35
1445068011 35
1445068011 35
1445068012 35
1445068012 35
1445068013 35
1445068013 35
1445068013 35
1445068013 35
1445068013 35
1445068014 35
1445068014 35
1445068014 35
1445068014 35
1445068014 35
1445068015 35
1445068015 35
1445068015 35
1445068016 35
1445068016 35
1445068016 35
1445068016 35
1445068017 35
1445068017 35
1445068017 35
1445068017 35
1445068017 35
1445068017 35
1445068018 35
1445068018 35
1445068018 35
1445068018 35
1445068019 35
1445068019 35
1445068019 35
1445068019 35
1445068020 35
1445068020 35
1445068020 35
1445068020 35
1445068020 35
1445068020 35
1445068021 35
1445068021 35
1445068021 35
1445068021 35
1445068021 35
1445068021 35
1445068021 35
1445068021 35
1445068021 35
1445068022 35
1445068022 35
1445068022 35
1445068022 35
1445068022 35
1445068022 35
1445068022 35
1445068022 35
1445068022 35
1445068022 35
1445068022 35
1445068022 35
1445068022 35
1445068022 35
1445068022 35
1445068022 35
1445068022 35
1445068023 35
1445068023 35
1445068023 35
1445068023 35
1445068023 35
1445068023 35
1445068023 35
1445068023 35
1445068023 35
1445068023 35
1445068023 35
1445068023 35
1445068023 35
1445068023 35
1445068023 35
1445068023 35
1445068023 35
1445068023 35
1445068023 35
1445068023 35
1445068024 35
1445068024 35
1445068024 35
1445068024 35
1445068024 35
1445068024 113
1445068024 119
1445068024 170
1445068025 35
1445068025 35
1445068025 35
1445068025 35
1445068025 35
1445068026 35
1445068026 35
1445068026 35
1445068026 35
1445068026 35
1445068026 35
1445068026 35
1445068027 35
1445068027 35
1445068027 35
1445068027 35
1445068028 35
1445068028 35
1445068028 35
1445068028 35
1445068028 35
1445068029 35
1445068029 35
1445068029 35
1445068029 35
1445068029 35
1445068029 35
1445068030 35
1445068030 35
1445068031 35
1445068031 35
1445068031 35
1445068031 35
1445068031 35
1445068032 35
1445068032 35
1445068032 35
1445068032 35
1445068032 35
1445068033 35
1445068033 35
1445068033 35
1445068034 35
1445068034 35
1445068034 35
1445068034 35
1445068034 35
1445068035 35
1445068035 35
1445068035 35
1445068035 35
1445068036 35
1445068036 35
1445068036 35
1445068036 35
1445068036 35
1445068036 35
1445068036 35
1445068036 35
1445068036 35
1445068036 35
1445068037 35
1445068037 35
1445068037 35
1445068037 35
1445068037 35
1445068037 35
1445068037 35
1445068037 35
1445068037 35
1445068038 35
1445068038 35
1445068038 35
1445068038 35
1445068038 35
1445068038 35
1445068038 35
1445068038 35
1445068038 35
1445068038 35
1445068038 35
1445068038 35
1445068038 35
1445068038 35
1445068038 35
1445068039 35
1445068039 35
1445068039 35
1445068039 35
1445068040 35
1445068040 35
1445068040 35
1445068040 35
1445068040 35
1445068040 35
1445068040 35
1445068040 35
1445068040 35
1445068040 35
1445068040 35
1445068041 35
1445068041 35
1445068041 35
1445068042 35
1445068042 35
1445068043 35
1445068043 35
1445068043 35
1445068043 35
1445068043 35
1445068043 35
1445068043 35
1445068043 35
1445068043 35
1445068044 35
1445068044 35
1445068044 35
1445068045 35
1445068045 35
1445068046 35
1445068046 35
1445068046 35
1445068046 35
1445068046 35
1445068046 35
1445068046 35
1445068047 35
1445068047 35
1445068047 35
1445068047 35
1445068047 35
1445068047 35
1445068047 35
1445068047 35
1445068047 35
1445068047 35
1445068047 35
1445068047 35
1445068047 35
1445068047 35
1445068048 35
1445068048 35
1445068048 35
1445068048 35
1445068049 35
1445068049 35
1445068049 35
1445068049 35
1445068049 35
1445068049 113
1445068049 119
1445068049 170
1445068049 35
1445068049 35
1445068049 35
1445068049 35
1445068049 35
1445068050 35
1445068050 35
1445068050 35
1445068050 35
1445068051 35
1445068051 35
1445068051 35
1445068052 35
1445068052 35
1445068052 35
1445068052 35
1445068052 35
1445068052 35
1445068052 35
1445068053 35
1445068053 35
1445068053 35
1445068053 35
1445068054 35
1445068054 35
1445068054 35
1445068055 35
1445068055 35
1445068055 35
1445068055 35
1445068055 35
1445068056 35
1445068056 35
1445068056 35
1445068056 35
1445068056 35
1445068057 35
1445068057 35
1445068057 35
1445068057 35
1445068058 35
1445068058 35
1445068058 35
1445068058 35
1445068058 35
1445068059 35
1445068059 35
1445068059 35
1445068059 35
1445068060 35
1445068060 35
1445068060 35
1445068060 35
1445068061 35
1445068061 35
1445068061 35
1445068061 35
1445068061 35
1445068061 35
1445068062 35
1445068062 35
1445068062 35
1445068062 35
1445068063 35
1445068063 35
1445068063 35
1445068063 35
1445068063 35
1445068064 35
1445068064 35
1445068064 35
1445068065 35
1445068065 35
1445068065 35
1445068065 35
1445068065 35
1445068065 35
1445068066 35
1445068066 35
1445068066 35
1445068066 35
1445068066 35
1445068067 35
1445068067 35
1445068067 35
1445068067 35
1445068067 35
1445068067 35
1445068067 35
1445068067 35
1445068067 35
1445068067 35
1445068067 35
1445068067 35
1445068067 35
1445068068 35
1445068068 35
1445068068 35
1445068068 35
1445068068 35
1445068068 35
1445068068 35
1445068069 35
1445068069 35
1445068069 35
1445068069 35
1445068069 35
1445068069 113
1445068069 119
1445068069 170
1445068069 35
1445068069 35
1445068069 35
1445068070 35
1445068070 35
1445068070 35
1445068071 35
1445068071 35
1445068071 35
1445068072 35
1445068072 35
1445068072 35
1445068072 35
1445068072 35
1445068072 35
1445068073 35
1445068073 35
1445068073 35
1445068073 35
1445068074 35
1445068074 35
1445068074 35
1445068075 35
1445068075 35
1445068075 35
1445068075 35
1445068075 35
1445068076 35
1445068076 35
1445068076 35
1445068076 35
1445068076 35
1445068077 35
1445068077 35
1445068078 35
1445068078 35
1445068078 35
1445068078 35
1445068078 35
1445068078 35
1445068079 35
1445068079 35
1445068079 35
1445068079 35
1445068079 35
1445068080 35
1445068080 35
1445068081 35
1445068081 35
1445068081 35
1445068081 35
1445068081 35
1445068081 35
1445068082 35
1445068082 35
1445068082 35
1445068082 35
1445068082 35
1445068083 35
1445068083 35
1445068084 35
1445068084 35
1445068084 35
1445068084 35
1445068084 35
1445068084 35
1445068085 35
1445068085 35
1445068085 35
1445068085 35
1445068085 35
1445068086 35
1445068086 35
1445068086 35
1445068087 35
1445068087 35
1445068087 35
1445068087 35
1445068087 35
1445068087 35
1445068088 35
1445068088 35
1445068088 35
1445068089 35
1445068089 35
1445068089 35
1445068089 35
1445068090 35
1445068090 35
1445068090 35
1445068090 35
1445068090 35
1445068091 35
1445068091 35
1445068091 35
1445068091 35
1445068092 35
1445068092 35
1445068092 35
1445068092 35
1445068092 35
1445068093 35
1445068093 35
1445068093 35
1445068093 35
1445068094 35
1445068094 35
1445068094 35
1445068094 35
1445068094 35
1445068095 35
1445068095 35
1445068095 35
1445068095 35
1445068096 35
1445068096 35
1445068096 35
1445068097 35
1445068097 35
1445068097 35
1445068097 35
1445068098 35
1445068098 35
1445068098 35
1445068098 35
1445068098 35
1445068098 35
1445068099 35
1445068099 35
1445068099 35
1445068099 35
1445068100 35
1445068100 35
1445068100 35
1445068100 35
1445068101 35
1445068101 35
1445068101 35
1445068101 35
1445068102 35
1445068102 35
1445068102 35
1445068102 35
1445068102 35
1445068103 35
1445068103 35
1445068103 35
1445068103 35
1445068104 35
1445068104 35
1445068104 35
1445068104 35
1445068104 35
1445068104 35
1445068104 35
1445068104 35
1445068104 35
1445068104 35
1445068104 35
1445068104 35
1445068104 35
1445068104 35
1445068105 35
1445068105 35
1445068105 35
1445068105 35
1445068105 35
1445068105 35
1445068106 35
1445068106 35
1445068106 35
1445068106 35
1445068106 35
1445068106 113
1445068106 119
1445068106 170
1445068107 35
1445068107 35
1445068107 35
1445068107 35
1445068107 35
1445068108 35
1445068108 35
1445068108 35
1445068108 35
1445068109 35
1445068109 35
1445068109 35
1445068110 35
1445068110 35
1445068110 35
1445068110 35
1445068110 35
1445068111 35
1445068111 35
1445068111 35
1445068111 35
1445068112 35
1445068112 35
1445068112 35
1445068113 35
1445068113 35
1445068113 35
1445068113 35
1445068114 35
1445068114 35
1445068114 35
1445068114 35
1445068115 35
1445068115 35
1445068115 35
1445068115 35
1445068115 35
1445068115 35
1445068115 35
1445068115 35
1445068115 35
1445068115 35
1445068115 35
1445068115 35
1445068115 35
1445068115 35
1445068116 35
1445068116 35
1445068116 35
1445068116 35
1445068117 35
1445068117 35
1445068117 35
1445068117 35
1445068117 35
1445068117 113
1445068117 119
1445068117 170
1445068117 35
1445068117 35
1445068118 35
1445068118 35
1445068118 35
1445068118 35
1445068119 35
1445068119 35
1445068119 35
1445068120 35
1445068120 35
1445068120 35
1445068120 35
1445068121 35
1445068121 35
1445068122 35
1445068122 35
1445068122 35
1445068123 35
1445068123 35
1445068123 35
1445068123 35
1445068123 35
1445068123 35
1445068123 35
1445068123 35
1445068123 35
1445068123 35
1445068123 35
1445068123 35
1445068123 35
1445068123 35
1445068123 35
1445068123 35
1445068124 35
1445068124 35
1445068124 35
1445068125 35
1445068125 35
1445068125 35
1445068125 35
1445068125 113
1445068125 119
1445068125 170
1445068125 35
1445068125 35
1445068125 35
1445068126 35
1445068126 35
1445068126 35
1445068126 35
1445068126 35
1445068127 35
1445068127 35
1445068128 35
1445068128 35
1445068128 35
1445068129 35
1445068129 35
1445068129 35
1445068129 35
1445068130 35
1445068130 35
1445068130 35
1445068131 35
1445068131 35
1445068132 35
1445068132 35
1445068132 35
1445068132 35
1445068132 35
1445068133 35
1445068133 35
1445068133 35
1445068134 35
1445068134 35
1445068135 35
1445068135 35
1445068135 35
1445068135 35
1445068135 35
1445068136 35
1445068136 35
1445068136 35
1445068136 35
1445068137 35
1445068138 35
1445068138 35
1445068138 35
1445068138 35
1445068138 35
1445068138 35
1445068139 35
1445068139 35
1445068139 35
1445068140 35
1445068141 35
1445068141 35
1445068141 35
1445068141 35
1445068141 35
1445068141 35
1445068141 35
1445068142 35
1445068142 35
1445068142 35
1445068143 35
1445068144 35
1445068144 35
1445068144 35
1445068144 35
1445068144 35
1445068144 35
1445068144 35
1445068144 35
1445068144 35
1445068144 35
1445068144 35
1445068144 35
1445068144 35
1445068144 35
1445068144 35
1445068144 35
1445068144 35
1445068144 35
1445068144 35
1445068144 35
1445068144 35
1445068144 89
1445068144 35
1445068144 35
1445068144 36
1445068144 164
1445068144 106
1445068144 4
1445068144 106
1445068144 106
1445068144 61
1445068144 15
1445068144 61
1445068144 61
1445068144 61
1445068144 61
1445068145 35
1445068145 35
1445068145 35
1445068146 35
1445068146 35
1445068146 35
1445068146 35
1445068146 35
1445068146 35
1445068146 113
1445068146 119
1445068146 170
1445068146 35
1445068146 35
1445068146 113
1445068146 119
1445068146 170
1445068147 35
1445068147 35
1445068147 35
1445068148 35
1445068148 35
1445068149 35
1445068149 35
1445068149 35
1445068150 35
1445068150 35
1445068150 35
1445068151 35
1445068151 35
1445068152 35
1445068152 35
1445068152 35
1445068152 35
1445068152 35
1445068152 35
1445068152 35
1445068152 35
1445068152 35
1445068152 35
1445068152 35
1445068152 35
1445068152 35
1445068152 35
1445068152 35
1445068152 35
1445068152 35
1445068152 35
1445068152 35
1445068152 35
1445068152 89
1445068152 35
1445068153 35
1445068153 35
1445068153 36
1445068153 164
1445068153 106
1445068153 4
1445068153 106
1445068153 106
1445068153 61
1445068153 15
1445068153 61
1445068153 61
1445068153 61
1445068153 61
1445068153 35
1445068153 35
1445068154 35
1445068154 35
1445068154 35
1445068154 35
1445068154 113
1445068154 119
1445068154 170
1445068154 35
1445068154 35
1445068154 113
1445068154 119
1445068154 170
1445068154 35
1445068155 35
1445068155 35
1445068156 35
1445068157 35
1445068157 35
1445068157 35
1445068158 35
1445068158 35
1445068159 35
1445068160 35
1445068160 35
1445068160 35
1445068161 35
1445068161 35
1445068162 35
1445068163 35
1445068163 35
1445068163 35
1445068164 35
1445068164 35
1445068164 35
1445068164 35
1445068164 35
1445068164 35
1445068164 35
1445068164 35
1445068164 35
1445068164 35
1445068164 35
1445068164 35
1445068164 35
1445068164 35
1445068164 35
1445068164 35
1445068164 35
1445068164 35
1445068164 89
1445068164 35
1445068164 35
1445068164 36
1445068164 164
1445068164 106
1445068164 4
1445068164 106
1445068164 106
1445068164 61
1445068164 15
1445068164 61
1445068164 61
1445068164 61
1445068164 61
1445068164 35
1445068165 35
1445068165 35
1445068165 35
1445068165 35
1445068165 113
1445068165 119
1445068165 170
1445068165 35
1445068165 35
1445068165 113
1445068165 119
1445068165 170
1445068166 35
1445068166 35
1445068167 35
1445068168 35
1445068168 35
1445068168 35
1445068169 35
1445068172 35
1445068175 35
1445068178 35
1445068181 35
1445068184 35
1445068187 35
1445068190 35
1445068193 35
1445068196 35
1445068199 35
1445068202 35
1445068205 35
1445068208 35
1445068211 35
1445068214 35
1445068216 35
1445068216 35
1445068216 35
1445068216 35
1445068216 35
1445068216 35
1445068216 35
1445068216 35
1445068216 35
1445068216 35
1445068216 35
1445068216 35
1445068216 35
1445068216 35
1445068216 35
1445068216 35
1445068216 35
1445068216 35
1445068216 35
1445068216 35
1445068216 35
1445068216 35
1445068216 35
1445068216 35
1445068216 35
1445068216 35
1445068216 35
1445068216 35
1445068216 17
1445068217 35
1445068217 35
1445068217 35
1445068217 113
1445068217 119
1445068217 170
1445068237 35
1445068237 158
1445068237 117
1445068237 117
1445068237 149
1445068237 35
1445068237 35
1445068237 35
1445068237 17
1445068237 35
1445068237 130
1445068258 35
1445068258 158
1445068258 117
1445068258 117
1445068258 149
1445068258 35
1445068258 35
1445068259 35
1445068259 130
1445068259 35
1445068259 34
1445068259 70
1445068259 35
1445068259 34
1445068259 130
1445068259 35
1445068259 34
1445068259 17
1445068259 35
1445068259 35
1445068259 35
1445068259 35
1445068260 35
1445068260 35
1445068260 35
1445068260 35
1445068260 35
1445068260 35
