1445067478 6
1445067479 6
1445067479 6
1445067479 6
1445067480 6
1445067480 6
1445067480 6
1445067480 6
1445067480 6
1445067480 6
1445067480 6
1445067480 6
1445067480 6
1445067480 6
1445067480 6
1445067480 6
1445067480 6
1445067480 6
1445067481 6
1445067481 6
1445067481 6
1445067481 6
1445067481 6
1445067481 6
1445067481 6
1445067481 6
1445067481 6
1445067481 6
1445067481 6
1445067481 6
1445067481 6
1445067481 6
1445067481 6
1445067481 6
1445067481 3
1445067482 6
1445067482 6
1445067482 6
1445067482 6
1445067482 6
1445067482 6
1445067482 6
1445067482 5
1445067482 1
1445067482 4
1445067482 6
1445067482 6
1445067482 6
1445067482 6
1445067482 6
1445067482 6
1445067482 6
1445067483 6
1445067483 6
1445067483 6
1445067483 6
1445067483 6
1445067483 6
1445067483 6
1445067483 6
1445067483 6
1445067483 6
1445067483 6
1445067483 6
1445067483 6
1445067483 6
1445067483 6
1445067483 6
1445067483 6
1445067483 6
1445067483 6
1445067483 6
1445067483 6
1445067483 6
1445067483 6
1445067483 6
1445067483 6
1445067483 6
1445067483 6
1445067483 6
1445067483 6
1445067483 6
1445067483 6
1445067483 6
1445067483 6
1445067483 6
1445067483 6
1445067483 6
1445067483 6
1445067483 6
1445067483 6
1445067483 6
1445067483 6
1445067483 6
1445067483 6
1445067483 6
1445067483 6
1445067483 6
1445067483 6
1445067483 6
1445067483 6
1445067483 6
1445067483 6
1445067483 6
1445067483 6
1445067483 6
1445067483 6
1445067483 6
1445067484 6
1445067484 6
1445067484 6
1445067484 6
1445067485 6
1445067485 6
1445067485 6
1445067485 6
1445067485 6
1445067485 6
1445067485 6
1445067485 6
1445067485 6
1445067485 6
1445067485 6
1445067485 6
1445067485 6
1445067485 6
1445067485 6
1445067485 6
1445067485 6
1445067485 6
1445067485 6
1445067485 6
1445067485 6
1445067485 6
1445067485 6
1445067485 6
1445067485 6
1445067485 6
1445067485 6
1445067485 6
1445067485 6
1445067485 6
1445067485 6
1445067485 6
1445067485 6
1445067485 6
1445067485 6
1445067485 6
1445067485 6
1445067485 6
1445067485 6
1445067485 6
1445067485 6
1445067485 6
1445067485 6
1445067485 6
1445067485 6
1445067485 6
1445067485 6
1445067485 6
1445067485 6
1445067485 6
1445067485 6
1445067485 6
1445067485 6
1445067486 6
1445067486 6
1445067486 6
1445067486 6
1445067486 6
1445067486 6
1445067486 6
1445067486 6
1445067486 6
1445067486 6
1445067486 6
1445067486 6
1445067486 6
1445067486 6
1445067486 6
1445067486 6
1445067486 6
1445067487 6
1445067487 6
1445067487 6
1445067487 6
1445067487 6
1445067487 6
1445067487 6
1445067487 6
1445067487 6
1445067487 6
1445067487 6
1445067487 6
1445067487 6
1445067487 6
1445067487 6
1445067487 6
1445067487 6
1445067487 6
1445067487 6
1445067487 6
1445067487 6
1445067487 6
1445067487 6
1445067487 6
1445067487 6
1445067487 6
1445067487 6
1445067487 6
1445067487 6
1445067488 6
1445067488 6
1445067488 6
1445067488 6
1445067488 6
1445067488 6
1445067488 6
1445067488 6
1445067488 6
1445067488 6
1445067488 6
1445067488 6
1445067488 6
1445067488 6
1445067488 6
1445067488 6
1445067488 6
1445067488 6
1445067488 6
1445067488 6
1445067488 6
1445067488 6
1445067488 6
1445067488 6
1445067488 6
1445067488 6
1445067488 6
1445067488 6
1445067488 6
1445067489 6
1445067489 6
1445067489 6
1445067489 6
1445067489 6
1445067489 6
1445067489 6
1445067489 6
1445067489 6
1445067489 6
1445067489 6
1445067489 6
1445067489 6
1445067489 6
1445067489 6
1445067489 6
1445067489 6
1445067489 6
1445067489 6
1445067489 6
1445067489 6
1445067489 6
1445067489 6
1445067489 6
1445067489 6
1445067489 6
1445067489 6
1445067489 6
1445067489 6
1445067489 6
1445067489 6
1445067489 6
1445067489 6
1445067489 6
1445067490 6
1445067490 6
1445067490 2
1445067490 6
1445067490 2
1445067490 6
1445067490 6
1445067490 6
1445067490 6
1445067490 6
1445067491 6
1445067491 6
1445067491 6
1445067491 6
1445067491 6
1445067491 2
1445067491 6
1445067491 6
1445067492 6
1445067492 6
1445067492 6
1445067492 6
1445067492 6
1445067492 6
1445067493 6
1445067493 6
1445067493 6
1445067493 6
1445067494 6
1445067494 6
1445067495 6
1445067495 6
1445067495 6
1445067495 6
1445067495 6
1445067497 6
1445067497 6
1445067497 6
1445067497 6
1445067497 6
1445067497 6
1445067497 6
1445067497 6
1445067497 6
1445067500 6
1445067500 6
1445067500 6
1445067500 6
1445067500 6
1445067501 6
1445067502 6
1445067502 6
1445067503 6
1445067503 6
1445067503 6
1445067503 6
1445067504 6
1445067505 6
1445067506 6
1445067506 6
1445067506 6
1445067506 6
1445067506 6
1445067508 6
1445067509 6
1445067509 6
1445067509 6
1445067509 6
1445067509 6
1445067509 6
1445067510 6
1445067511 6
1445067511 6
1445067512 6
1445067512 6
1445067512 6
1445067513 6
1445067513 6
1445067513 6
1445067513 6
1445067513 6
1445067514 6
1445067514 6
1445067515 6
1445067515 6
1445067516 6
1445067516 6
1445067516 6
1445067516 6
1445067516 6
1445067516 6
1445067517 6
1445067517 6
1445067519 6
1445067519 6
1445067519 6
1445067519 6
1445067519 6
1445067519 6
1445067519 6
1445067520 6
1445067520 6
1445067520 6
1445067522 6
1445067522 6
1445067522 6
1445067522 6
1445067522 6
1445067522 6
1445067522 6
1445067523 6
1445067523 6
1445067523 6
1445067525 6
1445067525 6
1445067525 6
1445067525 6
1445067525 6
1445067526 6
1445067526 6
1445067526 6
1445067526 6
1445067526 6
1445067528 6
1445067528 6
1445067529 6
1445067529 6
1445067529 6
1445067529 6
1445067529 6
1445067529 6
1445067530 6
1445067531 6
1445067531 6
1445067532 6
1445067532 6
1445067532 6
1445067532 6
1445067532 6
1445067532 6
1445067532 6
1445067533 6
1445067534 6
1445067535 6
1445067535 6
1445067535 6
1445067535 6
1445067535 6
1445067536 6
1445067536 6
1445067536 6
1445067537 6
1445067538 6
1445067538 6
1445067538 6
1445067538 6
1445067538 6
1445067539 6
1445067539 6
1445067539 6
1445067539 6
1445067540 6
1445067541 6
1445067541 6
1445067541 6
1445067541 6
1445067541 6
1445067542 6
1445067542 6
1445067542 6
1445067542 6
1445067544 6
1445067544 6
1445067544 6
1445067544 6
1445067544 6
1445067545 6
1445067545 6
1445067545 6
1445067545 6
1445067545 6
1445067547 6
1445067547 6
1445067547 6
1445067547 6
1445067547 6
1445067548 6
1445067548 6
1445067549 6
1445067549 6
1445067549 6
1445067550 6
1445067550 6
1445067550 6
1445067550 6
1445067550 6
1445067551 6
1445067551 6
1445067552 6
1445067552 6
1445067553 6
1445067553 6
1445067553 6
1445067553 6
1445067553 6
1445067554 6
1445067554 6
1445067554 6
1445067556 6
1445067556 6
1445067556 6
1445067556 6
1445067556 6
1445067557 6
1445067557 6
1445067557 6
1445067557 6
1445067557 6
1445067559 6
1445067559 6
1445067559 6
1445067560 6
1445067560 6
1445067560 6
1445067560 6
1445067560 6
1445067560 6
1445067561 6
1445067562 6
1445067562 6
1445067563 6
1445067563 6
1445067563 6
1445067563 6
1445067563 6
1445067563 6
1445067564 6
1445067564 6
1445067566 6
1445067566 6
1445067566 6
1445067566 6
1445067566 6
1445067566 6
1445067566 6
1445067566 6
1445067568 6
1445067568 6
1445067569 6
1445067569 6
1445067569 6
1445067569 6
1445067569 6
1445067569 6
1445067570 6
1445067571 6
1445067571 6
1445067572 6
1445067572 6
1445067572 6
1445067572 6
1445067572 6
1445067572 6
1445067573 6
1445067574 6
1445067574 6
1445067575 6
1445067575 6
1445067575 6
1445067575 6
1445067576 6
1445067576 6
1445067576 6
1445067576 6
1445067577 6
1445067577 6
1445067579 6
1445067579 6
1445067579 6
1445067579 6
1445067579 6
1445067579 6
1445067579 6
1445067580 6
1445067580 6
1445067580 6
1445067582 6
1445067582 6
1445067582 6
1445067582 6
1445067582 6
1445067583 6
1445067583 6
1445067583 6
1445067583 6
1445067584 6
1445067585 6
1445067585 6
1445067585 6
1445067586 6
1445067586 6
1445067586 6
1445067586 6
1445067587 6
1445067587 6
1445067587 6
1445067589 6
1445067589 6
1445067589 6
1445067589 6
1445067589 6
1445067589 6
1445067590 6
1445067590 6
1445067590 6
1445067592 6
1445067592 6
1445067592 6
1445067592 6
1445067592 6
1445067593 6
1445067593 6
1445067594 6
1445067595 6
1445067595 6
1445067595 6
1445067595 6
1445067596 6
1445067596 6
1445067596 6
1445067597 6
1445067598 6
1445067598 6
1445067598 6
1445067598 6
1445067598 6
1445067599 6
1445067599 6
1445067599 6
1445067599 6
1445067600 6
1445067601 6
1445067601 6
1445067601 6
1445067601 6
1445067601 6
1445067602 6
1445067602 6
1445067602 6
1445067602 6
1445067603 6
1445067604 6
1445067605 6
1445067605 6
1445067605 6
1445067605 6
1445067605 6
1445067605 6
1445067605 6
1445067606 6
1445067607 6
1445067607 6
1445067608 6
1445067608 6
1445067608 6
1445067608 6
1445067608 6
1445067608 6
1445067608 6
1445067610 6
1445067611 6
1445067611 6
1445067611 6
1445067611 6
1445067611 6
1445067611 6
1445067611 6
1445067611 6
1445067612 6
1445067614 6
1445067614 6
1445067614 6
1445067614 6
1445067614 6
1445067614 6
1445067614 6
1445067615 6
1445067615 6
1445067615 6
1445067617 6
1445067617 6
1445067617 6
1445067617 6
1445067617 6
1445067617 6
1445067618 6
1445067618 6
1445067619 6
1445067619 6
1445067620 6
1445067620 6
1445067620 6
1445067620 6
1445067620 6
1445067621 6
1445067621 6
1445067622 6
1445067622 6
1445067622 6
1445067623 6
1445067623 6
1445067623 6
1445067624 6
1445067624 6
1445067624 6
1445067624 6
1445067624 6
1445067624 6
1445067625 6
1445067625 6
1445067626 6
1445067626 6
1445067626 6
1445067627 6
1445067627 6
1445067627 6
1445067627 6
1445067628 6
1445067629 6
1445067629 6
1445067629 6
1445067629 6
1445067629 6
1445067630 6
1445067630 6
1445067630 6
1445067630 6
1445067631 6
1445067632 6
1445067632 6
1445067632 6
1445067633 6
1445067633 6
1445067633 6
1445067633 6
1445067633 6
1445067634 6
1445067635 6
1445067636 6
1445067636 6
1445067636 6
1445067636 6
1445067636 6
1445067636 6
1445067636 6
1445067636 6
1445067638 6
1445067638 6
1445067638 6
1445067639 6
1445067639 6
1445067639 6
1445067639 6
1445067639 6
1445067639 6
1445067639 6
1445067640 6
1445067642 6
1445067642 6
1445067642 6
1445067642 6
1445067642 6
1445067642 6
1445067642 6
1445067643 6
1445067643 6
1445067643 6
1445067645 6
1445067645 6
1445067645 6
1445067645 6
1445067645 6
