1445076574 8
1445076574 147
1445076574 16
1445076574 102
1445076574 83
1445076574 8
1445076575 147
1445076576 160
1445076577 82
1445076577 67
1445076577 22
1445076577 102
1445076577 3
1445076577 75
1445076577 25
1445076577 25
1445076577 154
1445076582 102
1445076582 25
1445076582 25
1445076582 102
1445076592 75
1445076592 25
1445076594 102
1445076594 25
1445076594 25
1445076594 102
1445076603 75
1445076603 25
1445076605 102
1445076605 25
1445076605 25
1445076605 102
1445076615 75
1445076615 25
1445076617 102
1445076617 25
1445076617 25
1445076617 102
1445076629 75
1445076629 25
1445076632 102
1445076632 25
1445076632 25
1445076632 102
1445076648 75
1445076648 25
1445076650 102
1445076650 25
1445076650 25
1445076650 102
1445076659 75
1445076659 25
1445076661 102
1445076661 25
1445076661 25
1445076661 102
1445076671 75
1445076671 25
1445076673 67
1445076673 102
1445076673 25
1445076673 25
1445076681 75
1445076681 102
1445076681 160
1445076713 129
1445076713 3
1445076713 16
1445076713 16
1445076713 111
