1445071970 17
1445071971 7
1445071971 12
1445071971 15
1445071971 4
1445071971 3
1445071972 1
1445071975 2
1445071977 6
1445071977 9
1445071981 5
1445071982 21
1445071982 8
1445071982 18
1445071982 19
1445071982 20
1445071982 10
1445072002 16
1445072002 11
1445072002 14
1445072002 21
1445072053 22
1445072053 13
1445072060 16
1445072060 11
1445072060 14
1445072060 21
1445072099 22
1445072099 13
1445072105 16
1445072105 11
1445072105 14
1445072105 21
1445072139 22
1445072139 13
1445072145 16
1445072145 11
1445072145 14
1445072145 21
