1445162771 25
1445162772 12
1445162772 17
1445162772 22
1445162772 6
1445162772 5
1445162773 2
1445162775 4
1445162777 8
1445162777 9
1445162779 7
1445162779 26
1445162779 10
1445162779 21
1445162779 18
1445162779 20
1445162779 11
1445162790 19
1445162790 16
1445162790 14
1445162790 26
1445162820 27
1445162820 15
1445162824 19
1445162824 16
1445162824 14
1445162824 26
1445162839 27
1445162839 15
1445162842 19
1445162842 16
1445162842 14
1445162842 26
1445162855 27
1445162855 15
1445162859 19
1445162859 16
1445162859 14
1445162859 26
1445162872 27
1445162872 15
1445162874 19
1445162874 16
1445162874 14
1445162874 26
1445162888 27
1445162888 15
1445162890 19
1445162890 16
1445162890 14
1445162890 26
1445162903 27
1445162903 15
1445162905 19
1445162905 16
1445162905 14
1445162905 26
1445162920 27
1445162920 15
1445162921 13
1445162921 19
1445162921 16
1445162921 14
1445162931 28
1445162931 23
1445162931 1
1445162968 3
1445162968 24
