1445162771 8
1445162772 147
1445162772 16
1445162772 102
1445162772 83
1445162772 8
1445162773 147
1445162775 160
1445162777 82
1445162777 67
1445162779 22
1445162779 102
1445162779 3
1445162779 75
1445162779 25
1445162779 25
1445162779 154
1445162790 102
1445162790 25
1445162790 25
1445162790 102
1445162820 75
1445162820 25
1445162824 102
1445162824 25
1445162824 25
1445162824 102
1445162839 75
1445162839 25
1445162842 102
1445162842 25
1445162842 25
1445162842 102
1445162855 75
1445162855 25
1445162859 102
1445162859 25
1445162859 25
1445162859 102
1445162872 75
1445162872 25
1445162874 102
1445162874 25
1445162874 25
1445162874 102
1445162888 75
1445162888 25
1445162890 102
1445162890 25
1445162890 25
1445162890 102
1445162903 75
1445162903 25
1445162905 102
1445162905 25
1445162905 25
1445162905 102
1445162920 75
1445162920 25
1445162921 67
1445162921 102
1445162921 25
1445162921 25
1445162931 75
1445162931 102
1445162931 160
1445162968 129
1445162968 3
