1445071688 8
1445071688 147
1445071688 16
1445071688 102
1445071688 83
1445071689 8
1445071689 147
1445071691 160
1445071692 82
1445071694 67
1445071698 22
1445071698 102
1445071698 3
1445071698 75
1445071698 25
1445071698 25
1445071698 154
1445071717 102
1445071717 25
1445071717 25
1445071717 102
1445071767 75
1445071767 25
1445071779 102
1445071779 25
1445071779 25
1445071779 102
1445071827 75
1445071827 25
1445071835 67
1445071835 102
1445071835 25
1445071835 25
1445071875 75
1445071877 102
1445071878 160
1445071941 129
1445071942 3
1445071942 16
1445071942 16
1445071942 111
