1445162517 24
1445162517 13
1445162517 16
1445162517 26
1445162517 6
1445162517 4
1445162518 2
1445162518 3
1445162519 8
1445162519 9
1445162519 7
1445162519 31
1445162519 10
1445162519 28
1445162519 23
1445162519 21
1445162519 14
1445162523 22
1445162523 20
1445162523 19
1445162523 31
1445162534 29
1445162534 17
1445162537 22
1445162537 20
1445162537 19
1445162537 31
1445162549 29
1445162549 17
1445162551 22
1445162551 20
1445162551 19
1445162551 31
1445162562 29
1445162562 17
1445162565 22
1445162565 20
1445162565 19
1445162565 31
1445162576 29
1445162576 17
1445162578 22
1445162578 20
1445162578 19
1445162578 31
1445162589 29
1445162589 17
1445162591 22
1445162591 20
1445162591 19
1445162591 31
1445162602 29
1445162602 17
1445162605 22
1445162605 20
1445162605 19
1445162605 31
1445162616 29
1445162616 17
1445162617 11
1445162617 22
1445162617 20
1445162617 19
1445162624 30
1445162624 27
1445162624 1
1445162655 5
1445162655 25
1445162655 18
1445162655 15
1445162655 12
