1445067489 23
1445067489 12
1445067489 17
1445067489 26
1445067489 8
1445067489 7
1445067490 4
1445067490 5
1445067491 11
1445067491 13
1445067491 9
1445067491 33
1445067491 15
1445067491 25
1445067491 22
1445067491 27
1445067491 16
1445067496 24
1445067496 19
1445067496 20
1445067496 33
1445067508 34
1445067508 18
1445067524 24
1445067524 19
1445067524 20
1445067524 33
1445067534 34
1445067534 18
1445067539 24
1445067539 19
1445067539 20
1445067539 33
1445067549 34
1445067549 18
1445067556 24
1445067556 19
1445067556 20
1445067556 33
1445067568 34
1445067568 18
1445067579 24
1445067579 19
1445067579 20
1445067579 33
1445067591 34
1445067591 18
1445067594 24
1445067594 19
1445067594 20
1445067594 33
1445067604 34
1445067604 18
1445067610 24
1445067610 19
1445067610 20
1445067610 33
1445067620 34
1445067620 18
1445067623 14
1445067623 24
1445067623 19
1445067623 20
1445067631 35
1445067631 21
1445067631 3
1445067648 1
1445067648 38
1445067648 37
1445067648 37
1445067648 28
1445067648 39
1445067648 36
1445067648 50
1445067648 10
1445067648 44
1445067648 43
1445067648 45
1445067648 46
1445067648 42
1445067648 32
1445067648 40
1445067648 41
1445067648 41
1445067648 48
1445067648 48
1445067648 29
1445067648 47
1445067648 49
1445067648 51
1445067648 30
1445067648 31
1445067648 -1
1445067655 6
1445067671 2
1445067691 2
1445067711 2
1445067731 2
1445067751 2
1445067771 2
1445067791 2
1445067811 2
1445067831 2
1445067851 2
1445067871 2
1445067891 2
1445067911 2
1445067931 2
1445067951 2
1445067971 2
1445067991 2
1445068011 2
1445068031 2
1445068051 2
1445068071 2
1445068091 2
1445068111 2
1445068131 2
1445068151 2
1445068171 2
1445068191 2
1445068211 2
1445068231 2
1445068251 2
1445068271 2
1445068291 2
1445068311 2
1445068331 2
1445068351 2
1445068371 2
