1445175360 42
1445175360 38
1445175360 39
1445175360 43
1445175360 29
1445175360 26
1445175361 4
1445175361 22
1445175362 34
1445175362 37
1445175362 35
1445175362 32
1445175362 28
1445175362 12
1445175362 13
1445175362 14
1445175362 1
1445175362 16
1445175362 6
1445175363 21
1445175363 5
1445175363 12
1445175363 13
1445175363 1
1445175363 16
1445175363 6
1445175364 21
1445175364 16
1445175364 6
1445175366 21
1445175366 16
1445175366 6
1445175367 21
1445175367 16
1445175367 6
1445175368 21
1445175368 8
1445175437 14
1445175437 12
1445175437 13
1445175437 1
1445175437 16
1445175437 6
1445175438 14
1445175438 21
1445175438 7
1445175438 12
1445175438 13
1445175438 1
1445175438 16
1445175438 6
1445175439 21
1445175439 11
1445175511 14
1445175511 12
1445175511 13
1445175511 1
1445175511 16
1445175511 6
1445175512 19
1445175512 14
1445175512 20
1445175512 1
1445175512 16
1445175512 6
1445175513 21
1445175513 10
1445175519 14
1445175536 21
1445175536 15
1445175536 19
1445175536 20
1445175536 1
1445175536 16
1445175536 6
1445175577 21
1445175577 17
1445175577 25
1445175577 9
1445175577 33
1445175577 30
1445175577 40
1445175577 3
1445175577 18
1445175649 23
1445175649 47
1445175649 46
1445175649 44
1445175649 45
1445175649 24
1445175649 31
1445175914 27
1445175914 36
1445175914 2
1445175914 41
