1445235825 23
1445235825 9
1445235825 17
1445235825 24
1445235825 6
1445235825 4
1445235826 2
1445235826 3
1445235827 8
1445235827 12
1445235828 7
1445235828 26
1445235828 11
1445235828 19
1445235828 21
1445235828 25
1445235828 10
1445235831 22
1445235831 15
1445235831 14
1445235831 26
1445235840 28
1445235840 16
1445235841 22
1445235841 15
1445235841 14
1445235841 26
1445235850 28
1445235850 16
1445235851 22
1445235851 15
1445235851 14
1445235851 26
1445235860 28
1445235860 16
1445235861 22
1445235861 15
1445235861 14
1445235861 26
1445235870 28
1445235870 16
1445235871 22
1445235871 15
1445235871 14
1445235871 26
1445235880 28
1445235880 16
1445235881 22
1445235881 15
1445235881 14
1445235881 26
1445235881 13
1445235890 28
1445235890 16
1445235890 22
1445235890 15
1445235890 14
1445235891 27
1445235891 20
1445235891 1
1445235921 5
1445235921 18
