1445235702 25
1445235702 13
1445235702 18
1445235702 26
1445235702 6
1445235703 3
1445235703 2
1445235703 5
1445235704 8
1445235704 10
1445235704 7
1445235704 29
1445235704 11
1445235704 28
1445235704 22
1445235704 24
1445235704 14
1445235706 23
1445235706 19
1445235706 16
1445235706 29
1445235715 30
1445235715 15
1445235717 23
1445235717 19
1445235717 16
1445235717 29
1445235724 30
1445235724 15
1445235725 23
1445235725 19
1445235725 16
1445235725 29
1445235734 30
1445235734 15
1445235735 23
1445235735 19
1445235735 16
1445235735 29
1445235743 30
1445235743 15
1445235744 12
1445235744 23
1445235744 19
1445235744 16
1445235751 31
1445235751 27
1445235751 1
1445235769 4
1445235769 21
1445235769 17
1445235769 20
1445235769 9
