1445235702 8
1445235702 147
1445235702 16
1445235702 102
1445235702 83
1445235703 8
1445235703 147
1445235703 160
1445235704 82
1445235704 67
1445235704 22
1445235704 102
1445235704 3
1445235704 75
1445235704 25
1445235704 25
1445235704 154
1445235706 102
1445235706 25
1445235706 25
1445235706 102
1445235715 75
1445235715 25
1445235717 102
1445235717 25
1445235717 25
1445235717 102
1445235724 75
1445235724 25
1445235725 102
1445235725 25
1445235725 25
1445235725 102
1445235734 75
1445235734 25
1445235735 102
1445235735 25
1445235735 25
1445235735 102
1445235743 75
1445235743 25
1445235744 67
1445235744 102
1445235744 25
1445235744 25
1445235751 75
1445235751 102
1445235751 160
1445235769 129
1445235769 3
1445235769 16
1445235769 16
1445235769 111
