1445067511 15
1445067511 10
1445067511 13
1445067511 19
1445067511 4
1445067512 2
1445067516 1
1445067519 3
1445067520 6
1445067520 8
1445067522 5
1445067522 21
1445067522 7
1445067522 17
1445067522 16
1445067522 20
1445067522 9
1445067642 18
1445067642 14
1445067642 12
1445067642 21
1445067670 22
1445067670 11
1445067683 18
1445067683 14
1445067683 12
1445067683 21
1445067718 22
1445067718 11
1445067726 18
1445067726 14
1445067726 12
1445067726 21
1445067762 22
1445067763 11
1445067769 18
1445067769 14
1445067769 12
1445067769 21
1445067804 22
1445067804 11
1445067811 18
1445067811 14
1445067811 12
1445067811 21
1445067844 22
1445067844 11
1445067850 18
1445067850 14
1445067850 12
1445067850 21
1445067882 22
1445067882 11
1445067887 18
1445067887 14
1445067887 12
1445067887 21
