1445067511 8
1445067511 147
1445067511 16
1445067511 102
1445067511 83
1445067512 8
1445067516 147
1445067519 160
1445067520 82
1445067520 67
1445067522 22
1445067522 102
1445067522 3
1445067522 75
1445067522 25
1445067522 25
1445067522 154
1445067642 102
1445067642 25
1445067642 25
1445067642 102
1445067670 75
1445067670 25
1445067683 102
1445067683 25
1445067683 25
1445067683 102
1445067718 75
1445067718 25
1445067726 102
1445067726 25
1445067726 25
1445067726 102
1445067762 75
1445067763 25
1445067769 102
1445067769 25
1445067769 25
1445067769 102
1445067804 75
1445067804 25
1445067811 102
1445067811 25
1445067811 25
1445067811 102
1445067844 75
1445067844 25
1445067850 102
1445067850 25
1445067850 25
1445067850 102
1445067882 75
1445067882 25
1445067887 102
1445067887 25
1445067887 25
1445067887 102
