1445092017 8
1445092017 147
1445092017 16
1445092017 102
1445092017 83
1445092017 8
1445092019 147
1445092021 160
1445092023 82
1445092023 67
1445092025 22
1445092026 102
1445092026 3
1445092026 75
1445092026 25
1445092026 25
1445092026 154
1445092034 102
1445092034 25
1445092034 25
1445092034 102
1445092065 75
1445092065 25
1445092069 102
1445092069 25
1445092069 25
1445092069 102
1445092098 75
1445092098 25
1445092103 102
1445092103 25
1445092103 25
1445092103 102
1445092131 75
1445092131 25
1445092135 102
1445092135 25
1445092135 25
1445092135 102
1445092164 75
1445092164 25
1445092168 102
1445092168 25
1445092168 25
1445092168 102
1445092196 75
1445092196 25
1445092200 102
1445092200 25
1445092200 25
1445092200 102
1445092202 67
1445092228 75
1445092228 25
1445092228 102
1445092228 25
1445092228 25
1445092232 75
1445092232 102
1445092233 160
1445092331 129
1445092331 3
1445092332 16
1445092332 16
1445092332 111
