1445088459 18
1445088459 9
1445088459 15
1445088459 25
1445088459 6
1445088459 4
1445088459 2
1445088460 5
1445088460 7
1445088460 11
1445088460 8
1445088461 27
1445088461 12
1445088461 19
1445088461 23
1445088461 21
1445088461 13
1445088462 22
1445088462 17
1445088462 16
1445088462 27
1445088471 26
1445088471 14
1445088471 22
1445088471 17
1445088471 16
1445088471 27
1445088479 26
1445088479 14
1445088480 22
1445088480 17
1445088480 16
1445088480 27
1445088488 26
1445088488 14
1445088489 22
1445088489 17
1445088489 16
1445088489 27
1445088498 26
1445088498 14
1445088498 22
1445088498 17
1445088498 16
1445088498 27
1445088506 26
1445088506 14
1445088507 22
1445088507 17
1445088507 16
1445088507 27
1445088507 10
1445088515 26
1445088515 14
1445088515 22
1445088515 17
1445088515 16
1445088516 28
1445088516 24
1445088516 1
1445088541 3
1445088541 20
