1445088459 8
1445088459 147
1445088459 16
1445088459 102
1445088459 83
1445088459 8
1445088459 147
1445088460 160
1445088460 82
1445088460 67
1445088460 22
1445088461 102
1445088461 3
1445088461 75
1445088461 25
1445088461 25
1445088461 154
1445088462 102
1445088462 25
1445088462 25
1445088462 102
1445088471 75
1445088471 25
1445088471 102
1445088471 25
1445088471 25
1445088471 102
1445088479 75
1445088479 25
1445088480 102
1445088480 25
1445088480 25
1445088480 102
1445088488 75
1445088488 25
1445088489 102
1445088489 25
1445088489 25
1445088489 102
1445088498 75
1445088498 25
1445088498 102
1445088498 25
1445088498 25
1445088498 102
1445088506 75
1445088506 25
1445088507 102
1445088507 25
1445088507 25
1445088507 102
1445088507 67
1445088515 75
1445088515 25
1445088515 102
1445088515 25
1445088515 25
1445088516 75
1445088516 102
1445088516 160
1445088541 129
1445088541 3
