1445240993 35
1445240994 35
1445240994 35
1445240994 35
1445240996 35
1445240996 35
1445240996 35
1445240996 35
1445240996 35
1445240996 35
1445240996 35
1445240996 35
1445240996 35
1445240996 35
1445240996 35
1445240996 35
1445240996 35
1445240996 35
1445240996 35
1445240996 35
1445240997 35
1445240997 35
1445240997 35
1445240997 35
1445240997 35
1445240997 35
1445240997 35
1445240997 35
1445240997 35
1445240997 35
1445240997 35
1445240997 35
1445240997 35
1445240997 35
1445240997 8
1445240997 35
1445240997 35
1445240997 35
1445240997 35
1445240997 35
1445240997 35
1445240997 35
1445240997 64
1445240997 5
1445240998 64
1445240998 35
1445240998 35
1445240998 35
1445240998 35
1445240998 35
1445240998 35
1445240998 35
1445240998 35
1445240998 35
1445240998 35
1445240998 35
1445240998 35
1445240998 35
1445240998 35
1445240998 35
1445240998 35
1445240998 35
1445240998 35
1445240998 35
1445240998 35
1445240998 35
1445240998 35
1445240998 35
1445240998 35
1445240998 35
1445240998 35
1445240998 35
1445240998 35
1445240998 35
1445240998 35
1445240998 35
1445240998 35
1445240998 35
1445240998 35
1445240998 35
1445240998 35
1445240998 35
1445240998 35
1445240998 35
1445240998 35
1445240998 35
1445240998 35
1445240998 35
1445240998 35
1445240998 35
1445240998 35
1445240998 35
1445240998 35
1445240998 35
1445240998 35
1445240998 35
1445240998 35
1445240998 35
1445240998 35
1445240998 35
1445240998 35
1445240998 35
1445240998 35
1445240998 35
1445240998 35
1445240998 35
1445240998 35
1445240999 35
1445240999 35
1445240999 35
1445240999 35
1445240999 35
1445241000 35
1445241000 35
1445241001 35
1445241001 35
1445241002 35
1445241002 35
1445241002 35
1445241002 35
1445241002 35
1445241002 35
1445241003 35
1445241003 35
1445241003 35
1445241003 35
1445241003 35
1445241003 35
1445241003 35
1445241003 35
1445241003 35
1445241003 35
1445241003 35
1445241003 35
1445241003 35
1445241003 35
1445241003 35
1445241003 35
1445241003 35
1445241003 35
1445241004 35
1445241004 35
1445241004 35
1445241004 35
1445241004 35
1445241004 35
1445241004 35
1445241004 35
1445241005 35
1445241005 35
1445241005 35
1445241006 35
1445241006 35
1445241006 35
1445241006 35
1445241006 35
1445241006 35
1445241006 35
1445241006 35
1445241007 35
1445241007 35
1445241008 35
1445241008 35
1445241009 35
1445241009 35
1445241010 35
1445241010 35
1445241011 35
1445241011 35
1445241012 35
1445241012 35
1445241013 35
1445241013 35
1445241014 35
1445241014 35
1445241015 35
1445241015 35
1445241016 35
1445241016 35
1445241017 35
1445241017 35
1445241017 35
1445241017 35
1445241017 35
1445241017 35
1445241018 35
1445241018 35
1445241018 35
1445241018 35
1445241019 35
1445241019 35
1445241020 35
1445241020 35
1445241021 35
1445241021 35
1445241022 35
1445241022 35
1445241023 35
1445241023 35
1445241025 35
1445241025 35
1445241026 35
1445241026 35
1445241027 35
1445241027 35
1445241028 35
1445241028 35
1445241029 35
1445241029 35
1445241030 35
1445241030 35
1445241031 35
1445241031 35
1445241032 35
1445241032 35
1445241033 35
1445241033 35
1445241034 35
1445241034 35
1445241035 35
1445241035 35
1445241036 35
1445241036 35
1445241037 35
1445241037 35
1445241038 35
1445241038 35
1445241040 35
1445241040 35
1445241041 35
1445241041 35
1445241042 35
1445241042 35
1445241043 35
1445241043 35
1445241044 35
1445241044 35
1445241044 35
1445241045 35
1445241045 35
1445241046 35
1445241046 35
1445241047 35
1445241047 35
1445241048 35
1445241048 35
1445241049 35
1445241049 35
1445241050 35
1445241050 35
1445241050 35
1445241051 35
1445241051 35
1445241051 35
1445241052 35
1445241052 35
1445241053 35
1445241053 35
1445241054 35
1445241054 35
1445241055 35
1445241055 35
1445241055 35
1445241056 35
1445241056 35
1445241056 35
1445241057 35
1445241057 35
1445241058 35
1445241058 35
1445241059 35
1445241059 35
1445241060 35
1445241060 35
1445241060 35
1445241060 35
1445241061 35
1445241061 35
1445241062 35
1445241062 35
1445241063 35
1445241063 35
1445241064 35
1445241065 35
1445241065 35
1445241065 35
1445241066 35
1445241066 35
1445241067 35
1445241067 35
1445241068 35
1445241068 35
1445241069 35
1445241069 35
1445241069 35
1445241070 35
1445241070 35
1445241070 35
1445241071 35
1445241071 35
1445241072 35
1445241072 35
1445241073 35
1445241073 35
1445241074 35
1445241074 35
1445241074 35
1445241075 35
1445241075 35
1445241075 35
1445241076 35
1445241076 35
1445241077 35
1445241077 35
1445241078 35
1445241078 35
1445241079 35
1445241079 35
1445241079 35
1445241080 35
1445241080 35
1445241081 35
1445241081 35
1445241081 35
1445241082 35
1445241082 35
1445241083 35
1445241083 35
1445241084 35
1445241084 35
1445241084 35
1445241085 35
1445241085 35
1445241086 35
1445241086 35
1445241086 35
1445241087 35
1445241087 35
1445241088 35
1445241088 35
1445241089 35
1445241089 35
1445241090 35
1445241090 35
1445241090 35
1445241091 35
1445241091 35
1445241092 35
1445241092 35
1445241092 35
1445241093 35
1445241093 35
1445241094 35
1445241094 35
1445241094 35
1445241096 35
1445241096 35
1445241096 35
1445241097 35
1445241097 35
1445241098 35
1445241098 35
1445241099 35
1445241099 35
1445241099 35
1445241100 35
1445241100 35
1445241101 35
1445241101 35
1445241102 35
1445241102 35
1445241102 35
1445241103 35
1445241103 35
1445241104 35
1445241104 35
1445241105 35
1445241105 35
1445241105 35
1445241106 35
1445241106 35
1445241107 35
1445241107 35
1445241107 35
1445241108 35
1445241108 35
1445241109 35
1445241109 35
1445241110 35
1445241110 35
1445241110 35
1445241111 35
1445241111 35
1445241112 35
1445241112 35
1445241113 35
1445241113 35
1445241113 35
1445241114 35
1445241114 35
1445241115 35
1445241115 35
1445241115 35
1445241116 35
1445241116 35
1445241117 35
1445241117 35
1445241118 35
1445241118 35
1445241118 35
1445241120 35
1445241120 35
1445241120 35
1445241121 35
1445241121 35
1445241122 35
1445241122 35
1445241123 35
1445241123 35
1445241123 35
1445241124 35
1445241124 35
1445241125 35
1445241125 35
1445241125 35
1445241126 35
1445241126 35
1445241127 35
1445241127 35
1445241128 35
1445241128 35
1445241128 35
1445241129 35
1445241129 35
1445241130 35
1445241130 35
1445241130 35
1445241131 35
1445241131 35
1445241132 35
1445241132 35
1445241133 35
1445241133 35
1445241133 35
1445241134 35
1445241134 35
1445241135 35
1445241135 35
1445241135 35
1445241136 35
1445241136 35
1445241137 35
1445241137 35
1445241138 35
1445241138 35
1445241138 35
1445241139 35
1445241139 35
1445241140 35
1445241140 35
1445241140 35
1445241141 35
1445241141 35
1445241142 35
1445241142 35
1445241142 35
1445241142 35
1445241142 35
1445241142 35
1445241142 35
1445241142 35
1445241142 35
1445241142 35
1445241143 35
1445241143 35
1445241143 35
1445241143 35
1445241143 35
1445241143 35
1445241143 35
1445241143 35
1445241143 35
1445241145 35
1445241145 35
1445241145 35
1445241146 35
1445241146 35
1445241147 35
1445241147 35
1445241147 35
1445241147 35
1445241147 35
1445241148 35
1445241148 35
1445241148 35
1445241149 35
1445241149 35
1445241150 35
1445241150 35
1445241151 35
1445241151 35
1445241151 35
1445241152 35
1445241152 35
1445241153 35
1445241153 35
1445241154 35
1445241154 35
1445241154 35
1445241154 35
1445241155 35
1445241155 35
1445241156 35
1445241156 35
1445241156 35
1445241157 35
1445241157 35
1445241157 35
1445241158 35
1445241158 35
1445241159 35
1445241159 35
1445241159 35
1445241160 35
1445241160 35
1445241160 35
1445241161 35
1445241161 35
1445241161 35
1445241162 35
1445241162 35
1445241163 35
1445241163 35
1445241163 35
1445241163 35
1445241164 35
1445241164 35
1445241165 35
1445241165 35
1445241166 35
1445241166 35
1445241166 35
1445241166 35
1445241167 35
1445241167 35
1445241168 35
1445241168 35
1445241168 35
1445241169 35
1445241169 35
1445241169 35
1445241170 35
1445241170 35
1445241171 35
1445241171 35
1445241172 35
1445241172 35
1445241172 35
1445241173 35
1445241173 35
1445241173 35
1445241173 35
1445241175 35
1445241175 35
1445241176 35
1445241176 35
1445241176 35
1445241176 35
1445241177 35
1445241177 35
1445241178 35
1445241178 35
1445241178 35
1445241179 35
1445241179 35
1445241179 35
1445241180 35
1445241180 35
1445241181 35
1445241181 35
1445241182 35
1445241182 35
1445241182 35
1445241182 35
1445241183 35
1445241183 35
1445241183 35
1445241184 35
1445241184 35
1445241185 35
1445241185 35
1445241185 35
1445241186 35
1445241186 35
1445241187 35
1445241187 35
1445241187 35
1445241188 35
1445241188 35
1445241188 35
1445241188 35
1445241189 35
1445241189 35
1445241190 35
1445241190 35
1445241191 35
1445241191 35
1445241191 35
1445241192 35
1445241192 35
1445241192 35
1445241193 35
1445241193 35
1445241193 35
1445241194 35
1445241195 35
1445241195 35
1445241196 35
1445241196 35
1445241197 35
1445241197 35
1445241197 35
1445241197 35
1445241198 35
1445241198 35
1445241198 35
1445241199 35
1445241199 35
1445241200 35
1445241200 35
1445241200 35
1445241201 35
1445241201 35
1445241202 35
1445241202 35
1445241202 35
1445241203 35
1445241203 35
1445241203 35
1445241203 35
1445241204 35
1445241204 35
1445241205 35
1445241205 35
1445241206 35
1445241206 35
1445241206 35
1445241206 35
1445241207 35
1445241207 35
1445241207 35
1445241208 35
1445241208 35
1445241209 35
1445241209 35
1445241210 35
1445241210 35
1445241210 35
1445241211 35
1445241211 35
1445241211 35
1445241212 35
1445241212 35
1445241212 35
1445241213 35
1445241213 35
1445241213 35
1445241214 35
1445241214 35
1445241215 35
1445241215 35
1445241216 35
1445241216 35
1445241216 35
1445241217 35
1445241217 35
1445241217 35
1445241217 35
1445241218 35
1445241218 35
1445241219 35
1445241219 35
1445241219 35
1445241220 35
1445241220 35
1445241221 35
1445241221 35
1445241222 35
1445241222 35
1445241222 35
1445241222 35
1445241223 35
1445241223 35
1445241223 35
1445241224 35
1445241224 35
1445241225 35
1445241226 35
1445241226 35
1445241227 35
1445241227 35
1445241227 35
1445241227 35
1445241228 35
1445241228 35
1445241228 35
1445241228 35
1445241229 35
1445241229 35
1445241230 35
1445241230 35
1445241231 35
1445241231 35
1445241231 35
1445241232 35
1445241232 35
1445241232 35
1445241232 35
1445241233 35
1445241233 35
1445241234 35
1445241234 35
1445241235 35
1445241235 35
1445241235 35
1445241236 35
1445241236 35
1445241237 35
1445241237 35
1445241237 35
1445241238 35
1445241238 35
1445241238 35
1445241238 35
1445241239 35
1445241239 35
1445241240 35
1445241240 35
1445241241 35
1445241241 35
1445241241 35
1445241242 35
1445241242 35
1445241242 35
1445241243 35
1445241243 35
1445241243 35
1445241244 35
1445241244 35
1445241244 35
1445241245 35
1445241245 35
1445241246 35
1445241246 35
1445241247 35
1445241247 35
1445241247 35
1445241247 35
1445241248 35
1445241248 35
1445241248 35
1445241249 35
1445241249 35
1445241250 35
1445241251 35
1445241251 35
1445241252 35
1445241252 35
1445241252 35
1445241253 35
1445241253 35
1445241253 35
1445241253 35
1445241254 35
1445241254 35
1445241255 35
1445241255 35
1445241256 35
1445241256 35
1445241256 35
1445241257 35
1445241257 35
1445241257 35
1445241257 35
1445241258 35
1445241258 35
1445241259 35
1445241259 35
1445241259 35
1445241260 35
1445241260 35
1445241261 35
1445241261 35
1445241262 35
1445241262 35
1445241262 35
1445241262 35
1445241262 35
1445241263 35
1445241263 35
1445241264 35
1445241264 35
1445241265 35
1445241265 35
1445241265 35
1445241266 35
1445241266 35
1445241266 35
1445241266 35
1445241266 35
1445241266 35
1445241266 35
1445241266 35
1445241266 35
1445241266 35
1445241267 35
1445241267 35
1445241267 35
1445241267 35
1445241267 35
1445241267 35
1445241267 35
1445241267 35
1445241267 35
1445241267 35
1445241268 35
1445241268 35
1445241268 35
1445241268 35
1445241268 35
1445241268 35
1445241268 35
1445241268 35
1445241268 35
1445241268 35
1445241268 35
1445241268 35
1445241268 35
1445241268 35
1445241268 35
1445241269 35
1445241269 35
1445241269 35
1445241269 35
1445241270 35
1445241270 35
1445241271 35
1445241271 35
1445241272 35
1445241272 35
1445241272 35
1445241272 35
1445241272 35
1445241272 35
1445241272 35
1445241272 35
1445241272 35
1445241272 35
1445241272 35
1445241273 35
1445241273 35
1445241273 35
1445241273 35
1445241273 35
1445241273 35
1445241273 35
1445241273 35
1445241273 35
1445241273 35
1445241273 35
1445241273 35
1445241273 35
1445241273 35
1445241273 35
1445241274 35
1445241274 35
1445241274 35
1445241274 35
1445241274 35
1445241274 35
1445241274 35
1445241274 35
1445241274 35
1445241274 35
1445241274 35
1445241274 35
1445241274 35
1445241275 35
1445241275 35
1445241275 35
1445241275 35
1445241275 35
1445241276 35
1445241276 35
1445241276 35
1445241276 113
1445241276 119
1445241276 170
1445241276 35
1445241276 35
1445241276 35
1445241276 35
1445241276 35
1445241276 35
1445241276 35
1445241276 35
1445241276 35
1445241276 35
1445241276 35
1445241276 35
1445241276 35
1445241276 35
1445241276 35
1445241276 35
1445241276 35
1445241276 35
1445241277 35
1445241277 35
1445241277 35
1445241277 35
1445241277 35
1445241277 35
1445241277 35
1445241277 35
1445241277 35
1445241277 35
1445241277 35
1445241277 35
1445241277 35
1445241277 35
1445241277 35
1445241277 35
1445241278 35
1445241278 35
1445241278 35
1445241279 35
1445241279 35
1445241279 35
1445241279 35
1445241280 35
1445241280 35
1445241280 35
1445241280 35
1445241280 35
1445241280 35
1445241281 35
1445241281 35
1445241281 35
1445241281 35
1445241281 35
1445241281 35
1445241282 35
1445241282 35
1445241282 35
1445241282 35
1445241283 35
1445241283 35
1445241283 35
1445241283 35
1445241283 35
1445241283 35
1445241283 35
1445241283 35
1445241283 35
1445241283 35
1445241283 35
1445241283 35
1445241283 35
1445241283 35
1445241283 35
1445241284 35
1445241284 35
1445241284 35
1445241284 35
1445241285 35
1445241285 35
1445241285 35
1445241285 35
1445241285 35
1445241286 35
1445241286 35
1445241286 35
1445241286 35
1445241286 35
1445241286 35
1445241287 35
1445241287 35
1445241288 35
1445241288 35
1445241288 35
1445241288 35
1445241288 35
1445241288 35
1445241289 35
1445241289 35
1445241289 35
1445241290 35
1445241290 35
1445241290 35
1445241290 35
1445241291 35
1445241291 35
1445241291 35
1445241291 35
1445241291 35
1445241292 35
1445241292 35
1445241292 35
1445241293 35
1445241293 35
1445241293 35
1445241293 35
1445241294 35
1445241294 35
1445241294 35
1445241294 35
1445241294 35
1445241294 35
1445241295 35
1445241295 35
1445241295 35
1445241295 35
1445241296 35
1445241296 35
1445241296 35
1445241297 35
1445241297 35
1445241297 35
1445241297 35
1445241297 35
1445241297 35
1445241298 35
1445241298 35
1445241298 35
1445241298 35
1445241299 35
1445241299 35
1445241299 35
1445241299 35
1445241300 35
1445241300 35
1445241300 35
1445241300 35
1445241300 35
1445241300 35
1445241301 35
1445241301 35
1445241301 35
1445241302 35
1445241302 35
1445241302 35
1445241302 35
1445241303 35
1445241303 35
1445241303 35
1445241303 35
1445241303 35
1445241303 35
1445241303 35
1445241304 35
1445241304 35
1445241304 35
1445241305 35
1445241306 35
1445241306 35
1445241306 35
1445241306 35
1445241306 35
1445241306 35
1445241307 35
1445241307 35
1445241307 35
1445241307 35
1445241308 35
1445241308 35
1445241308 35
1445241308 35
1445241308 35
1445241308 35
1445241308 35
1445241308 35
1445241308 35
1445241308 35
1445241308 35
1445241308 35
1445241308 35
1445241308 35
1445241308 35
1445241308 35
1445241308 35
1445241308 35
1445241308 35
1445241308 35
1445241308 35
1445241308 35
1445241308 35
1445241308 35
1445241309 35
1445241309 35
1445241309 35
1445241309 35
1445241309 35
1445241310 35
1445241310 35
1445241311 35
1445241312 35
1445241312 35
1445241312 35
1445241312 35
1445241312 35
1445241313 35
1445241314 35
1445241315 35
1445241315 35
1445241315 35
1445241316 35
1445241316 35
1445241316 35
1445241316 35
1445241317 35
1445241318 35
1445241318 35
1445241319 35
1445241319 35
1445241319 35
1445241320 35
1445241321 35
1445241321 35
1445241321 35
1445241321 35
1445241322 35
1445241322 35
1445241323 35
1445241323 35
1445241323 35
1445241323 35
1445241323 35
1445241324 35
1445241324 35
1445241325 35
1445241325 35
1445241326 35
1445241326 35
1445241326 35
1445241326 35
1445241326 35
1445241326 35
1445241326 35
1445241326 35
1445241326 35
1445241326 35
1445241326 35
1445241326 35
1445241326 35
1445241327 35
1445241327 35
1445241327 35
1445241327 35
1445241327 35
1445241327 35
1445241327 35
1445241327 35
1445241328 35
1445241328 35
1445241329 35
1445241329 35
1445241330 35
1445241330 35
1445241330 35
1445241331 35
1445241331 35
1445241331 35
1445241332 35
1445241332 35
1445241333 35
1445241333 35
1445241334 35
1445241334 35
1445241334 35
1445241334 35
1445241334 35
1445241334 35
1445241334 35
1445241334 35
1445241334 35
1445241334 35
1445241334 35
1445241334 35
1445241334 35
1445241334 35
1445241334 35
1445241334 35
1445241334 35
1445241334 35
1445241334 35
1445241334 35
1445241334 35
1445241334 35
1445241334 35
1445241334 35
1445241335 35
1445241335 35
1445241335 35
1445241336 35
1445241336 35
1445241336 35
1445241336 35
1445241336 35
1445241336 35
1445241336 35
1445241337 35
1445241337 35
1445241338 35
1445241338 35
1445241338 35
1445241338 35
1445241338 35
1445241338 35
1445241338 35
1445241338 35
1445241338 35
1445241338 35
1445241339 35
1445241339 35
1445241339 35
1445241339 35
1445241339 35
1445241340 35
1445241340 35
1445241340 35
1445241340 35
1445241340 35
1445241340 35
1445241341 35
1445241341 35
1445241342 35
1445241342 35
1445241343 35
1445241343 35
1445241343 35
1445241343 35
1445241343 35
1445241343 35
1445241343 35
1445241343 35
1445241343 35
1445241343 35
1445241343 35
1445241344 35
1445241344 35
1445241344 35
1445241344 35
1445241345 35
1445241345 35
1445241345 35
1445241346 35
1445241346 35
1445241346 35
1445241346 35
1445241346 35
1445241346 35
1445241347 35
1445241347 35
1445241347 35
1445241347 35
1445241347 35
1445241348 35
1445241348 35
1445241349 35
1445241349 35
1445241349 35
1445241349 35
1445241349 35
1445241349 35
1445241349 35
1445241349 35
1445241349 35
1445241349 35
1445241349 35
1445241349 35
1445241349 35
1445241350 35
1445241350 35
1445241350 35
1445241350 35
1445241350 35
1445241351 35
1445241351 35
1445241351 35
1445241352 35
1445241352 35
1445241352 35
1445241352 35
1445241352 35
1445241352 35
1445241352 35
1445241352 35
1445241352 35
1445241352 35
1445241352 35
1445241352 35
1445241352 35
1445241352 35
1445241352 35
1445241352 35
1445241352 35
1445241352 35
1445241352 35
1445241353 35
1445241353 35
1445241353 35
1445241353 35
1445241354 35
1445241354 35
1445241354 35
1445241355 35
1445241355 35
1445241355 35
1445241355 35
1445241355 35
1445241355 35
1445241355 35
1445241356 35
1445241356 35
1445241356 35
1445241356 35
1445241356 35
1445241356 35
1445241357 35
1445241357 35
1445241358 35
1445241358 35
1445241358 35
1445241358 35
1445241358 35
1445241359 35
1445241359 35
1445241359 35
1445241359 35
1445241359 35
1445241359 35
1445241360 35
1445241360 35
1445241360 35
1445241360 35
1445241360 35
1445241360 35
1445241360 35
1445241361 35
1445241361 35
1445241361 35
1445241361 35
1445241361 35
1445241362 35
1445241362 35
1445241362 35
1445241362 35
1445241362 35
1445241362 35
1445241363 35
1445241363 35
1445241363 35
1445241363 35
1445241363 35
1445241364 35
1445241364 35
1445241364 35
1445241364 35
1445241365 35
1445241365 35
1445241365 35
1445241365 35
1445241365 35
1445241365 35
1445241366 35
1445241366 35
1445241366 35
1445241366 35
1445241366 35
1445241366 35
1445241367 35
1445241367 35
1445241368 35
1445241368 35
1445241368 35
1445241368 35
1445241368 35
1445241368 35
1445241368 35
1445241368 35
1445241369 35
1445241369 35
1445241369 35
1445241369 35
1445241370 35
1445241370 35
1445241370 35
1445241371 35
1445241371 35
1445241371 35
1445241371 35
1445241371 35
1445241371 35
1445241372 35
1445241372 35
1445241372 35
1445241372 35
1445241372 35
1445241372 35
1445241373 35
1445241373 35
1445241374 35
1445241374 35
1445241374 35
1445241374 35
1445241374 35
1445241374 35
1445241374 35
1445241375 35
1445241375 35
1445241375 35
1445241375 35
1445241375 35
1445241376 35
1445241376 35
1445241376 35
1445241377 35
1445241377 35
1445241377 35
1445241377 35
1445241377 35
1445241377 35
1445241377 35
1445241378 35
1445241378 35
1445241378 35
1445241378 35
1445241378 35
1445241379 35
1445241379 35
1445241379 35
1445241380 35
1445241380 35
1445241380 35
1445241380 35
1445241380 35
1445241380 35
1445241380 35
1445241381 35
1445241381 35
1445241381 35
1445241382 35
1445241382 35
1445241382 35
1445241382 35
1445241383 35
1445241383 35
1445241383 35
1445241383 35
1445241383 35
1445241383 35
1445241383 35
1445241383 35
1445241384 35
1445241384 35
1445241384 35
1445241385 35
1445241385 35
1445241385 35
1445241385 35
1445241386 35
1445241386 35
1445241386 35
1445241386 35
1445241386 35
1445241387 35
1445241387 35
1445241387 35
1445241387 35
1445241387 35
1445241388 35
1445241388 35
1445241388 35
1445241388 35
1445241388 35
1445241389 35
1445241389 35
1445241389 35
1445241389 35
1445241389 35
1445241389 35
1445241389 35
1445241390 35
1445241390 35
1445241390 35
1445241390 35
1445241391 35
1445241391 35
1445241391 35
1445241392 35
1445241392 35
1445241392 35
1445241392 35
1445241392 35
1445241392 35
1445241392 35
1445241392 35
1445241393 35
1445241393 35
1445241393 35
1445241393 35
1445241393 35
1445241394 35
1445241394 35
1445241394 35
1445241395 35
1445241395 35
1445241395 35
1445241395 35
1445241395 35
1445241395 35
1445241395 35
1445241396 35
1445241396 35
1445241396 35
1445241396 35
1445241396 35
1445241396 35
1445241397 35
1445241397 35
1445241397 35
1445241397 35
1445241397 35
1445241397 35
1445241397 35
1445241397 35
1445241397 35
1445241398 35
1445241398 35
1445241398 35
1445241398 35
1445241398 35
1445241398 35
1445241398 35
1445241398 35
1445241398 35
1445241398 35
1445241398 35
1445241399 35
1445241399 35
1445241399 35
1445241399 35
1445241399 35
1445241399 35
1445241399 35
1445241399 35
1445241399 35
1445241399 35
1445241399 35
1445241399 35
1445241399 113
1445241399 119
1445241399 170
1445241399 35
1445241399 35
1445241399 35
1445241399 35
1445241399 35
1445241399 35
1445241400 35
1445241400 35
1445241400 35
1445241400 35
1445241400 35
1445241401 35
1445241401 35
1445241401 35
1445241401 35
1445241401 35
1445241401 35
1445241401 35
1445241401 35
1445241401 35
1445241401 35
1445241401 35
1445241401 35
1445241401 35
1445241401 35
1445241401 35
1445241401 35
1445241401 113
1445241401 119
1445241401 170
1445241401 35
1445241401 35
1445241401 35
1445241402 35
1445241402 35
1445241402 35
1445241402 35
1445241402 35
1445241402 35
1445241402 35
1445241402 113
1445241402 119
1445241402 170
1445241403 35
1445241403 35
1445241403 35
1445241403 35
1445241403 35
1445241403 35
1445241403 35
1445241403 35
1445241403 35
1445241403 35
1445241403 35
1445241403 35
1445241403 35
1445241404 35
1445241404 35
1445241404 35
1445241404 35
1445241404 35
1445241404 113
1445241404 119
1445241404 170
1445241405 35
1445241405 35
1445241405 35
1445241405 35
1445241405 35
1445241405 35
1445241405 35
1445241406 35
1445241406 35
1445241406 35
1445241407 35
1445241407 35
1445241408 35
1445241408 35
1445241408 35
1445241408 35
1445241408 35
1445241408 35
1445241409 35
1445241409 35
1445241409 35
1445241409 35
1445241409 35
1445241409 35
1445241409 35
1445241409 35
1445241409 35
1445241409 35
1445241409 35
1445241409 35
1445241409 35
1445241409 35
1445241409 35
1445241409 35
1445241409 35
1445241409 35
1445241409 35
1445241409 35
1445241409 89
1445241409 35
1445241409 35
1445241409 36
1445241409 164
1445241409 106
1445241409 4
1445241409 106
1445241409 106
1445241409 61
1445241409 15
1445241409 61
1445241409 61
1445241409 61
1445241409 61
1445241410 35
1445241410 35
1445241410 35
1445241410 35
1445241410 35
1445241410 35
1445241410 35
1445241410 35
1445241410 35
1445241410 35
1445241410 35
1445241410 35
1445241410 35
1445241410 35
1445241411 35
1445241411 35
1445241411 35
1445241411 35
1445241411 35
1445241411 113
1445241411 119
1445241411 170
1445241411 35
1445241411 35
1445241411 113
1445241411 119
1445241411 170
1445241411 35
1445241412 35
1445241412 35
1445241412 35
1445241412 35
1445241412 113
1445241412 119
1445241412 170
1445241412 35
1445241412 35
1445241413 35
1445241413 35
1445241413 35
1445241414 35
1445241414 35
1445241414 35
1445241415 35
1445241415 35
1445241416 35
1445241416 35
1445241416 35
1445241416 35
1445241416 35
1445241416 35
1445241416 35
1445241416 35
1445241416 35
1445241416 35
1445241416 35
1445241416 35
1445241416 35
1445241416 35
1445241417 35
1445241417 35
1445241417 35
1445241417 35
1445241417 35
1445241417 35
1445241417 113
1445241417 119
1445241417 170
1445241418 35
1445241418 35
1445241419 35
1445241420 35
1445241420 35
1445241420 35
1445241420 35
1445241421 35
1445241421 35
1445241421 35
1445241421 35
1445241422 35
1445241423 35
1445241423 35
1445241423 35
1445241424 35
1445241424 35
1445241424 35
1445241425 35
1445241425 35
1445241426 35
1445241426 35
1445241427 35
1445241427 35
1445241427 35
1445241428 35
1445241428 35
1445241429 35
1445241429 35
1445241429 35
1445241430 35
1445241430 35
1445241431 35
1445241431 35
1445241431 35
1445241432 35
1445241432 35
1445241433 35
1445241433 35
1445241433 35
1445241434 35
1445241435 35
1445241435 35
1445241435 35
1445241435 35
1445241436 35
1445241436 35
1445241437 35
1445241437 35
1445241438 35
1445241438 35
1445241439 35
1445241439 35
1445241439 35
1445241439 35
1445241440 35
1445241441 35
1445241441 35
1445241441 35
1445241441 35
1445241441 138
1445241441 77
1445241441 141
1445241441 41
1445241441 9
1445241441 137
1445241441 128
1445241441 141
1445241441 115
1445241441 114
1445241441 13
1445241441 136
1445241441 43
1445241441 136
1445241441 26
1445241441 128
1445241441 43
1445241441 43
1445241441 43
1445241441 136
1445241441 77
1445241441 122
1445241441 122
1445241441 122
1445241441 103
1445241441 9
1445241441 136
1445241441 114
1445241441 170
1445241441 170
1445241441 35
1445241441 77
1445241441 141
1445241441 41
1445241441 9
1445241441 137
1445241441 128
1445241441 141
1445241441 115
1445241441 114
1445241441 13
1445241441 136
1445241441 43
1445241441 136
1445241441 26
1445241441 128
1445241441 43
1445241441 43
1445241441 43
1445241441 136
1445241441 77
1445241441 122
1445241441 122
1445241441 122
1445241441 103
1445241441 9
1445241441 136
1445241441 114
1445241441 170
1445241441 170
1445241441 35
1445241441 77
1445241441 141
1445241441 41
1445241441 9
1445241441 137
1445241441 128
1445241441 141
1445241441 115
1445241441 114
1445241441 13
1445241441 136
1445241441 43
1445241441 136
1445241441 26
1445241441 128
1445241441 43
1445241441 43
1445241441 43
1445241441 136
1445241441 77
1445241441 122
1445241441 122
1445241441 122
1445241441 103
1445241441 9
1445241441 136
1445241441 114
1445241441 170
1445241441 170
1445241441 35
1445241441 35
1445241441 35
1445241441 35
1445241441 35
1445241441 35
1445241442 89
1445241442 35
1445241442 35
1445241442 35
1445241442 35
1445241442 35
1445241442 35
1445241442 35
1445241442 35
1445241443 35
1445241443 35
1445241443 35
1445241443 35
1445241443 113
1445241443 119
1445241443 170
1445241443 35
1445241443 35
1445241444 35
1445241444 35
1445241444 35
1445241444 35
1445241444 35
1445241444 35
1445241444 35
1445241444 35
1445241444 35
1445241444 35
1445241444 35
1445241444 35
1445241444 35
1445241445 35
1445241445 35
1445241445 35
1445241447 35
1445241447 35
1445241447 35
1445241447 35
1445241447 35
1445241447 35
1445241448 35
1445241448 35
1445241449 35
1445241450 35
1445241450 35
1445241451 35
1445241451 35
1445241452 35
1445241452 35
1445241452 35
1445241453 35
1445241454 35
1445241454 35
1445241454 35
1445241455 35
1445241455 35
1445241456 35
1445241457 35
1445241457 35
1445241457 35
1445241457 35
1445241457 35
1445241458 35
1445241459 35
1445241459 35
1445241460 35
1445241460 35
1445241460 35
1445241460 35
1445241461 35
1445241461 35
1445241461 35
1445241462 35
1445241463 35
1445241463 35
1445241463 35
1445241463 35
1445241463 35
1445241463 35
1445241463 35
1445241463 35
1445241463 35
1445241463 35
1445241463 35
1445241463 35
1445241463 35
1445241463 35
1445241463 35
1445241463 35
1445241463 35
1445241463 35
1445241463 35
1445241463 35
1445241463 35
1445241464 35
1445241464 35
1445241464 89
1445241464 35
1445241464 35
1445241464 35
1445241464 35
1445241464 113
1445241464 119
1445241464 170
1445241464 35
1445241465 35
1445241466 35
1445241466 35
1445241466 35
1445241466 35
1445241467 35
1445241467 36
1445241467 164
1445241467 106
1445241467 4
1445241467 106
1445241467 106
1445241467 61
1445241467 15
1445241467 61
1445241467 61
1445241467 61
1445241467 61
1445241467 35
1445241467 35
1445241467 35
1445241467 113
1445241467 119
1445241467 170
1445241467 35
1445241468 35
1445241469 35
1445241469 35
1445241470 35
1445241470 35
1445241470 35
1445241471 35
1445241472 35
1445241472 35
1445241473 35
1445241474 35
1445241475 35
1445241475 35
1445241475 35
1445241475 35
1445241476 35
1445241477 35
1445241478 35
1445241478 35
1445241479 35
1445241479 35
1445241479 35
1445241480 35
1445241481 35
1445241481 35
1445241482 35
1445241483 35
1445241483 35
1445241483 35
1445241484 35
1445241484 35
1445241485 35
1445241486 35
1445241487 35
1445241487 35
1445241487 35
1445241487 35
1445241488 35
1445241489 35
1445241490 35
1445241490 35
1445241491 35
1445241491 35
1445241491 35
1445241492 35
1445241493 35
1445241493 35
1445241494 35
1445241495 35
1445241495 35
1445241496 35
1445241496 35
1445241497 35
1445241498 35
1445241499 35
1445241499 35
1445241499 35
1445241499 35
1445241500 35
1445241501 35
1445241502 35
1445241502 35
1445241503 35
1445241504 35
1445241504 35
1445241504 35
1445241505 35
1445241505 35
1445241506 35
1445241507 35
1445241508 35
1445241508 35
1445241508 35
1445241508 35
1445241509 35
1445241510 35
1445241511 35
1445241511 35
1445241512 35
1445241513 35
1445241513 35
1445241513 35
1445241514 35
1445241514 35
1445241515 35
1445241516 35
1445241517 35
1445241517 35
1445241517 35
1445241517 35
1445241518 35
1445241519 35
1445241520 35
1445241520 35
1445241521 35
1445241521 35
1445241521 35
1445241522 35
1445241523 35
1445241523 35
1445241524 35
1445241525 35
1445241525 35
1445241525 35
1445241526 35
1445241526 35
1445241527 35
1445241528 35
1445241529 35
1445241529 35
1445241529 35
1445241529 35
1445241530 35
1445241531 35
1445241532 35
1445241532 35
1445241533 35
1445241533 35
1445241533 35
