1445076578 8
1445076578 147
1445076578 16
1445076578 102
1445076578 83
1445076578 8
1445076579 147
1445076581 160
1445076583 82
1445076583 67
1445076584 22
1445076585 102
1445076585 3
1445076585 75
1445076585 25
1445076585 25
1445076585 154
1445076612 102
1445076612 25
1445076612 25
1445076612 102
1445076644 75
1445076644 25
1445076656 102
1445076656 25
1445076656 25
1445076656 102
1445076688 75
1445076688 25
1445076703 102
1445076703 25
1445076703 25
1445076703 102
1445076724 75
1445076724 25
1445076747 102
1445076747 25
1445076747 25
1445076747 102
1445076776 75
1445076776 25
1445076799 102
1445076799 25
1445076799 25
1445076799 102
1445076818 75
1445076818 25
1445076829 102
1445076829 25
1445076829 25
1445076829 102
1445076851 75
1445076851 25
1445076852 20
1445076852 53
1445076852 15
1445076852 15
1445076852 44
1445076852 12
1445076852 91
1445076852 31
1445076852 36
1445076852 164
1445076852 106
1445076852 4
1445076852 106
1445076852 106
1445076852 144
1445076852 53
1445076852 53
1445076852 53
1445076852 51
1445076852 51
1445076852 152
1445076852 51
1445076852 136
1445076852 51
1445076852 152
1445076852 15
1445076852 170
1445076872 102
1445076872 25
1445076872 25
1445076872 102
1445076875 33
1445076895 33
1445076898 75
1445076898 25
1445076915 33
1445076935 33
1445076955 33
1445076975 33
1445076995 33
1445077015 33
1445077035 33
1445077055 33
1445077075 33
1445077095 33
1445077115 33
1445077135 33
1445077155 33
1445077175 33
1445077195 33
1445077215 33
1445077235 33
1445077255 33
1445077275 33
1445077295 33
1445077315 33
1445077335 33
1445077355 33
1445077375 33
1445077395 33
1445077415 33
1445077435 33
1445077455 33
1445077475 33
1445077495 33
1445077515 33
1445077535 33
1445077555 33
1445077575 33
1445077595 33
1445077615 33
1445077635 33
