1445162517 21
1445162517 14
1445162517 19
1445162517 25
1445162517 6
1445162517 4
1445162518 2
1445162518 3
1445162519 8
1445162519 11
1445162519 7
1445162520 30
1445162520 12
1445162520 22
1445162520 24
1445162520 26
1445162520 13
1445162524 28
1445162524 16
1445162524 18
1445162524 30
1445162536 29
1445162536 20
1445162538 28
1445162538 16
1445162538 18
1445162538 30
1445162548 29
1445162548 20
1445162549 28
1445162549 16
1445162549 18
1445162549 30
1445162561 29
1445162561 20
1445162563 28
1445162563 16
1445162563 18
1445162563 30
1445162573 29
1445162573 20
1445162576 28
1445162576 16
1445162576 18
1445162576 30
1445162586 29
1445162586 20
1445162588 28
1445162588 16
1445162588 18
1445162588 30
1445162598 29
1445162598 20
1445162600 28
1445162600 16
1445162600 18
1445162600 30
1445162610 29
1445162610 20
1445162611 10
1445162611 28
1445162611 16
1445162611 18
1445162620 31
1445162620 23
1445162620 1
1445162647 5
1445162647 27
1445162647 15
1445162647 17
1445162647 9
