1445089696 25
1445089696 9
1445089696 15
1445089696 21
1445089696 6
1445089696 4
1445089697 2
1445089697 3
1445089698 7
1445089698 10
1445089698 8
1445089699 26
1445089699 12
1445089699 22
1445089699 20
1445089699 18
1445089699 13
1445089701 23
1445089701 14
1445089701 17
1445089701 26
1445089712 28
1445089712 16
1445089713 23
1445089713 14
1445089713 17
1445089713 26
1445089723 28
1445089723 16
1445089724 23
1445089724 14
1445089724 17
1445089724 26
1445089735 28
1445089735 16
1445089736 23
1445089736 14
1445089736 17
1445089736 26
1445089746 28
1445089746 16
1445089747 23
1445089747 14
1445089747 17
1445089747 26
1445089756 28
1445089756 16
1445089758 23
1445089758 14
1445089758 17
1445089758 26
1445089759 11
1445089768 28
1445089768 16
1445089768 23
1445089768 14
1445089768 17
1445089770 27
1445089770 19
1445089770 1
1445089792 5
1445089792 24
