1445089696 8
1445089696 147
1445089696 16
1445089696 102
1445089696 83
1445089696 8
1445089697 147
1445089697 160
1445089698 82
1445089698 67
1445089698 22
1445089699 102
1445089699 3
1445089699 75
1445089699 25
1445089699 25
1445089699 154
1445089701 102
1445089701 25
1445089701 25
1445089701 102
1445089712 75
1445089712 25
1445089713 102
1445089713 25
1445089713 25
1445089713 102
1445089723 75
1445089723 25
1445089724 102
1445089724 25
1445089724 25
1445089724 102
1445089735 75
1445089735 25
1445089736 102
1445089736 25
1445089736 25
1445089736 102
1445089746 75
1445089746 25
1445089747 102
1445089747 25
1445089747 25
1445089747 102
1445089756 75
1445089756 25
1445089758 102
1445089758 25
1445089758 25
1445089758 102
1445089759 67
1445089768 75
1445089768 25
1445089768 102
1445089768 25
1445089768 25
1445089770 75
1445089770 102
1445089770 160
1445089792 129
1445089792 3
