1445076574 23
1445076574 14
1445076574 19
1445076574 27
1445076574 6
1445076575 3
1445076575 2
1445076577 4
1445076578 8
1445076578 12
1445076579 7
1445076579 29
1445076579 9
1445076579 24
1445076579 28
1445076579 22
1445076579 10
1445076583 21
1445076583 17
1445076583 18
1445076583 29
1445076593 30
1445076593 16
1445076595 21
1445076595 17
1445076595 18
1445076595 29
1445076604 30
1445076604 16
1445076606 21
1445076606 17
1445076606 18
1445076606 29
1445076616 30
1445076616 16
1445076618 21
1445076618 17
1445076618 18
1445076618 29
1445076627 30
1445076627 16
1445076629 21
1445076629 17
1445076629 18
1445076629 29
1445076641 30
1445076641 16
1445076644 21
1445076644 17
1445076644 18
1445076644 29
1445076655 30
1445076655 16
1445076656 21
1445076656 17
1445076656 18
1445076656 29
1445076665 30
1445076665 16
1445076666 13
1445076666 21
1445076666 17
1445076666 18
1445076673 31
1445076673 25
1445076674 1
1445076712 5
1445076712 26
1445076712 15
1445076712 20
1445076712 11
