1445071829 28
1445071829 9
1445071829 19
1445071829 23
1445071829 6
1445071829 3
1445071830 2
1445071830 5
1445071831 8
1445071831 13
1445071831 7
1445071831 31
1445071831 10
1445071831 24
1445071831 26
1445071831 22
1445071831 12
1445071834 25
1445071834 15
1445071834 16
1445071834 31
1445071842 29
1445071842 20
1445071844 25
1445071844 15
1445071844 16
1445071844 31
1445071852 29
1445071852 20
1445071854 25
1445071854 15
1445071854 16
1445071854 31
1445071862 29
1445071862 20
1445071863 25
1445071863 15
1445071863 16
1445071863 31
1445071872 29
1445071872 20
1445071875 25
1445071875 15
1445071875 16
1445071875 31
1445071885 29
1445071885 20
1445071886 25
1445071886 15
1445071886 16
1445071886 31
1445071895 29
1445071895 20
1445071897 25
1445071897 15
1445071897 16
1445071897 31
1445071906 29
1445071906 20
1445071907 14
1445071907 25
1445071907 15
1445071907 16
1445071914 30
1445071915 27
1445071915 1
1445071937 4
1445071937 21
1445071937 17
1445071937 18
1445071937 11
