1445071829 8
1445071829 147
1445071829 16
1445071829 102
1445071829 83
1445071829 8
1445071830 147
1445071830 160
1445071831 82
1445071831 67
1445071831 22
1445071831 102
1445071831 3
1445071831 75
1445071831 25
1445071831 25
1445071831 154
1445071834 102
1445071834 25
1445071834 25
1445071834 102
1445071842 75
1445071842 25
1445071844 102
1445071844 25
1445071844 25
1445071844 102
1445071852 75
1445071852 25
1445071854 102
1445071854 25
1445071854 25
1445071854 102
1445071862 75
1445071862 25
1445071863 102
1445071863 25
1445071863 25
1445071863 102
1445071872 75
1445071872 25
1445071875 102
1445071875 25
1445071875 25
1445071875 102
1445071885 75
1445071885 25
1445071886 102
1445071886 25
1445071886 25
1445071886 102
1445071895 75
1445071895 25
1445071897 102
1445071897 25
1445071897 25
1445071897 102
1445071906 75
1445071906 25
1445071907 67
1445071907 102
1445071907 25
1445071907 25
1445071914 75
1445071915 102
1445071915 160
1445071937 129
1445071937 3
1445071937 16
1445071937 16
1445071937 111
