1445248395 8
1445248395 147
1445248395 16
1445248395 102
1445248395 83
1445248395 8
1445248395 147
1445248396 160
1445248397 82
1445248397 67
1445248397 22
1445248397 102
1445248397 3
1445248397 75
1445248397 25
1445248397 25
1445248397 154
1445248401 102
1445248401 25
1445248401 25
1445248401 102
1445248411 75
1445248411 25
1445248413 102
1445248413 25
1445248413 25
1445248413 102
1445248423 75
1445248423 25
1445248425 102
1445248425 25
1445248425 25
1445248425 102
1445248434 75
1445248434 25
1445248435 102
1445248435 25
1445248435 25
1445248435 102
1445248444 75
1445248444 25
1445248446 102
1445248446 25
1445248446 25
1445248446 102
1445248456 75
1445248456 25
1445248457 102
1445248457 25
1445248457 25
1445248457 102
1445248466 75
1445248466 25
1445248468 102
1445248468 25
1445248468 25
1445248468 102
1445248477 75
1445248477 25
1445248478 67
1445248478 102
1445248478 25
1445248478 25
1445248486 75
1445248486 102
1445248486 160
1445248516 129
1445248516 3
