1445247582 24
1445247582 14
1445247582 17
1445247582 19
1445247582 7
1445247582 6
1445247587 4
1445247588 5
1445247589 10
1445247589 13
1445247589 9
1445247589 25
1445247589 11
1445247589 22
1445247589 20
1445247589 23
1445247589 12
1445247655 21
1445247655 15
1445247655 18
1445247655 25
1445247688 1
1445247688 36
1445247688 33
1445247688 33
1445247688 30
1445247688 37
1445247688 29
1445247688 43
1445247688 8
1445247688 38
1445247688 41
1445247688 42
1445247688 40
1445247688 39
1445247688 27
1445247688 35
1445247688 34
1445247688 34
1445247688 47
1445247688 47
1445247688 26
1445247688 45
1445247688 46
1445247688 44
1445247688 31
1445247688 28
1445247688 -1
1445247696 32
1445247696 16
1445247703 21
1445247703 15
1445247703 18
1445247703 25
1445247713 3
1445247733 3
1445247747 32
1445247747 16
1445247753 3
1445247754 21
1445247754 15
1445247754 18
1445247754 25
1445247773 3
1445247793 3
1445247796 32
1445247796 16
1445247803 21
1445247803 15
1445247803 18
1445247803 25
1445247813 3
1445247833 3
1445247847 32
1445247847 16
1445247853 3
1445247856 21
1445247856 15
1445247856 18
1445247856 25
1445247873 3
1445247893 3
1445247903 32
1445247904 16
1445247911 21
1445247911 15
1445247911 18
1445247911 25
1445247913 3
1445247933 3
1445247953 3
1445247955 32
1445247955 16
1445247961 21
1445247961 15
1445247961 18
1445247961 25
1445247973 3
1445247993 3
1445248000 32
1445248001 16
1445248013 3
1445248033 3
1445248053 3
1445248073 3
1445248093 3
1445248113 3
1445248133 3
1445248153 3
1445248173 2
1445248193 2
1445248212 2
1445248232 2
1445248252 2
1445248271 2
1445248291 2
1445248311 2
1445248331 2
1445248350 2
