1445247582 8
1445247582 147
1445247582 16
1445247582 102
1445247582 83
1445247582 8
1445247587 147
1445247588 160
1445247589 82
1445247589 67
1445247589 22
1445247589 102
1445247589 3
1445247589 75
1445247589 25
1445247589 25
1445247589 154
1445247655 102
1445247655 25
1445247655 25
1445247655 102
1445247688 20
1445247688 53
1445247688 15
1445247688 15
1445247688 44
1445247688 12
1445247688 91
1445247688 31
1445247688 36
1445247688 164
1445247688 106
1445247688 4
1445247688 106
1445247688 106
1445247688 144
1445247688 53
1445247688 53
1445247688 53
1445247688 51
1445247688 51
1445247688 152
1445247688 51
1445247688 136
1445247688 51
1445247688 152
1445247688 15
1445247688 170
1445247696 75
1445247696 25
1445247703 102
1445247703 25
1445247703 25
1445247703 102
1445247713 33
1445247733 33
1445247747 75
1445247747 25
1445247753 33
1445247754 102
1445247754 25
1445247754 25
1445247754 102
1445247773 33
1445247793 33
1445247796 75
1445247796 25
1445247803 102
1445247803 25
1445247803 25
1445247803 102
1445247813 33
1445247833 33
1445247847 75
1445247847 25
1445247853 33
1445247856 102
1445247856 25
1445247856 25
1445247856 102
1445247873 33
1445247893 33
1445247903 75
1445247904 25
1445247911 102
1445247911 25
1445247911 25
1445247911 102
1445247913 33
1445247933 33
1445247953 33
1445247955 75
1445247955 25
1445247961 102
1445247961 25
1445247961 25
1445247961 102
1445247973 33
1445247993 33
1445248000 75
1445248001 25
1445248013 33
1445248033 33
1445248053 33
1445248073 33
1445248093 33
1445248113 33
1445248133 33
1445248153 33
1445248173 169
1445248193 169
1445248212 169
1445248232 169
1445248252 169
1445248271 169
1445248291 169
1445248311 169
1445248331 169
1445248350 169
