1445088263 24
1445088263 9
1445088263 15
1445088263 22
1445088263 6
1445088264 4
1445088264 2
1445088265 5
1445088266 7
1445088266 13
1445088266 8
1445088266 26
1445088266 10
1445088266 25
1445088266 18
1445088266 21
1445088266 12
1445088268 23
1445088268 16
1445088268 17
1445088268 26
1445088279 27
1445088279 14
1445088280 23
1445088280 16
1445088280 17
1445088280 26
1445088291 27
1445088291 14
1445088293 23
1445088293 16
1445088293 17
1445088293 26
1445088303 27
1445088303 14
1445088304 23
1445088304 16
1445088304 17
1445088304 26
1445088314 27
1445088314 14
1445088315 23
1445088315 16
1445088315 17
1445088315 26
1445088324 27
1445088324 14
1445088325 23
1445088325 16
1445088325 17
1445088325 26
1445088326 11
1445088335 27
1445088335 14
1445088335 23
1445088335 16
1445088335 17
1445088336 28
1445088336 20
1445088336 1
1445088376 3
1445088376 19
