1445088263 8
1445088263 147
1445088263 16
1445088263 102
1445088263 83
1445088264 8
1445088264 147
1445088265 160
1445088266 82
1445088266 67
1445088266 22
1445088266 102
1445088266 3
1445088266 75
1445088266 25
1445088266 25
1445088266 154
1445088268 102
1445088268 25
1445088268 25
1445088268 102
1445088279 75
1445088279 25
1445088280 102
1445088280 25
1445088280 25
1445088280 102
1445088291 75
1445088291 25
1445088293 102
1445088293 25
1445088293 25
1445088293 102
1445088303 75
1445088303 25
1445088304 102
1445088304 25
1445088304 25
1445088304 102
1445088314 75
1445088314 25
1445088315 102
1445088315 25
1445088315 25
1445088315 102
1445088324 75
1445088324 25
1445088325 102
1445088325 25
1445088325 25
1445088325 102
1445088326 67
1445088335 75
1445088335 25
1445088335 102
1445088335 25
1445088335 25
1445088336 75
1445088336 102
1445088336 160
1445088376 129
1445088376 3
