1445071963 8
1445071963 147
1445071963 16
1445071963 102
1445071963 83
1445071964 8
1445071965 147
1445071966 160
1445071968 82
1445071969 67
1445071971 22
1445071972 102
1445071972 3
1445071972 75
1445071972 25
1445071972 25
1445071972 154
1445071991 102
1445071991 25
1445071991 25
1445071991 102
1445072041 75
1445072042 25
1445072050 102
1445072050 25
1445072050 25
1445072050 102
1445072089 75
1445072089 25
1445072095 102
1445072095 25
1445072095 25
1445072095 102
1445072129 75
1445072130 25
1445072135 102
1445072135 25
1445072135 25
1445072135 102
1445072161 75
1445072161 25
1445072165 102
1445072165 25
1445072165 25
1445072165 102
1445072186 75
1445072186 25
1445072189 102
1445072189 25
1445072189 25
1445072189 102
