1445092283 8
1445092283 147
1445092283 16
1445092283 102
1445092283 83
1445092283 8
1445092284 147
1445092285 160
1445092286 82
1445092286 67
1445092286 22
1445092286 102
1445092286 3
1445092286 75
1445092286 25
1445092286 25
1445092287 154
1445092290 102
1445092290 25
1445092290 25
1445092290 102
1445092301 75
1445092301 25
1445092301 102
1445092301 25
1445092301 25
1445092301 102
1445092309 75
1445092309 25
1445092310 102
1445092310 25
1445092310 25
1445092310 102
1445092318 75
1445092318 25
1445092319 102
1445092319 25
1445092319 25
1445092319 102
