1445088274 18
1445088274 7
1445088274 12
1445088274 16
1445088274 4
1445088275 2
1445088278 1
1445088282 3
1445088285 5
1445088285 10
1445088292 6
1445088293 21
1445088293 8
1445088293 19
1445088293 20
1445088293 15
1445088293 9
1445088300 17
1445088300 13
1445088300 14
1445088300 21
1445088340 22
1445088340 11
1445088348 17
1445088348 13
1445088348 14
1445088348 21
1445088387 22
1445088387 11
1445088393 17
1445088393 13
1445088393 14
1445088393 21
1445088431 22
1445088431 11
1445088435 17
1445088435 13
1445088435 14
1445088435 21
