1445088274 8
1445088274 147
1445088274 16
1445088274 102
1445088274 83
1445088275 8
1445088278 147
1445088282 160
1445088285 82
1445088285 67
1445088292 22
1445088293 102
1445088293 3
1445088293 75
1445088293 25
1445088293 25
1445088293 154
1445088300 102
1445088300 25
1445088300 25
1445088300 102
1445088340 75
1445088340 25
1445088348 102
1445088348 25
1445088348 25
1445088348 102
1445088387 75
1445088387 25
1445088393 102
1445088393 25
1445088393 25
1445088393 102
1445088431 75
1445088431 25
1445088435 102
1445088435 25
1445088435 25
1445088435 102
