1445241126 41
1445241126 37
1445241126 39
1445241126 43
1445241126 31
1445241127 26
1445241127 12
1445241128 25
1445241129 34
1445241129 38
1445241129 35
1445241129 32
1445241129 27
1445241129 18
1445241129 16
1445241129 17
1445241129 1
1445241129 20
1445241129 4
1445241130 24
1445241130 5
1445241130 18
1445241130 16
1445241130 1
1445241130 20
1445241130 4
1445241131 24
1445241131 7
1445241134 17
1445241134 18
1445241134 16
1445241134 1
1445241134 20
1445241134 4
1445241135 24
1445241135 9
1445241258 17
1445241258 18
1445241258 16
1445241258 1
1445241258 20
1445241258 4
1445241259 17
1445241259 18
1445241259 16
1445241259 1
1445241259 20
1445241259 4
1445241260 24
1445241260 8
1445241262 24
1445241262 10
1445241306 17
1445241306 22
1445241306 23
1445241306 1
1445241306 20
1445241306 4
1445241318 24
1445241318 19
1445241325 17
1445241325 22
1445241325 23
1445241325 1
1445241325 20
1445241325 4
1445241333 17
1445241333 18
1445241333 16
1445241333 1
1445241333 20
1445241333 4
1445241334 24
1445241334 6
1445241340 17
1445241346 24
1445241346 21
1445241346 22
1445241346 23
1445241347 1
1445241347 20
1445241347 4
1445241348 17
1445241348 18
1445241348 16
1445241348 1
1445241348 20
1445241348 4
1445241348 24
1445241348 11
1445241361 24
1445241361 28
1445241361 15
1445241361 13
1445241361 33
1445241361 30
1445241361 42
1445241361 2
1445241361 14
1445241442 29
1445241442 36
1445241442 3
1445241442 40
