1445241126 8
1445241126 147
1445241126 16
1445241126 102
1445241126 83
1445241127 8
1445241127 147
1445241128 160
1445241129 82
1445241129 67
1445241129 154
1445241129 0
1445241129 58
1445241129 78
1445241129 78
1445241129 58
1445241129 60
1445241129 60
1445241129 167
1445241130 167
1445241130 1
1445241130 78
1445241130 78
1445241130 60
1445241130 60
1445241130 167
1445241131 167
1445241131 1
1445241134 58
1445241134 78
1445241134 78
1445241134 60
1445241134 60
1445241134 167
1445241135 167
1445241135 1
1445241258 58
1445241258 78
1445241258 78
1445241258 60
1445241258 60
1445241258 167
1445241259 58
1445241259 78
1445241259 78
1445241259 60
1445241259 60
1445241259 167
1445241260 167
1445241260 1
1445241262 167
1445241262 1
1445241306 58
1445241306 78
1445241306 78
1445241306 60
1445241306 60
1445241306 167
1445241318 167
1445241318 66
1445241325 58
1445241325 78
1445241325 78
1445241325 60
1445241325 60
1445241325 167
1445241333 58
1445241333 78
1445241333 78
1445241333 60
1445241333 60
1445241333 167
1445241334 167
1445241334 1
1445241340 58
1445241346 167
1445241346 66
1445241346 78
1445241346 78
1445241347 60
1445241347 60
1445241347 167
1445241348 58
1445241348 78
1445241348 78
1445241348 60
1445241348 60
1445241348 167
1445241348 167
1445241348 1
1445241361 167
1445241361 58
1445241361 66
1445241361 0
1445241361 120
1445241361 120
1445241361 102
1445241361 160
1445241361 60
1445241442 129
1445241442 129
1445241442 167
1445241442 3
