1445071676 16
1445071676 10
1445071676 11
1445071676 15
1445071676 4
1445071677 2
1445071678 1
1445071680 3
1445071682 5
1445071683 8
1445071685 6
1445071685 21
1445071685 9
1445071685 18
1445071685 19
1445071685 20
1445071685 7
1445071728 17
1445071728 12
1445071728 14
1445071728 21
1445071775 22
1445071775 13
1445071803 17
1445071803 12
1445071803 14
1445071803 21
1445071841 22
1445071841 13
1445071850 17
1445071850 12
1445071850 14
1445071850 21
1445071879 22
1445071879 13
1445071893 17
1445071893 12
1445071893 14
1445071893 21
1445071930 22
1445071930 13
