1445071676 8
1445071676 147
1445071676 16
1445071676 102
1445071676 83
1445071677 8
1445071678 147
1445071680 160
1445071682 82
1445071683 67
1445071685 22
1445071685 102
1445071685 3
1445071685 75
1445071685 25
1445071685 25
1445071685 154
1445071728 102
1445071728 25
1445071728 25
1445071728 102
1445071775 75
1445071775 25
1445071803 102
1445071803 25
1445071803 25
1445071803 102
1445071841 75
1445071841 25
1445071850 102
1445071850 25
1445071850 25
1445071850 102
1445071879 75
1445071879 25
1445071893 102
1445071893 25
1445071893 25
1445071893 102
1445071930 75
1445071930 25
