1445089776 18
1445089776 11
1445089776 16
1445089776 23
1445089776 5
1445089777 4
1445089778 2
1445089779 3
1445089781 7
1445089781 10
1445089789 6
1445089789 26
1445089789 13
1445089789 20
1445089789 22
1445089789 24
1445089789 9
1445089798 12
1445089798 30
1445089798 46
1445089798 49
1445089798 35
1445089798 36
1445089798 33
1445089798 43
1445089798 29
1445089798 37
1445089798 44
1445089798 32
1445089798 41
1445089798 50
1445089798 42
1445089798 34
1445089798 45
1445089798 21
1445089798 25
1445089798 40
1445089798 39
1445089798 28
1445089798 47
1445089798 48
1445089798 31
1445089798 38
1445089798 1
1445089798 30
1445089798 46
1445089798 49
1445089798 35
1445089798 36
1445089798 33
1445089798 43
1445089798 29
1445089798 37
1445089798 44
1445089798 32
1445089798 41
1445089798 50
1445089798 42
1445089798 34
1445089798 45
1445089798 21
1445089798 25
1445089798 40
1445089798 39
1445089798 28
1445089798 47
1445089798 48
1445089798 31
1445089798 38
1445089798 8
1445089819 19
1445089819 17
1445089819 15
1445089819 26
1445089856 27
1445089856 14
1445089866 19
1445089866 17
1445089866 15
1445089866 26
