1445247631 18
1445247631 10
1445247631 12
1445247631 19
1445247631 4
1445247631 2
1445247632 1
1445247632 3
1445247633 6
1445247633 9
1445247633 5
1445247633 21
1445247633 7
1445247633 16
1445247633 20
1445247633 15
1445247633 8
1445247637 17
1445247637 13
1445247637 11
1445247637 21
1445247647 22
1445247647 14
1445247649 17
1445247649 13
1445247649 11
1445247649 21
1445247658 22
1445247658 14
1445247660 17
1445247660 13
1445247660 11
1445247660 21
1445247672 22
1445247672 14
1445247675 17
1445247675 13
1445247675 11
1445247675 21
1445247686 22
1445247686 14
1445247688 17
1445247688 13
1445247688 11
1445247688 21
