1445088478 17
1445088478 9
1445088478 13
1445088478 20
1445088478 4
1445088479 2
1445088481 1
1445088484 3
1445088485 5
1445088486 10
1445088490 6
1445088491 22
1445088491 7
1445088491 19
1445088491 16
1445088491 15
1445088491 8
1445088498 18
1445088498 11
1445088498 14
1445088498 22
1445088531 21
1445088531 12
1445088536 18
1445088536 11
1445088536 14
1445088536 22
1445088577 21
1445088577 12
1445088582 18
1445088582 11
1445088582 14
1445088582 22
1445088623 21
1445088623 12
1445088628 18
1445088628 11
1445088628 14
1445088628 22
