1445088478 8
1445088478 147
1445088478 16
1445088478 102
1445088478 83
1445088479 8
1445088481 147
1445088484 160
1445088485 82
1445088486 67
1445088490 22
1445088491 102
1445088491 3
1445088491 75
1445088491 25
1445088491 25
1445088491 154
1445088498 102
1445088498 25
1445088498 25
1445088498 102
1445088531 75
1445088531 25
1445088536 102
1445088536 25
1445088536 25
1445088536 102
1445088577 75
1445088577 25
1445088582 102
1445088582 25
1445088582 25
1445088582 102
1445088623 75
1445088623 25
1445088628 102
1445088628 25
1445088628 25
1445088628 102
