1445067964 25
1445067964 9
1445067964 15
1445067964 24
1445067964 6
1445067965 3
1445067969 2
1445067971 4
1445067973 8
1445067973 14
1445067975 7
1445067975 29
1445067975 10
1445067975 26
1445067975 22
1445067975 23
1445067975 13
1445068005 21
1445068005 20
1445068005 18
1445068005 29
1445068018 30
1445068018 16
1445068040 21
1445068040 20
1445068040 18
1445068040 29
1445068057 30
1445068057 16
1445068063 12
1445068063 21
1445068063 20
1445068063 18
1445068080 31
1445068080 28
1445068080 1
1445068104 5
1445068104 27
1445068104 19
1445068104 17
1445068104 11
