1445092019 8
1445092019 147
1445092019 16
1445092019 102
1445092019 83
1445092019 8
1445092021 147
1445092023 160
1445092025 82
1445092026 67
1445092027 22
1445092028 102
1445092028 3
1445092028 75
1445092028 25
1445092028 25
1445092028 154
1445092036 102
1445092036 25
1445092036 25
1445092036 102
1445092067 75
1445092067 25
1445092071 102
1445092071 25
1445092071 25
1445092071 102
1445092101 75
1445092101 25
1445092105 102
1445092105 25
1445092105 25
1445092105 102
1445092133 75
1445092133 25
1445092137 102
1445092137 25
1445092137 25
1445092137 102
