1445089675 18
1445089675 9
1445089675 16
1445089676 19
1445089676 6
1445089676 4
1445089676 2
1445089677 5
1445089678 8
1445089678 11
1445089679 7
1445089679 26
1445089679 12
1445089679 20
1445089679 22
1445089679 23
1445089679 10
1445089682 25
1445089682 15
1445089682 17
1445089682 26
1445089690 27
1445089690 14
1445089691 25
1445089691 15
1445089691 17
1445089691 26
1445089699 27
1445089699 14
1445089700 25
1445089700 15
1445089700 17
1445089700 26
1445089709 27
1445089709 14
1445089709 25
1445089709 15
1445089709 17
1445089709 26
1445089719 27
1445089719 14
1445089720 25
1445089720 15
1445089720 17
1445089720 26
1445089730 27
1445089730 14
1445089730 25
1445089730 15
1445089730 17
1445089730 26
1445089731 13
1445089741 27
1445089741 14
1445089741 25
1445089741 15
1445089741 17
1445089743 28
1445089743 24
1445089743 1
1445089775 3
1445089775 21
