1445068488 33
1445068488 30
1445068488 32
1445068488 34
1445068488 23
1445068488 19
1445068488 11
1445068489 20
1445068490 27
1445068490 31
1445068490 28
1445068490 24
1445068490 21
1445068490 14
1445068490 13
1445068490 16
1445068490 1
1445068490 12
1445068490 9
1445068500 17
1445068500 5
1445068554 13
1445068554 14
1445068554 16
1445068554 1
1445068554 12
1445068554 9
1445068557 13
1445068563 13
1445068564 13
1445068566 13
1445068567 17
1445068567 7
1445068567 14
1445068567 16
1445068567 1
1445068567 12
1445068567 9
1445068574 17
1445068574 12
1445068574 9
1445068577 13
1445068585 17
1445068585 12
1445068585 9
1445068593 17
1445068593 12
1445068593 9
1445068603 17
1445068603 12
1445068603 9
1445068607 13
1445068607 14
1445068607 16
1445068607 1
1445068607 12
1445068607 9
1445068617 17
1445068617 12
1445068617 9
1445068622 17
1445068622 6
1445068627 17
1445068627 8
1445068627 14
1445068627 16
1445068627 1
1445068627 12
1445068627 9
1445068635 17
1445068635 22
1445068635 4
1445068635 10
1445068635 26
1445068635 25
1445068635 35
1445068635 2
1445068636 15
1445068682 18
1445068682 29
1445068682 3
1445068682 36
