1445068488 8
1445068488 147
1445068488 16
1445068488 102
1445068488 83
1445068488 8
1445068488 147
1445068489 160
1445068490 82
1445068490 67
1445068490 154
1445068490 0
1445068490 58
1445068490 78
1445068490 58
1445068490 78
1445068490 60
1445068490 60
1445068490 167
1445068500 167
1445068500 1
1445068554 58
1445068554 78
1445068554 78
1445068554 60
1445068554 60
1445068554 167
1445068557 58
1445068563 58
1445068564 58
1445068566 58
1445068567 167
1445068567 1
1445068567 78
1445068567 78
1445068567 60
1445068567 60
1445068567 167
1445068574 167
1445068574 60
1445068574 167
1445068577 58
1445068585 167
1445068585 60
1445068585 167
1445068593 167
1445068593 60
1445068593 167
1445068603 167
1445068603 60
1445068603 167
1445068607 58
1445068607 78
1445068607 78
1445068607 60
1445068607 60
1445068607 167
1445068617 167
1445068617 60
1445068617 167
1445068622 167
1445068622 1
1445068627 167
1445068627 1
1445068627 78
1445068627 78
1445068627 60
1445068627 60
1445068627 167
1445068635 167
1445068635 58
1445068635 1
1445068635 0
1445068635 120
1445068635 120
1445068635 102
1445068635 160
1445068636 60
1445068682 129
1445068682 129
1445068682 167
1445068682 3
