1445092194 23
1445092194 12
1445092194 16
1445092194 28
1445092194 6
1445092195 5
1445092195 2
1445092197 3
1445092198 7
1445092198 11
1445092199 8
1445092199 29
1445092199 10
1445092199 22
1445092199 26
1445092199 27
1445092199 14
1445092202 25
1445092202 19
1445092202 17
1445092202 29
1445092211 31
1445092211 20
1445092212 25
1445092212 19
1445092212 17
1445092212 29
1445092221 31
1445092221 20
1445092221 25
1445092221 19
1445092221 17
1445092221 29
1445092230 31
1445092230 20
1445092231 25
1445092231 19
1445092231 17
1445092231 29
1445092239 31
1445092239 20
1445092240 25
1445092240 19
1445092240 17
1445092240 29
1445092248 31
1445092248 20
1445092249 25
1445092249 19
1445092249 17
1445092249 29
1445092249 13
1445092256 31
1445092256 20
1445092256 25
1445092256 19
1445092256 17
1445092257 30
1445092257 24
1445092257 1
1445092282 4
1445092282 21
1445092282 18
1445092282 15
1445092282 9
