1445071666 20
1445071666 10
1445071666 15
1445071666 19
1445071666 6
1445071667 4
1445071667 2
1445071668 3
1445071669 7
1445071669 12
1445071669 8
1445071669 28
1445071669 13
1445071669 18
1445071669 21
1445071669 23
1445071669 9
1445071673 25
1445071673 17
1445071673 14
1445071673 28
1445071683 26
1445071683 16
1445071686 25
1445071686 17
1445071686 14
1445071686 28
1445071696 26
1445071696 16
1445071699 25
1445071699 17
1445071699 14
1445071699 28
1445071708 26
1445071708 16
1445071710 25
1445071710 17
1445071710 14
1445071710 28
1445071721 26
1445071721 16
1445071724 25
1445071724 17
1445071724 14
1445071724 28
1445071733 26
1445071733 16
1445071736 25
1445071736 17
1445071736 14
1445071736 28
1445071746 26
1445071746 16
1445071748 25
1445071748 17
1445071748 14
1445071748 28
1445071757 26
1445071757 16
1445071759 11
1445071759 25
1445071759 17
1445071759 14
1445071766 27
1445071766 24
1445071766 1
1445071800 5
1445071800 22
