1445076962 8
1445076962 147
1445076962 16
1445076962 102
1445076962 83
1445076962 8
1445076963 147
1445076963 160
1445076964 82
1445076964 67
1445076965 22
1445076965 102
1445076965 3
1445076965 75
1445076965 25
1445076965 25
1445076965 154
1445076969 102
1445076969 25
1445076969 25
1445076969 102
1445076980 75
1445076980 25
1445076983 102
1445076983 25
1445076983 25
1445076983 102
1445076993 75
1445076993 25
1445076996 102
1445076996 25
1445076996 25
1445076996 102
1445077005 75
1445077005 25
1445077008 102
1445077008 25
1445077008 25
1445077008 102
1445077016 75
1445077016 25
1445077019 102
1445077019 25
1445077019 25
1445077019 102
1445077029 75
1445077029 25
1445077031 102
1445077031 25
1445077031 25
1445077031 102
1445077041 75
1445077041 25
1445077044 102
1445077044 25
1445077044 25
1445077044 102
1445077052 75
1445077052 25
1445077055 67
1445077055 102
1445077055 25
1445077055 25
1445077061 75
1445077061 102
1445077062 160
1445077094 129
1445077094 3
1445077094 16
1445077094 16
1445077094 111
