1445092290 21
1445092290 11
1445092290 16
1445092290 19
1445092290 6
1445092290 5
1445092291 2
1445092292 4
1445092293 8
1445092293 10
1445092294 7
1445092294 26
1445092294 12
1445092294 18
1445092294 25
1445092294 20
1445092294 13
1445092297 23
1445092297 15
1445092297 14
1445092297 26
1445092305 28
1445092305 17
1445092306 23
1445092306 15
1445092306 14
1445092306 26
1445092314 28
1445092314 17
1445092315 23
1445092315 15
1445092315 14
1445092315 26
1445092324 28
1445092324 17
1445092325 23
1445092325 15
1445092325 14
1445092325 26
1445092334 28
1445092334 17
1445092334 23
1445092334 15
1445092334 14
1445092334 26
1445092343 28
1445092343 17
1445092343 23
1445092343 15
1445092343 14
1445092343 26
1445092344 9
1445092351 28
1445092351 17
1445092351 23
1445092351 15
1445092351 14
1445092352 27
1445092352 22
1445092352 1
1445092383 3
1445092383 24
