1445092290 8
1445092290 147
1445092290 16
1445092290 102
1445092290 83
1445092290 8
1445092291 147
1445092292 160
1445092293 82
1445092293 67
1445092294 22
1445092294 102
1445092294 3
1445092294 75
1445092294 25
1445092294 25
1445092294 154
1445092297 102
1445092297 25
1445092297 25
1445092297 102
1445092305 75
1445092305 25
1445092306 102
1445092306 25
1445092306 25
1445092306 102
1445092314 75
1445092314 25
1445092315 102
1445092315 25
1445092315 25
1445092315 102
1445092324 75
1445092324 25
1445092325 102
1445092325 25
1445092325 25
1445092325 102
1445092334 75
1445092334 25
1445092334 102
1445092334 25
1445092334 25
1445092334 102
1445092343 75
1445092343 25
1445092343 102
1445092343 25
1445092343 25
1445092343 102
1445092344 67
1445092351 75
1445092351 25
1445092351 102
1445092351 25
1445092351 25
1445092352 75
1445092352 102
1445092352 160
1445092383 129
1445092383 3
