1445096116 23
1445096116 12
1445096116 14
1445096116 24
1445096116 6
1445096116 3
1445096116 2
1445096117 5
1445096118 8
1445096118 10
1445096118 7
1445096118 28
1445096118 9
1445096118 19
1445096118 25
1445096118 20
1445096118 13
1445096120 22
1445096120 17
1445096120 16
1445096120 28
1445096131 27
1445096131 15
1445096133 22
1445096133 17
1445096133 16
1445096133 28
1445096142 27
1445096142 15
1445096143 22
1445096143 17
1445096143 16
1445096143 28
1445096151 27
1445096151 15
1445096153 22
1445096153 17
1445096153 16
1445096153 28
1445096162 27
1445096162 15
1445096163 22
1445096163 17
1445096163 16
1445096163 28
1445096172 27
1445096172 15
1445096173 22
1445096173 17
1445096173 16
1445096173 28
1445096173 11
1445096181 27
1445096181 15
1445096181 22
1445096181 17
1445096181 16
1445096182 26
1445096182 21
1445096182 1
1445096205 4
1445096205 18
