1445247851 16
1445247851 9
1445247851 11
1445247851 15
1445247851 4
1445247852 2
1445247853 1
1445247855 3
1445247859 5
1445247860 7
1445247871 6
1445247872 21
1445247872 10
1445247872 19
1445247872 17
1445247872 18
1445247873 8
1445247896 20
1445247896 12
1445247896 13
1445247896 21
1445247942 22
1445247943 14
1445247950 20
1445247950 12
1445247950 13
1445247950 21
1445247991 22
1445247991 14
1445247996 20
1445247996 12
1445247996 13
1445247996 21
1445248019 22
1445248019 14
1445248022 20
1445248022 12
1445248022 13
1445248022 21
1445248043 22
1445248043 14
1445248047 20
1445248047 12
1445248047 13
1445248047 21
1445248067 22
1445248067 14
1445248070 20
1445248070 12
1445248070 13
1445248070 21
