1445068415 8
1445068416 147
1445068416 16
1445068416 102
1445068416 83
1445068416 8
1445068416 147
1445068417 160
1445068418 82
1445068418 67
1445068418 22
1445068418 102
1445068418 3
1445068418 75
1445068418 25
1445068418 25
1445068418 154
1445068422 102
1445068422 25
1445068422 25
1445068422 102
1445068434 75
1445068434 25
1445068437 102
1445068437 25
1445068437 25
1445068437 102
1445068448 75
1445068448 25
1445068451 102
1445068451 25
1445068451 25
1445068451 102
1445068462 75
1445068462 25
1445068465 102
1445068465 25
1445068465 25
1445068465 102
1445068475 75
1445068475 25
1445068478 102
1445068478 25
1445068478 25
1445068478 102
1445068489 75
1445068495 25
1445068498 102
1445068498 25
1445068498 25
1445068498 102
1445068510 75
1445068510 25
1445068512 102
1445068512 25
1445068512 25
1445068512 102
1445068524 75
1445068524 25
1445068526 67
1445068526 102
1445068526 25
1445068526 25
1445068534 75
1445068534 102
1445068534 160
1445068564 129
1445068564 3
1445068564 16
1445068564 16
1445068564 111
