1445175440 22
1445175440 10
1445175440 15
1445175440 28
1445175440 6
1445175440 5
1445175440 2
1445175441 3
1445175441 7
1445175441 9
1445175441 8
1445175441 31
1445175441 12
1445175441 21
1445175441 26
1445175441 27
1445175441 13
1445175443 23
1445175443 20
1445175443 19
1445175443 31
1445175451 29
1445175451 17
1445175452 23
1445175452 20
1445175452 19
1445175452 31
1445175459 29
1445175459 17
1445175460 23
1445175460 20
1445175460 19
1445175460 31
1445175469 29
1445175469 17
1445175471 23
1445175471 20
1445175471 19
1445175471 31
1445175481 29
1445175481 17
1445175482 23
1445175482 20
1445175482 19
1445175482 31
1445175490 29
1445175490 17
1445175491 23
1445175491 20
1445175491 19
1445175491 31
1445175492 14
1445175499 29
1445175499 17
1445175499 23
1445175499 20
1445175499 19
1445175500 30
1445175500 24
1445175500 1
1445175523 4
1445175523 25
1445175523 18
1445175523 16
1445175523 11
