1445162650 23
1445162651 13
1445162651 15
1445162651 22
1445162651 6
1445162651 4
1445162651 3
1445162652 5
1445162652 9
1445162652 12
1445162653 7
1445162653 25
1445162653 11
1445162653 18
1445162653 19
1445162653 21
1445162653 10
1445162657 20
1445162657 17
1445162657 16
1445162657 25
1445162671 27
1445162671 14
1445162673 20
1445162673 17
1445162673 16
1445162673 25
1445162683 27
1445162683 14
1445162685 20
1445162685 17
1445162685 16
1445162685 25
1445162695 27
1445162695 14
1445162697 20
1445162697 17
1445162697 16
1445162697 25
1445162707 27
1445162707 14
1445162708 20
1445162708 17
1445162708 16
1445162708 25
1445162717 27
1445162717 14
1445162719 1
1445162719 36
1445162719 33
1445162719 33
1445162719 29
1445162719 34
1445162719 30
1445162719 46
1445162719 8
1445162719 37
1445162719 40
1445162719 41
1445162719 38
1445162719 39
1445162719 28
1445162719 35
1445162719 32
1445162719 32
1445162719 45
1445162719 45
1445162719 26
1445162719 42
1445162719 44
1445162719 43
1445162719 24
1445162719 31
1445162719 -1
1445162719 20
1445162719 17
1445162719 16
1445162719 25
1445162728 27
1445162728 14
1445162730 20
1445162730 17
1445162730 16
1445162730 25
1445162740 27
1445162740 14
1445162742 2
1445162762 2
1445162782 2
1445162802 2
1445162822 2
1445162842 2
1445162862 2
1445162882 2
1445162902 2
1445162922 2
1445162942 2
1445162962 2
1445162982 2
1445163002 2
1445163022 2
1445163042 2
1445163062 2
1445163082 2
1445163102 2
1445163122 2
1445163142 2
1445163162 2
1445163182 2
1445163202 2
1445163222 2
1445163242 2
1445163262 2
1445163282 2
1445163302 2
1445163322 2
1445163342 2
1445163362 2
1445163382 2
1445163402 2
1445163422 2
