1445162650 8
1445162651 147
1445162651 16
1445162651 102
1445162651 83
1445162651 8
1445162651 147
1445162652 160
1445162652 82
1445162652 67
1445162653 22
1445162653 102
1445162653 3
1445162653 75
1445162653 25
1445162653 25
1445162653 154
1445162657 102
1445162657 25
1445162657 25
1445162657 102
1445162671 75
1445162671 25
1445162673 102
1445162673 25
1445162673 25
1445162673 102
1445162683 75
1445162683 25
1445162685 102
1445162685 25
1445162685 25
1445162685 102
1445162695 75
1445162695 25
1445162697 102
1445162697 25
1445162697 25
1445162697 102
1445162707 75
1445162707 25
1445162708 102
1445162708 25
1445162708 25
1445162708 102
1445162717 75
1445162717 25
1445162719 20
1445162719 53
1445162719 15
1445162719 15
1445162719 44
1445162719 12
1445162719 91
1445162719 31
1445162719 36
1445162719 164
1445162719 106
1445162719 4
1445162719 106
1445162719 106
1445162719 144
1445162719 53
1445162719 53
1445162719 53
1445162719 51
1445162719 51
1445162719 152
1445162719 51
1445162719 136
1445162719 51
1445162719 152
1445162719 15
1445162719 170
1445162719 102
1445162719 25
1445162719 25
1445162719 102
1445162728 75
1445162728 25
1445162730 102
1445162730 25
1445162730 25
1445162730 102
1445162740 75
1445162740 25
1445162742 33
1445162762 33
1445162782 33
1445162802 33
1445162822 33
1445162842 33
1445162862 33
1445162882 33
1445162902 33
1445162922 33
1445162942 33
1445162962 33
1445162982 33
1445163002 33
1445163022 33
1445163042 33
1445163062 33
1445163082 33
1445163102 33
1445163122 33
1445163142 33
1445163162 33
1445163182 33
1445163202 33
1445163222 33
1445163242 33
1445163262 33
1445163282 33
1445163302 33
1445163322 33
1445163342 33
1445163362 33
1445163382 33
1445163402 33
1445163422 33
