1445093105 33
1445093105 29
1445093105 31
1445093105 36
1445093105 22
1445093105 21
1445093105 8
1445093106 19
1445093106 25
1445093106 30
1445093106 27
1445093106 23
1445093106 17
1445093106 13
1445093106 14
1445093106 13
1445093106 14
1445093106 15
1445093107 1
1445093107 1
1445093107 11
1445093107 11
1445093107 6
1445093107 6
1445093108 16
1445093108 9
1445093108 13
1445093108 14
1445093108 1
1445093108 11
1445093108 6
1445093109 16
1445093109 5
1445093109 13
1445093109 14
1445093109 1
1445093109 11
1445093109 6
1445093111 16
1445093112 11
1445093112 6
1445093113 16
1445093113 11
1445093113 6
1445093117 16
1445093117 11
1445093117 6
1445093117 16
1445093117 11
1445093117 6
1445093120 16
1445093120 11
1445093120 6
1445093120 16
1445093120 10
1445093123 16
1445093123 11
1445093123 6
1445093127 16
1445093127 4
1445093127 18
1445093127 7
1445093137 26
1445093137 24
1445093137 35
1445093138 2
1445093138 12
1445093160 37
1445093160 42
1445093160 38
1445093160 39
1445093160 41
1445093160 32
1445093160 40
1445093428 20
1445093428 28
1445093428 3
1445093428 34
