1445241143 20
1445241143 9
1445241143 14
1445241143 25
1445241143 6
1445241143 3
1445241144 2
1445241145 4
1445241146 8
1445241146 13
1445241146 7
1445241146 26
1445241146 10
1445241146 23
1445241146 18
1445241146 19
1445241146 12
1445241149 22
1445241149 16
1445241149 17
1445241149 26
1445241159 28
1445241159 15
1445241160 22
1445241160 16
1445241160 17
1445241160 26
1445241169 28
1445241169 15
1445241170 22
1445241170 16
1445241170 17
1445241170 26
1445241182 28
1445241182 15
1445241183 22
1445241183 16
1445241183 17
1445241183 26
1445241192 28
1445241192 15
1445241193 22
1445241193 16
1445241193 17
1445241193 26
1445241204 28
1445241204 15
1445241205 22
1445241205 16
1445241205 17
1445241205 26
1445241214 28
1445241214 15
1445241216 22
1445241216 16
1445241216 17
1445241216 26
1445241226 28
1445241226 15
1445241227 11
1445241227 22
1445241227 16
1445241227 17
1445241235 27
1445241235 24
1445241235 1
1445241272 5
1445241272 21
