1445235950 8
1445235951 147
1445235951 16
1445235951 102
1445235951 83
1445235951 8
1445235951 147
1445235952 160
1445235953 82
1445235953 67
1445235953 22
1445235953 102
1445235953 3
1445235953 75
1445235953 25
1445235953 25
1445235953 154
1445235956 102
1445235956 25
1445235956 25
1445235956 102
1445235966 75
1445235966 25
1445235967 102
1445235967 25
1445235967 25
1445235967 102
1445235975 75
1445235976 25
1445235977 102
1445235977 25
1445235977 25
1445235977 102
1445235986 75
1445235986 25
1445235987 102
1445235987 25
1445235987 25
1445235987 102
1445235996 75
1445235996 25
1445235997 102
1445235997 25
1445235997 25
1445235997 102
1445236005 75
1445236005 25
1445236006 102
1445236006 25
1445236006 25
1445236006 102
1445236007 67
1445236018 75
1445236018 25
1445236018 102
1445236018 25
1445236018 25
1445236019 75
1445236019 102
1445236019 160
1445236101 129
1445236115 3
