1445236335 105
1445236336 105
1445236336 105
1445236336 85
1445236337 105
1445236338 77
1445236338 62
1445236338 105
1445236338 105
1445236338 105
1445236338 105
1445236338 105
1445236338 105
1445236338 105
1445236338 69
1445236338 69
1445236338 69
1445236338 38
1445236338 8
1445236338 69
1445236338 10
1445236341 105
1445236341 105
1445236341 105
1445236341 105
1445236341 105
1445236341 105
1445236341 105
1445236341 105
1445236341 105
1445236341 105
1445236341 105
1445236341 105
1445236341 91
1445236341 78
1445236341 89
1445236341 105
1445236341 105
1445236341 105
1445236341 105
1445236341 105
1445236341 105
1445236341 71
1445236341 81
1445236342 41
1445236342 98
1445236342 94
1445236342 105
1445236342 88
1445236342 59
1445236342 86
1445236342 24
1445236342 25
1445236342 92
1445236342 90
1445236342 97
1445236342 104
1445236342 15
1445236342 102
1445236342 105
1445236343 84
1445236343 75
1445236343 71
1445236343 81
1445236343 98
1445236343 94
1445236343 105
1445236343 83
1445236343 82
1445236343 73
1445236343 105
1445236343 105
1445236343 48
1445236343 74
1445236343 45
1445236343 105
1445236343 44
1445236343 20
1445236343 18
1445236343 18
1445236344 18
1445236344 3
1445236344 22
1445236344 56
1445236344 37
1445236344 20
1445236344 18
1445236344 18
1445236344 18
1445236344 3
1445236344 7
1445236344 22
1445236344 56
1445236344 37
1445236344 20
1445236344 18
1445236344 18
1445236344 18
1445236344 3
1445236344 22
1445236344 18
1445236344 18
1445236344 28
1445236344 5
1445236344 33
1445236344 56
1445236344 37
1445236344 20
1445236344 18
1445236344 18
1445236344 18
1445236344 3
1445236344 22
1445236344 18
1445236344 18
1445236344 28
1445236344 5
1445236344 33
1445236344 56
1445236344 37
1445236344 20
1445236344 18
1445236344 18
1445236344 18
1445236344 3
1445236344 22
1445236344 18
1445236344 18
1445236344 32
1445236344 4
1445236344 33
1445236344 56
1445236344 37
1445236344 20
1445236344 18
1445236344 18
1445236344 18
1445236344 3
1445236344 22
1445236344 18
1445236344 18
1445236344 32
1445236344 4
1445236344 33
1445236344 56
1445236344 37
1445236344 20
1445236344 18
1445236344 18
1445236344 18
1445236344 3
1445236344 22
1445236344 18
1445236344 18
1445236344 28
1445236344 5
1445236344 33
1445236344 56
1445236344 37
1445236344 20
1445236344 18
1445236344 18
1445236344 28
1445236344 5
1445236344 35
1445236344 18
1445236344 18
1445236344 18
1445236344 3
1445236344 22
1445236344 56
1445236344 37
1445236344 20
1445236344 18
1445236344 18
1445236344 18
1445236344 3
1445236344 22
1445236344 18
1445236344 18
1445236344 32
1445236344 4
1445236344 33
1445236344 56
1445236344 37
1445236344 20
1445236344 18
1445236344 18
1445236344 18
1445236344 3
1445236344 22
1445236344 18
1445236344 18
1445236344 32
1445236344 4
1445236344 33
1445236344 56
1445236344 37
1445236344 30
1445236344 64
1445236344 64
1445236344 64
1445236344 64
1445236344 64
1445236344 64
1445236344 64
1445236344 64
1445236344 64
1445236344 64
1445236344 29
1445236344 105
1445236344 105
1445236345 105
1445236345 105
1445236345 105
1445236345 105
1445236346 105
1445236347 105
1445236347 105
1445236347 72
1445236347 105
1445236347 18
1445236347 1
1445236347 2
1445236347 6
1445236347 50
1445236347 51
1445236347 26
1445236347 13
1445236347 79
1445236347 23
1445236347 54
1445236347 3
1445236347 36
1445236347 70
1445236347 21
1445236348 105
1445236350 47
1445236350 52
1445236350 46
1445236352 60
1445236353 60
1445236354 60
1445236355 60
1445236356 60
1445236357 60
1445236358 63
1445236358 60
1445236359 60
1445236360 60
1445236361 63
1445236361 60
1445236362 60
1445236363 60
1445236364 63
1445236364 60
1445236365 60
1445236366 60
1445236367 63
1445236367 60
1445236368 60
1445236369 60
1445236370 63
1445236370 60
1445236371 63
1445236373 63
1445236376 63
1445236389 63
1445236394 63
1445236397 63
1445236400 63
1445236403 63
1445236406 63
1445236409 63
1445236412 63
1445236415 63
1445236418 63
1445236421 63
1445236424 63
1445236427 63
1445236430 63
1445236433 63
1445236436 63
1445236439 63
1445236442 63
1445236445 63
1445236448 63
1445236451 63
1445236454 63
1445236457 63
1445236460 63
1445236463 63
1445236466 63
1445236469 63
1445236472 63
1445236475 63
1445236478 63
1445236481 63
1445236484 63
1445236487 63
1445236490 63
1445236494 63
1445236497 63
1445236500 63
1445236503 63
1445236506 63
1445236509 63
1445236512 63
1445236515 63
1445236518 63
1445236521 63
1445236524 63
1445236527 63
1445236530 63
1445236533 63
1445236536 63
1445236539 63
1445236542 63
1445236545 63
1445236548 63
1445236551 63
1445236554 63
1445236557 63
1445236560 63
1445236563 63
1445236566 63
1445236569 63
1445236572 63
1445236575 63
1445236578 63
1445236581 63
1445236584 63
1445236587 63
1445236590 63
1445236593 63
1445236596 63
1445236599 63
1445236602 63
1445236605 63
1445236608 63
1445236611 63
1445236614 63
1445236617 63
1445236620 63
1445236623 63
1445236626 63
1445236629 63
1445236632 63
1445236635 63
1445236638 63
1445236641 63
1445236644 63
1445236647 63
1445236650 63
1445236653 63
1445236656 63
1445236659 63
1445236662 63
1445236665 63
1445236668 63
1445236671 63
1445236674 63
1445236677 63
1445236681 63
1445236684 63
1445236687 63
1445236690 63
1445236693 63
1445236696 63
1445236699 63
1445236702 63
1445236705 63
1445236708 63
1445236711 63
1445236714 63
1445236717 63
1445236720 63
1445236723 63
1445236726 63
1445236729 63
1445236732 63
1445236735 63
1445236738 63
1445236741 63
1445236744 63
1445236747 63
1445236750 63
1445236753 63
1445236756 63
1445236759 63
1445236762 63
1445236765 63
1445236768 63
1445236771 63
1445236774 63
1445236777 63
1445236780 63
1445236783 63
1445236786 63
1445236789 63
1445236792 63
1445236795 63
1445236798 63
1445236801 63
1445236804 63
1445236807 63
1445236810 63
1445236813 63
1445236816 63
1445236819 63
1445236822 63
1445236825 63
1445236828 63
1445236831 63
1445236834 63
1445236837 63
1445236840 63
1445236843 63
1445236846 63
1445236849 63
1445236853 63
1445236856 63
1445236859 63
1445236862 63
1445236865 63
1445236868 63
1445236871 63
1445236874 63
1445236877 63
1445236880 63
1445236883 63
1445236886 63
1445236889 63
1445236892 63
1445236895 63
1445236898 63
1445236901 63
1445236904 63
1445236907 63
1445236910 63
1445236913 63
1445236914 57
1445236914 16
1445236914 17
1445236914 55
1445236914 34
1445236914 63
1445236914 67
1445236914 9
1445236914 12
1445236914 80
1445236914 23
1445236914 14
1445236914 56
1445236914 27
1445236914 64
1445236914 39
1445236914 105
1445236914 61
1445236914 42
1445236914 43
1445236914 105
1445236914 66
1445236914 105
1445236914 76
1445236914 105
1445236914 58
1445236915 31
1445236915 96
1445236915 40
1445236915 96
1445236915 19
1445236915 101
1445236915 105
1445236915 40
1445236915 101
1445236915 49
1445236915 68
1445236915 106
1445236915 49
1445236915 65
1445236915 103
1445236915 49
1445236915 53
1445236915 99
1445236915 87
1445236915 105
1445236915 11
1445236915 105
1445236916 105
1445236916 105
1445236916 93
1445236916 95
1445236916 105
1445236916 100
