1445236335 35
1445236336 35
1445236336 35
1445236336 3
1445236337 35
1445236338 118
1445236338 49
1445236338 35
1445236338 35
1445236338 35
1445236338 35
1445236338 35
1445236338 35
1445236338 35
1445236338 22
1445236338 22
1445236338 22
1445236338 60
1445236338 37
1445236338 22
1445236338 156
1445236341 35
1445236341 35
1445236341 35
1445236341 35
1445236341 35
1445236341 35
1445236341 35
1445236341 35
1445236341 35
1445236341 35
1445236341 35
1445236341 35
1445236341 8
1445236341 147
1445236341 16
1445236341 35
1445236341 35
1445236341 35
1445236341 35
1445236341 35
1445236341 35
1445236341 147
1445236341 84
1445236342 8
1445236342 166
1445236342 166
1445236342 35
1445236342 8
1445236342 147
1445236342 96
1445236342 96
1445236342 96
1445236342 155
1445236342 155
1445236342 8
1445236342 64
1445236342 5
1445236342 64
1445236342 35
1445236343 96
1445236343 45
1445236343 147
1445236343 84
1445236343 166
1445236343 166
1445236343 35
1445236343 118
1445236343 118
1445236343 50
1445236343 35
1445236343 35
1445236343 37
1445236343 8
1445236343 73
1445236343 35
1445236343 73
1445236343 45
1445236343 151
1445236343 151
1445236344 151
1445236344 27
1445236344 7
1445236344 109
1445236344 109
1445236344 45
1445236344 151
1445236344 151
1445236344 151
1445236344 27
1445236344 156
1445236344 7
1445236344 109
1445236344 109
1445236344 45
1445236344 151
1445236344 151
1445236344 151
1445236344 27
1445236344 7
1445236344 151
1445236344 151
1445236344 151
1445236344 27
1445236344 7
1445236344 109
1445236344 109
1445236344 45
1445236344 151
1445236344 151
1445236344 151
1445236344 27
1445236344 7
1445236344 151
1445236344 151
1445236344 151
1445236344 27
1445236344 7
1445236344 109
1445236344 109
1445236344 45
1445236344 151
1445236344 151
1445236344 151
1445236344 27
1445236344 7
1445236344 151
1445236344 151
1445236344 151
1445236344 27
1445236344 7
1445236344 109
1445236344 109
1445236344 45
1445236344 151
1445236344 151
1445236344 151
1445236344 27
1445236344 7
1445236344 151
1445236344 151
1445236344 151
1445236344 27
1445236344 7
1445236344 109
1445236344 109
1445236344 45
1445236344 151
1445236344 151
1445236344 151
1445236344 27
1445236344 7
1445236344 151
1445236344 151
1445236344 151
1445236344 27
1445236344 7
1445236344 109
1445236344 109
1445236344 45
1445236344 151
1445236344 151
1445236344 151
1445236344 27
1445236344 7
1445236344 151
1445236344 151
1445236344 151
1445236344 27
1445236344 7
1445236344 109
1445236344 109
1445236344 45
1445236344 151
1445236344 151
1445236344 151
1445236344 27
1445236344 7
1445236344 151
1445236344 151
1445236344 151
1445236344 27
1445236344 7
1445236344 109
1445236344 109
1445236344 45
1445236344 151
1445236344 151
1445236344 151
1445236344 27
1445236344 7
1445236344 151
1445236344 151
1445236344 151
1445236344 27
1445236344 7
1445236344 109
1445236344 109
1445236344 109
1445236344 45
1445236344 45
1445236344 45
1445236344 45
1445236344 45
1445236344 45
1445236344 45
1445236344 45
1445236344 45
1445236344 45
1445236344 7
1445236344 35
1445236344 35
1445236345 35
1445236345 35
1445236345 35
1445236345 35
1445236346 35
1445236347 35
1445236347 35
1445236347 38
1445236347 35
1445236347 151
1445236347 105
1445236347 105
1445236347 110
1445236347 105
1445236347 45
1445236347 7
1445236347 110
1445236347 95
1445236347 86
1445236347 37
1445236347 27
1445236347 7
1445236347 45
1445236347 109
1445236348 35
1445236350 82
1445236350 132
1445236350 132
1445236352 55
1445236353 55
1445236354 55
1445236355 55
1445236356 55
1445236357 55
1445236358 55
1445236358 55
1445236359 55
1445236360 55
1445236361 55
1445236361 55
1445236362 55
1445236363 55
1445236364 55
1445236364 55
1445236365 55
1445236366 55
1445236367 55
1445236367 55
1445236368 55
1445236369 55
1445236370 55
1445236370 55
1445236371 55
1445236373 55
1445236376 55
1445236389 55
1445236394 55
1445236397 55
1445236400 55
1445236403 55
1445236406 55
1445236409 55
1445236412 55
1445236415 55
1445236418 55
1445236421 55
1445236424 55
1445236427 55
1445236430 55
1445236433 55
1445236436 55
1445236439 55
1445236442 55
1445236445 55
1445236448 55
1445236451 55
1445236454 55
1445236457 55
1445236460 55
1445236463 55
1445236466 55
1445236469 55
1445236472 55
1445236475 55
1445236478 55
1445236481 55
1445236484 55
1445236487 55
1445236490 55
1445236494 55
1445236497 55
1445236500 55
1445236503 55
1445236506 55
1445236509 55
1445236512 55
1445236515 55
1445236518 55
1445236521 55
1445236524 55
1445236527 55
1445236530 55
1445236533 55
1445236536 55
1445236539 55
1445236542 55
1445236545 55
1445236548 55
1445236551 55
1445236554 55
1445236557 55
1445236560 55
1445236563 55
1445236566 55
1445236569 55
1445236572 55
1445236575 55
1445236578 55
1445236581 55
1445236584 55
1445236587 55
1445236590 55
1445236593 55
1445236596 55
1445236599 55
1445236602 55
1445236605 55
1445236608 55
1445236611 55
1445236614 55
1445236617 55
1445236620 55
1445236623 55
1445236626 55
1445236629 55
1445236632 55
1445236635 55
1445236638 55
1445236641 55
1445236644 55
1445236647 55
1445236650 55
1445236653 55
1445236656 55
1445236659 55
1445236662 55
1445236665 55
1445236668 55
1445236671 55
1445236674 55
1445236677 55
1445236681 55
1445236684 55
1445236687 55
1445236690 55
1445236693 55
1445236696 55
1445236699 55
1445236702 55
1445236705 55
1445236708 55
1445236711 55
1445236714 55
1445236717 55
1445236720 55
1445236723 55
1445236726 55
1445236729 55
1445236732 55
1445236735 55
1445236738 55
1445236741 55
1445236744 55
1445236747 55
1445236750 55
1445236753 55
1445236756 55
1445236759 55
1445236762 55
1445236765 55
1445236768 55
1445236771 55
1445236774 55
1445236777 55
1445236780 55
1445236783 55
1445236786 55
1445236789 55
1445236792 55
1445236795 55
1445236798 55
1445236801 55
1445236804 55
1445236807 55
1445236810 55
1445236813 55
1445236816 55
1445236819 55
1445236822 55
1445236825 55
1445236828 55
1445236831 55
1445236834 55
1445236837 55
1445236840 55
1445236843 55
1445236846 55
1445236849 55
1445236853 55
1445236856 55
1445236859 55
1445236862 55
1445236865 55
1445236868 55
1445236871 55
1445236874 55
1445236877 55
1445236880 55
1445236883 55
1445236886 55
1445236889 55
1445236892 55
1445236895 55
1445236898 55
1445236901 55
1445236904 55
1445236907 55
1445236910 55
1445236913 55
1445236914 55
1445236914 7
1445236914 45
1445236914 55
1445236914 45
1445236914 55
1445236914 55
1445236914 7
1445236914 110
1445236914 95
1445236914 86
1445236914 7
1445236914 109
1445236914 109
1445236914 45
1445236914 73
1445236914 35
1445236914 45
1445236914 73
1445236914 82
1445236914 35
1445236914 37
1445236914 35
1445236914 125
1445236914 35
1445236914 125
1445236915 88
1445236915 17
1445236915 88
1445236915 17
1445236915 88
1445236915 130
1445236915 35
1445236915 88
1445236915 130
1445236915 88
1445236915 34
1445236915 70
1445236915 88
1445236915 34
1445236915 130
1445236915 88
1445236915 34
1445236915 17
1445236915 125
1445236915 35
1445236915 22
1445236915 35
1445236916 35
1445236916 35
1445236916 29
1445236916 166
1445236916 35
1445236916 166
