1445235826 19
1445235826 13
1445235826 16
1445235826 24
1445235826 6
1445235826 4
1445235826 2
1445235827 5
1445235828 8
1445235828 10
1445235828 7
1445235828 27
1445235828 12
1445235828 20
1445235828 22
1445235828 18
1445235828 9
1445235831 25
1445235831 15
1445235831 17
1445235831 27
1445235840 26
1445235840 14
1445235842 25
1445235842 15
1445235842 17
1445235842 27
1445235851 26
1445235851 14
1445235853 25
1445235853 15
1445235853 17
1445235853 27
1445235862 26
1445235862 14
1445235864 25
1445235864 15
1445235864 17
1445235864 27
1445235873 26
1445235873 14
1445235874 11
1445235874 25
1445235874 15
1445235874 17
1445235882 28
1445235882 23
1445235882 1
1445235900 3
1445235900 21
