1445067825 23
1445067825 14
1445067825 16
1445067825 24
1445067825 6
1445067825 4
1445067826 2
1445067827 5
1445067828 7
1445067828 10
1445067828 8
1445067828 31
1445067828 9
1445067828 21
1445067828 22
1445067828 26
1445067828 13
1445067836 25
1445067836 18
1445067836 19
1445067836 31
1445067846 30
1445067846 17
1445067851 25
1445067851 18
1445067851 19
1445067851 31
1445067861 30
1445067861 17
1445067866 25
1445067866 18
1445067866 19
1445067866 31
1445067877 30
1445067877 17
1445067881 25
1445067881 18
1445067881 19
1445067881 31
1445067892 30
1445067892 17
1445067896 25
1445067896 18
1445067896 19
1445067896 31
1445067906 30
1445067906 17
1445067909 25
1445067909 18
1445067909 19
1445067909 31
1445067918 30
1445067918 17
1445067922 25
1445067922 18
1445067922 19
1445067922 31
1445067933 30
1445067933 17
1445067935 11
1445067935 25
1445067935 18
1445067935 19
1445067942 29
1445067942 28
1445067942 1
1445067977 3
1445067977 27
1445067977 20
1445067977 15
1445067977 12
