1445088263 8
1445088263 147
1445088263 16
1445088264 102
1445088264 83
1445088264 8
1445088266 147
1445088270 160
1445088272 82
1445088272 67
1445088273 22
1445088273 102
1445088273 3
1445088273 75
1445088273 25
1445088273 25
1445088273 154
1445088280 102
1445088280 25
1445088280 25
1445088280 102
1445088312 75
1445088312 25
1445088317 102
1445088317 25
1445088317 25
1445088317 102
1445088347 75
1445088348 25
1445088352 102
1445088352 25
1445088352 25
1445088352 102
1445088380 75
1445088380 25
1445088385 102
1445088385 25
1445088385 25
1445088385 102
1445088413 75
1445088413 25
1445088417 102
1445088417 25
1445088417 25
1445088417 102
1445088447 75
1445088447 25
1445088452 102
1445088452 25
1445088452 25
1445088452 102
1445088454 67
1445088480 75
1445088480 25
1445088480 102
1445088480 25
1445088480 25
1445088484 75
1445088484 102
1445088485 160
1445088583 129
1445088584 3
1445088584 16
1445088584 16
1445088584 111
