1445073327 22
1445073327 12
1445073327 14
1445073327 25
1445073327 6
1445073327 4
1445073328 2
1445073328 5
1445073329 8
1445073329 9
1445073330 7
1445073330 26
1445073330 13
1445073330 21
1445073330 18
1445073330 19
1445073330 11
1445073334 20
1445073334 16
1445073334 15
1445073334 26
1445073344 27
1445073344 17
1445073347 20
1445073347 16
1445073347 15
1445073347 26
1445073358 27
1445073358 17
1445073360 20
1445073360 16
1445073360 15
1445073360 26
1445073370 27
1445073370 17
1445073372 20
1445073372 16
1445073372 15
1445073372 26
1445073381 27
1445073381 17
1445073384 20
1445073384 16
1445073384 15
1445073384 26
1445073393 27
1445073393 17
1445073395 20
1445073395 16
1445073395 15
1445073395 26
1445073405 27
1445073405 17
1445073407 20
1445073407 16
1445073407 15
1445073407 26
1445073416 27
1445073416 17
1445073418 10
1445073418 20
1445073418 16
1445073418 15
1445073427 28
1445073427 23
1445073427 1
1445073452 3
1445073452 24
