1445073327 8
1445073327 147
1445073327 16
1445073327 102
1445073327 83
1445073327 8
1445073328 147
1445073328 160
1445073329 82
1445073329 67
1445073330 22
1445073330 102
1445073330 3
1445073330 75
1445073330 25
1445073330 25
1445073330 154
1445073334 102
1445073334 25
1445073334 25
1445073334 102
1445073344 75
1445073344 25
1445073347 102
1445073347 25
1445073347 25
1445073347 102
1445073358 75
1445073358 25
1445073360 102
1445073360 25
1445073360 25
1445073360 102
1445073370 75
1445073370 25
1445073372 102
1445073372 25
1445073372 25
1445073372 102
1445073381 75
1445073381 25
1445073384 102
1445073384 25
1445073384 25
1445073384 102
1445073393 75
1445073393 25
1445073395 102
1445073395 25
1445073395 25
1445073395 102
1445073405 75
1445073405 25
1445073407 102
1445073407 25
1445073407 25
1445073407 102
1445073416 75
1445073416 25
1445073418 67
1445073418 102
1445073418 25
1445073418 25
1445073427 75
1445073427 102
1445073427 160
1445073452 129
1445073452 3
