1445241402 24
1445241403 9
1445241403 15
1445241403 25
1445241403 6
1445241403 5
1445241403 2
1445241404 3
1445241404 7
1445241404 12
1445241405 8
1445241405 31
1445241405 13
1445241405 27
1445241405 26
1445241405 22
1445241405 10
1445241407 21
1445241407 20
1445241407 16
1445241407 31
1445241416 30
1445241416 18
1445241417 21
1445241417 20
1445241417 16
1445241417 31
1445241427 30
1445241427 18
1445241428 11
1445241428 21
1445241428 20
1445241428 16
1445241436 29
1445241436 28
1445241436 1
1445241450 4
1445241450 23
1445241450 19
1445241450 17
1445241450 14
