1445241402 8
1445241403 147
1445241403 16
1445241403 102
1445241403 83
1445241403 8
1445241403 147
1445241404 160
1445241404 82
1445241404 67
1445241405 22
1445241405 102
1445241405 3
1445241405 75
1445241405 25
1445241405 25
1445241405 154
1445241407 102
1445241407 25
1445241407 25
1445241407 102
1445241416 75
1445241416 25
1445241417 102
1445241417 25
1445241417 25
1445241417 102
1445241427 75
1445241427 25
1445241428 67
1445241428 102
1445241428 25
1445241428 25
1445241436 75
1445241436 102
1445241436 160
1445241450 129
1445241450 3
1445241450 16
1445241450 16
1445241450 111
