1445088259 18
1445088259 13
1445088259 15
1445088260 23
1445088260 6
1445088260 3
1445088260 2
1445088262 4
1445088263 8
1445088263 12
1445088264 7
1445088264 27
1445088264 11
1445088264 24
1445088264 21
1445088264 20
1445088264 9
1445088266 19
1445088266 17
1445088266 14
1445088266 27
1445088278 28
1445088278 16
1445088279 19
1445088279 17
1445088279 14
1445088279 27
1445088288 28
1445088288 16
1445088289 19
1445088289 17
1445088289 14
1445088289 27
1445088298 28
1445088298 16
1445088299 19
1445088299 17
1445088299 14
1445088299 27
1445088307 28
1445088307 16
1445088308 19
1445088308 17
1445088308 14
1445088308 27
1445088315 28
1445088315 16
1445088316 19
1445088316 17
1445088316 14
1445088316 27
1445088317 10
1445088325 28
1445088325 16
1445088325 19
1445088325 17
1445088325 14
1445088326 26
1445088326 22
1445088326 1
1445088350 5
1445088350 25
