1445073077 35
1445073078 35
1445073078 35
1445073078 35
1445073079 35
1445073079 35
1445073079 35
1445073079 35
1445073079 35
1445073079 35
1445073079 35
1445073079 35
1445073079 35
1445073079 35
1445073079 35
1445073079 35
1445073079 35
1445073079 35
1445073079 35
1445073079 35
1445073079 35
1445073081 35
1445073081 35
1445073081 35
1445073081 35
1445073081 35
1445073081 35
1445073081 35
1445073081 35
1445073081 35
1445073081 35
1445073081 35
1445073081 35
1445073081 35
1445073081 35
1445073081 35
1445073081 35
1445073081 35
1445073081 35
1445073081 35
1445073081 35
1445073081 35
1445073081 35
1445073081 35
1445073081 35
1445073081 35
1445073081 35
1445073081 8
1445073081 35
1445073081 35
1445073081 35
1445073081 35
1445073081 35
1445073081 35
1445073081 35
1445073081 64
1445073081 5
1445073082 64
1445073082 35
1445073082 35
1445073082 35
1445073082 35
1445073082 35
1445073082 35
1445073082 35
1445073082 35
1445073082 35
1445073082 35
1445073083 35
1445073083 35
1445073083 35
1445073083 35
1445073083 35
1445073083 35
1445073083 35
1445073083 35
1445073083 35
1445073083 35
1445073083 35
1445073083 35
1445073083 35
1445073083 35
1445073083 35
1445073083 35
1445073083 35
1445073083 35
1445073083 35
1445073083 35
1445073083 35
1445073083 35
1445073083 35
1445073083 35
1445073083 35
1445073083 35
1445073083 35
1445073083 35
1445073083 35
1445073083 35
1445073083 35
1445073083 35
1445073083 35
1445073083 35
1445073083 35
1445073083 35
1445073083 35
1445073083 35
1445073083 35
1445073083 35
1445073083 35
1445073083 35
1445073083 35
1445073083 35
1445073083 35
1445073083 35
1445073083 35
1445073083 35
1445073083 35
1445073083 35
1445073083 35
1445073083 35
1445073083 35
1445073083 35
1445073083 35
1445073083 35
1445073083 35
1445073083 35
1445073083 35
1445073083 35
1445073083 35
1445073083 35
1445073083 35
1445073083 35
1445073083 35
1445073083 35
1445073083 35
1445073083 35
1445073083 35
1445073083 35
1445073083 35
1445073083 35
1445073083 35
1445073083 35
1445073083 35
1445073083 35
1445073083 35
1445073083 35
1445073083 35
1445073083 35
1445073083 35
1445073083 35
1445073083 35
1445073083 35
1445073083 35
1445073083 35
1445073083 35
1445073083 35
1445073083 35
1445073083 35
1445073083 35
1445073083 35
1445073083 35
1445073083 35
1445073083 35
1445073083 35
1445073083 35
1445073083 35
1445073083 35
1445073083 35
1445073083 35
1445073083 35
1445073083 35
1445073083 35
1445073083 35
1445073083 35
1445073083 35
1445073083 35
1445073083 35
1445073083 35
1445073083 35
1445073083 35
1445073083 35
1445073083 35
1445073083 35
1445073083 35
1445073083 35
1445073083 35
1445073083 35
1445073083 35
1445073083 35
1445073083 35
1445073083 35
1445073083 35
1445073083 35
1445073083 35
1445073083 35
1445073083 35
1445073084 35
1445073084 35
1445073084 35
1445073084 35
1445073084 35
1445073084 35
1445073084 35
1445073085 35
1445073085 35
1445073085 35
1445073085 35
1445073085 35
1445073085 35
1445073085 35
1445073085 35
1445073085 35
1445073085 35
1445073085 35
1445073085 35
1445073085 35
1445073085 35
1445073085 35
1445073085 35
1445073085 35
1445073085 35
1445073085 35
1445073085 35
1445073086 35
1445073086 35
1445073086 35
1445073086 35
1445073086 35
1445073086 35
1445073086 35
1445073086 35
1445073086 35
1445073086 35
1445073086 35
1445073086 35
1445073086 35
1445073086 35
1445073086 35
1445073087 35
1445073089 35
1445073089 35
1445073089 35
1445073090 35
1445073090 35
1445073090 35
1445073092 35
1445073093 35
1445073094 35
1445073095 35
1445073095 35
1445073095 35
1445073095 35
1445073095 35
1445073095 35
1445073095 35
1445073096 35
1445073096 35
1445073096 35
1445073097 35
1445073097 35
1445073097 35
1445073097 35
1445073097 35
1445073097 35
1445073097 35
1445073097 35
1445073097 35
1445073097 35
1445073097 35
1445073097 35
1445073097 35
1445073097 35
1445073097 35
1445073098 35
1445073098 35
1445073098 35
1445073099 35
1445073100 35
1445073101 35
1445073101 35
1445073102 35
1445073103 35
1445073103 35
1445073104 35
1445073104 35
1445073105 35
1445073106 35
1445073106 35
1445073107 35
1445073107 35
1445073108 35
1445073109 35
1445073110 35
1445073110 35
1445073110 35
1445073110 35
1445073110 35
1445073110 35
1445073111 35
1445073112 35
1445073113 35
1445073113 35
1445073113 35
1445073114 35
1445073115 35
1445073116 35
1445073116 35
1445073116 35
1445073118 35
1445073119 35
1445073119 35
1445073119 35
1445073120 35
1445073120 35
1445073121 35
1445073122 35
1445073122 35
1445073123 35
1445073123 35
1445073123 35
1445073124 35
1445073125 35
1445073125 35
1445073126 35
1445073126 35
1445073127 35
1445073127 35
1445073128 35
1445073128 35
1445073129 35
1445073129 35
1445073130 35
1445073130 35
1445073131 35
1445073131 35
1445073132 35
1445073132 35
1445073133 35
1445073133 35
1445073134 35
1445073134 35
1445073135 35
1445073135 35
1445073136 35
1445073136 35
1445073137 35
1445073138 35
1445073138 35
1445073139 35
1445073139 35
1445073140 35
1445073140 35
1445073141 35
1445073141 35
1445073142 35
1445073143 35
1445073143 35
1445073144 35
1445073144 35
1445073144 35
1445073145 35
1445073146 35
1445073146 35
1445073147 35
1445073147 35
1445073147 35
1445073148 35
1445073149 35
1445073149 35
1445073150 35
1445073150 35
1445073150 35
1445073151 35
1445073152 35
1445073152 35
1445073153 35
1445073153 35
1445073153 35
1445073154 35
1445073156 35
1445073156 35
1445073156 35
1445073156 35
1445073157 35
1445073158 35
1445073159 35
1445073159 35
1445073159 35
1445073160 35
1445073160 35
1445073161 35
1445073162 35
1445073162 35
1445073162 35
1445073163 35
1445073163 35
1445073164 35
1445073165 35
1445073165 35
1445073165 35
1445073166 35
1445073166 35
1445073167 35
1445073168 35
1445073168 35
1445073168 35
1445073169 35
1445073169 35
1445073170 35
1445073171 35
1445073171 35
1445073172 35
1445073172 35
1445073172 35
1445073173 35
1445073174 35
1445073174 35
1445073175 35
1445073175 35
1445073175 35
1445073176 35
1445073177 35
1445073177 35
1445073178 35
1445073178 35
1445073179 35
1445073180 35
1445073181 35
1445073181 35
1445073181 35
1445073181 35
1445073182 35
1445073183 35
1445073184 35
1445073184 35
1445073184 35
1445073184 35
1445073185 35
1445073186 35
1445073187 35
1445073187 35
1445073187 35
1445073188 35
1445073188 35
1445073189 35
1445073190 35
1445073190 35
1445073190 35
1445073191 35
1445073191 35
1445073192 35
1445073193 35
1445073193 35
1445073193 35
1445073194 35
1445073194 35
1445073195 35
1445073196 35
1445073196 35
1445073196 35
1445073197 35
1445073197 35
1445073198 35
1445073199 35
1445073199 35
1445073200 35
1445073200 35
1445073200 35
1445073201 35
1445073202 35
1445073202 35
1445073203 35
1445073203 35
1445073203 35
1445073204 35
1445073205 35
1445073205 35
1445073206 35
1445073206 35
1445073206 35
1445073207 35
1445073208 35
1445073208 35
1445073209 35
1445073209 35
1445073210 35
1445073210 35
1445073211 35
1445073211 35
1445073212 35
1445073212 35
1445073213 35
1445073213 35
1445073214 35
1445073214 35
1445073215 35
1445073215 35
1445073216 35
1445073216 35
1445073217 35
1445073217 35
1445073218 35
1445073218 35
1445073219 35
1445073219 35
1445073219 35
1445073220 35
1445073220 35
1445073221 35
1445073221 35
1445073222 35
1445073222 35
1445073223 35
1445073223 35
1445073224 35
1445073224 35
1445073225 35
1445073226 35
1445073226 35
1445073226 35
1445073227 35
1445073227 35
1445073228 35
1445073229 35
1445073229 35
1445073229 35
1445073230 35
1445073230 35
1445073231 35
1445073232 35
1445073232 35
1445073232 35
1445073233 35
1445073233 35
1445073234 35
1445073235 35
1445073235 35
1445073236 35
1445073236 35
1445073236 35
1445073237 35
1445073238 35
1445073238 35
1445073239 35
1445073239 35
1445073239 35
1445073240 35
1445073241 35
1445073242 35
1445073242 35
1445073242 35
1445073242 35
1445073243 35
1445073245 35
1445073245 35
1445073245 35
1445073245 35
1445073246 35
1445073247 35
1445073248 35
1445073248 35
1445073248 35
1445073248 35
1445073249 35
1445073250 35
1445073251 35
1445073251 35
1445073251 35
1445073251 35
1445073252 35
1445073253 35
1445073254 35
1445073254 35
1445073254 35
1445073254 35
1445073255 35
1445073255 35
1445073255 35
1445073255 35
1445073255 35
1445073255 35
1445073255 35
1445073255 35
1445073255 35
1445073255 35
1445073255 35
1445073255 35
1445073255 35
1445073255 35
1445073255 35
1445073255 35
1445073255 35
1445073255 35
1445073255 35
1445073255 89
1445073255 35
1445073255 35
1445073255 36
1445073255 164
1445073255 106
1445073255 4
1445073255 106
1445073255 106
1445073255 61
1445073255 15
1445073255 61
1445073255 61
1445073255 61
1445073255 61
1445073256 35
1445073256 35
1445073256 35
1445073256 35
1445073256 113
1445073256 119
1445073256 170
1445073256 35
1445073256 35
1445073256 113
1445073256 119
1445073256 170
1445073256 35
1445073256 35
1445073257 35
1445073260 35
1445073263 35
1445073267 35
1445073270 35
1445073273 35
1445073276 35
1445073279 35
1445073282 35
1445073285 35
1445073288 35
1445073291 35
1445073294 35
1445073297 35
1445073300 35
1445073303 35
1445073306 35
1445073306 35
1445073306 35
1445073306 35
1445073306 35
1445073306 35
1445073306 35
1445073306 35
1445073306 35
1445073306 35
1445073306 35
1445073306 35
1445073306 35
1445073306 35
1445073306 35
1445073306 35
1445073306 35
1445073306 35
1445073306 35
1445073306 35
1445073306 35
1445073306 35
1445073306 35
1445073306 35
1445073306 35
1445073306 35
1445073306 35
1445073307 35
1445073307 17
1445073307 35
1445073307 17
1445073307 35
1445073307 130
1445073307 35
1445073307 130
1445073307 35
1445073307 34
1445073307 70
1445073307 35
1445073307 34
1445073307 130
1445073307 35
1445073307 34
1445073307 17
1445073307 35
1445073307 35
1445073307 35
1445073307 35
1445073308 35
1445073308 35
1445073308 35
1445073308 35
1445073308 35
1445073308 35
