1445241268 19
1445241268 8
1445241268 14
1445241268 16
1445241268 4
1445241268 3
1445241268 1
1445241269 2
1445241270 5
1445241270 10
1445241270 6
1445241270 22
1445241270 7
1445241270 20
1445241270 17
1445241270 18
1445241270 9
1445241274 15
1445241274 11
1445241274 13
1445241274 22
1445241288 21
1445241288 12
1445241290 15
1445241290 11
1445241290 13
1445241290 22
1445241300 21
1445241300 12
1445241303 15
1445241303 11
1445241303 13
1445241303 22
1445241313 21
1445241314 12
1445241317 15
1445241317 11
1445241317 13
1445241317 22
1445241328 21
1445241328 12
1445241330 15
1445241330 11
1445241330 13
1445241330 22
1445241340 21
1445241340 12
1445241342 15
1445241342 11
1445241342 13
1445241342 22
