1445092011 24
1445092011 12
1445092011 17
1445092011 21
1445092011 6
1445092011 5
1445092012 2
1445092012 3
1445092013 7
1445092013 11
1445092014 8
1445092014 31
1445092014 14
1445092014 22
1445092014 26
1445092014 27
1445092014 9
1445092017 28
1445092017 18
1445092017 20
1445092017 31
1445092027 29
1445092027 19
1445092028 28
1445092028 18
1445092028 20
1445092028 31
1445092038 29
1445092038 19
1445092040 28
1445092040 18
1445092040 20
1445092040 31
1445092049 29
1445092049 19
1445092051 28
1445092051 18
1445092051 20
1445092051 31
1445092060 29
1445092060 19
1445092061 13
1445092061 28
1445092061 18
1445092061 20
1445092068 30
1445092068 23
1445092068 1
1445092086 4
1445092086 25
1445092086 15
1445092086 16
1445092086 10
