1445092011 8
1445092011 147
1445092011 16
1445092011 102
1445092011 83
1445092011 8
1445092012 147
1445092012 160
1445092013 82
1445092013 67
1445092014 22
1445092014 102
1445092014 3
1445092014 75
1445092014 25
1445092014 25
1445092014 154
1445092017 102
1445092017 25
1445092017 25
1445092017 102
1445092027 75
1445092027 25
1445092028 102
1445092028 25
1445092028 25
1445092028 102
1445092038 75
1445092038 25
1445092040 102
1445092040 25
1445092040 25
1445092040 102
1445092049 75
1445092049 25
1445092051 102
1445092051 25
1445092051 25
1445092051 102
1445092060 75
1445092060 25
1445092061 67
1445092061 102
1445092061 25
1445092061 25
1445092068 75
1445092068 102
1445092068 160
1445092086 129
1445092086 3
1445092086 16
1445092086 16
1445092086 111
