1445089896 16
1445089896 9
1445089896 13
1445089896 17
1445089896 4
1445089896 2
1445089896 1
1445089898 3
1445089898 6
1445089898 10
1445089898 5
1445089898 21
1445089898 7
1445089898 19
1445089898 18
1445089898 20
1445089898 8
1445089901 15
1445089901 11
1445089901 14
1445089901 21
1445089910 22
1445089910 12
1445089912 15
1445089912 11
1445089912 14
1445089912 21
1445089921 22
1445089921 12
1445089923 15
1445089923 11
1445089923 14
1445089923 21
1445089933 22
1445089933 12
1445089935 15
1445089935 11
1445089935 14
1445089935 21
1445089945 22
1445089945 12
1445089947 15
1445089947 11
1445089947 14
1445089947 21
