1445089797 21
1445089797 10
1445089797 17
1445089797 24
1445089797 6
1445089797 3
1445089798 2
1445089799 4
1445089800 8
1445089800 11
1445089800 7
1445089800 26
1445089800 9
1445089800 23
1445089800 22
1445089800 25
1445089800 13
1445089804 20
1445089804 15
1445089804 16
1445089804 26
1445089814 27
1445089814 14
1445089816 20
1445089816 15
1445089816 16
1445089816 26
1445089825 27
1445089825 14
1445089825 20
1445089825 15
1445089825 16
1445089825 26
1445089834 27
1445089834 14
1445089835 20
1445089835 15
1445089835 16
1445089835 26
1445089843 27
1445089843 14
1445089843 20
1445089843 15
1445089843 16
1445089843 26
1445089852 27
1445089852 14
1445089853 20
1445089853 15
1445089853 16
1445089853 26
1445089853 12
1445089861 27
1445089861 14
1445089861 20
1445089861 15
1445089861 16
1445089862 28
1445089862 18
1445089862 1
1445089890 5
1445089890 19
