1445088268 15
1445088269 9
1445088269 11
1445088269 20
1445088269 4
1445088270 2
1445088271 1
1445088273 3
1445088277 5
1445088277 8
1445088280 6
1445088280 21
1445088280 7
1445088280 18
1445088280 16
1445088280 17
1445088281 10
1445088289 19
1445088289 12
1445088289 14
1445088289 21
1445088332 22
1445088333 13
1445088338 19
1445088338 12
1445088338 14
1445088338 21
1445088379 22
1445088379 13
1445088384 19
1445088384 12
1445088384 14
1445088384 21
1445088424 22
1445088425 13
1445088430 19
1445088430 12
1445088430 14
1445088430 21
