1445088268 8
1445088269 147
1445088269 16
1445088269 102
1445088269 83
1445088270 8
1445088271 147
1445088273 160
1445088277 82
1445088277 67
1445088280 22
1445088280 102
1445088280 3
1445088280 75
1445088280 25
1445088280 25
1445088281 154
1445088289 102
1445088289 25
1445088289 25
1445088289 102
1445088332 75
1445088333 25
1445088338 102
1445088338 25
1445088338 25
1445088338 102
1445088379 75
1445088379 25
1445088384 102
1445088384 25
1445088384 25
1445088384 102
1445088424 75
1445088425 25
1445088430 102
1445088430 25
1445088430 25
1445088430 102
