1445092137 26
1445092137 9
1445092137 19
1445092137 23
1445092137 6
1445092137 3
1445092138 2
1445092138 4
1445092139 7
1445092139 12
1445092140 8
1445092140 30
1445092140 10
1445092140 22
1445092140 28
1445092140 21
1445092140 11
1445092142 25
1445092142 20
1445092142 15
1445092142 30
1445092151 31
1445092151 17
1445092153 25
1445092153 20
1445092153 15
1445092153 30
1445092163 31
1445092163 17
1445092164 25
1445092164 20
1445092164 15
1445092164 30
1445092173 31
1445092173 17
1445092174 25
1445092174 20
1445092174 15
1445092174 30
1445092184 31
1445092184 17
1445092185 25
1445092185 20
1445092185 15
1445092185 30
1445092195 31
1445092195 17
1445092196 25
1445092196 20
1445092196 15
1445092196 30
1445092197 13
1445092207 31
1445092207 17
1445092207 25
1445092207 20
1445092207 15
1445092209 29
1445092211 24
1445092211 1
1445092306 5
1445092306 27
1445092306 18
1445092306 16
1445092306 14
