1445092137 8
1445092137 147
1445092137 16
1445092137 102
1445092137 83
1445092137 8
1445092138 147
1445092138 160
1445092139 82
1445092139 67
1445092140 22
1445092140 102
1445092140 3
1445092140 75
1445092140 25
1445092140 25
1445092140 154
1445092142 102
1445092142 25
1445092142 25
1445092142 102
1445092151 75
1445092151 25
1445092153 102
1445092153 25
1445092153 25
1445092153 102
1445092163 75
1445092163 25
1445092164 102
1445092164 25
1445092164 25
1445092164 102
1445092173 75
1445092173 25
1445092174 102
1445092174 25
1445092174 25
1445092174 102
1445092184 75
1445092184 25
1445092185 102
1445092185 25
1445092185 25
1445092185 102
1445092195 75
1445092195 25
1445092196 102
1445092196 25
1445092196 25
1445092196 102
1445092197 67
1445092207 75
1445092207 25
1445092207 102
1445092207 25
1445092207 25
1445092209 75
1445092211 102
1445092211 160
1445092306 129
1445092306 3
1445092306 16
1445092306 16
1445092306 111
