1445175192 25
1445175192 13
1445175192 18
1445175192 21
1445175192 6
1445175193 3
1445175193 2
1445175194 4
1445175195 7
1445175195 10
1445175195 8
1445175195 29
1445175195 11
1445175195 24
1445175195 22
1445175195 23
1445175195 12
1445175198 28
1445175198 16
1445175198 15
1445175198 29
1445175206 30
1445175206 19
1445175207 28
1445175207 16
1445175207 15
1445175207 29
1445175215 30
1445175215 19
1445175216 28
1445175216 16
1445175216 15
1445175216 29
1445175224 30
1445175224 19
1445175225 28
1445175225 16
1445175225 15
1445175225 29
1445175232 30
1445175232 19
1445175233 28
1445175233 16
1445175233 15
1445175233 29
1445175241 30
1445175241 19
1445175242 28
1445175242 16
1445175242 15
1445175242 29
1445175242 14
1445175249 30
1445175249 19
1445175249 28
1445175249 16
1445175249 15
1445175250 31
1445175250 27
1445175250 1
1445175272 5
1445175272 26
1445175272 20
1445175272 17
1445175272 9
