1445175192 8
1445175192 147
1445175192 16
1445175192 102
1445175192 83
1445175193 8
1445175193 147
1445175194 160
1445175195 82
1445175195 67
1445175195 22
1445175195 102
1445175195 3
1445175195 75
1445175195 25
1445175195 25
1445175195 154
1445175198 102
1445175198 25
1445175198 25
1445175198 102
1445175206 75
1445175206 25
1445175207 102
1445175207 25
1445175207 25
1445175207 102
1445175215 75
1445175215 25
1445175216 102
1445175216 25
1445175216 25
1445175216 102
1445175224 75
1445175224 25
1445175225 102
1445175225 25
1445175225 25
1445175225 102
1445175232 75
1445175232 25
1445175233 102
1445175233 25
1445175233 25
1445175233 102
1445175241 75
1445175241 25
1445175242 102
1445175242 25
1445175242 25
1445175242 102
1445175242 67
1445175249 75
1445175249 25
1445175249 102
1445175249 25
1445175249 25
1445175250 75
1445175250 102
1445175250 160
1445175272 129
1445175272 3
1445175272 16
1445175272 16
1445175272 111
