1445088276 22
1445088276 13
1445088276 17
1445088277 28
1445088277 6
1445088277 4
1445088278 2
1445088279 5
1445088281 8
1445088282 12
1445088287 7
1445088287 31
1445088287 9
1445088287 23
1445088287 24
1445088287 25
1445088287 11
1445088296 26
1445088296 15
1445088296 19
1445088296 31
1445088337 30
1445088337 18
1445088344 26
1445088344 15
1445088344 19
1445088344 31
1445088385 30
1445088386 18
1445088391 26
1445088391 15
1445088391 19
1445088391 31
1445088428 30
1445088428 18
1445088433 26
1445088433 15
1445088433 19
1445088433 31
1445088470 30
1445088470 18
1445088476 26
1445088476 15
1445088476 19
1445088476 31
1445088513 30
1445088513 18
1445088517 26
1445088517 15
1445088517 19
1445088517 31
1445088528 14
1445088555 30
1445088557 18
1445088557 26
1445088557 15
1445088557 19
1445088563 29
1445088563 27
1445088564 1
1445088676 3
1445088677 21
1445088677 16
1445088677 20
1445088677 10
