1445088276 8
1445088276 147
1445088276 16
1445088277 102
1445088277 83
1445088277 8
1445088278 147
1445088279 160
1445088281 82
1445088282 67
1445088287 22
1445088287 102
1445088287 3
1445088287 75
1445088287 25
1445088287 25
1445088287 154
1445088296 102
1445088296 25
1445088296 25
1445088296 102
1445088337 75
1445088337 25
1445088344 102
1445088344 25
1445088344 25
1445088344 102
1445088385 75
1445088386 25
1445088391 102
1445088391 25
1445088391 25
1445088391 102
1445088428 75
1445088428 25
1445088433 102
1445088433 25
1445088433 25
1445088433 102
1445088470 75
1445088470 25
1445088476 102
1445088476 25
1445088476 25
1445088476 102
1445088513 75
1445088513 25
1445088517 102
1445088517 25
1445088517 25
1445088517 102
1445088528 67
1445088555 75
1445088557 25
1445088557 102
1445088557 25
1445088557 25
1445088563 75
1445088563 102
1445088564 160
1445088676 129
1445088677 3
1445088677 16
1445088677 16
1445088677 111
