1445073110 20
1445073110 8
1445073110 14
1445073110 19
1445073110 4
1445073110 3
1445073111 1
1445073112 2
1445073114 6
1445073114 9
1445073114 5
1445073114 22
1445073114 7
1445073114 18
1445073114 17
1445073114 16
1445073114 10
1445073120 15
1445073120 13
1445073120 11
1445073120 22
1445073139 21
1445073139 12
1445073142 15
1445073142 13
1445073142 11
1445073142 22
1445073160 21
1445073160 12
1445073163 15
1445073163 13
1445073163 11
1445073163 22
1445073181 21
1445073181 12
1445073184 15
1445073184 13
1445073184 11
1445073184 22
1445073201 21
1445073201 12
1445073204 15
1445073204 13
1445073204 11
1445073204 22
1445073223 21
1445073223 12
1445073226 15
1445073226 13
1445073226 11
1445073226 22
1445073244 21
1445073244 12
1445073247 15
1445073247 13
1445073247 11
1445073247 22
