1445073110 8
1445073110 147
1445073110 16
1445073110 102
1445073110 83
1445073110 8
1445073111 147
1445073112 160
1445073114 82
1445073114 67
1445073114 22
1445073114 102
1445073114 3
1445073114 75
1445073114 25
1445073114 25
1445073114 154
1445073120 102
1445073120 25
1445073120 25
1445073120 102
1445073139 75
1445073139 25
1445073142 102
1445073142 25
1445073142 25
1445073142 102
1445073160 75
1445073160 25
1445073163 102
1445073163 25
1445073163 25
1445073163 102
1445073181 75
1445073181 25
1445073184 102
1445073184 25
1445073184 25
1445073184 102
1445073201 75
1445073201 25
1445073204 102
1445073204 25
1445073204 25
1445073204 102
1445073223 75
1445073223 25
1445073226 102
1445073226 25
1445073226 25
1445073226 102
1445073244 75
1445073244 25
1445073247 102
1445073247 25
1445073247 25
1445073247 102
