1445094486 27
1445094486 14
1445094486 18
1445094486 22
1445094486 6
1445094486 3
1445094487 2
1445094487 4
1445094488 8
1445094488 13
1445094489 7
1445094489 30
1445094489 12
1445094489 25
1445094489 24
1445094489 21
1445094489 10
1445094492 26
1445094492 20
1445094492 19
1445094492 30
1445094502 31
1445094502 15
1445094504 26
1445094504 20
1445094504 19
1445094504 30
1445094513 31
1445094513 15
1445094515 26
1445094515 20
1445094515 19
1445094515 30
1445094524 31
1445094524 15
1445094526 26
1445094526 20
1445094526 19
1445094526 30
1445094536 31
1445094536 15
1445094538 11
1445094538 26
1445094538 20
1445094538 19
1445094545 29
1445094545 28
1445094545 1
1445094562 5
1445094562 23
1445094563 17
1445094563 16
1445094563 9
