1445248466 39
1445248466 31
1445248466 35
1445248466 38
1445248466 24
1445248467 21
1445248468 11
1445248470 18
1445248473 26
1445248473 30
1445248473 29
1445248474 25
1445248474 20
1445248474 14
1445248474 12
1445248474 16
1445248474 1
1445248474 15
1445248474 8
1445248492 19
1445248492 10
1445248517 14
1445248517 12
1445248517 16
1445248517 1
1445248517 15
1445248517 8
1445248518 14
1445248520 14
1445248521 12
1445248521 16
1445248521 14
1445248521 1
1445248521 15
1445248522 8
1445248522 14
1445248525 14
1445248536 14
1445248554 19
1445248554 5
1445248554 12
1445248554 16
1445248554 1
1445248554 15
1445248554 8
1445248556 19
1445248556 9
1445248556 12
1445248556 16
1445248556 1
1445248556 15
1445248556 8
1445248582 19
1445248582 15
1445248582 8
1445248587 19
1445248587 15
1445248587 8
1445248618 19
1445248618 7
1445248621 19
1445248621 15
1445248621 8
1445248634 19
1445248634 15
1445248634 8
1445248658 19
1445248659 15
1445248659 8
1445248676 19
1445248676 17
1445248676 4
1445248676 6
1445248676 27
1445248676 23
1445248676 36
1445248676 2
1445248677 13
1445248877 22
1445248877 28
1445248877 3
1445248878 37
1445248878 33
1445248878 34
1445248878 32
