1445094490 26
1445094490 13
1445094490 20
1445094491 21
1445094491 6
1445094491 5
1445094493 2
1445094496 3
1445094497 8
1445094498 11
1445094499 7
1445094499 31
1445094499 12
1445094499 27
1445094499 22
1445094499 25
1445094500 9
1445094506 28
1445094506 17
1445094506 15
1445094506 31
1445094533 30
1445094534 19
1445094538 28
1445094538 17
1445094538 15
1445094538 31
1445094566 30
1445094566 19
1445094570 28
1445094570 17
1445094570 15
1445094570 31
1445094597 30
1445094597 19
1445094601 28
1445094601 17
1445094601 15
1445094601 31
1445094630 30
1445094630 19
1445094634 28
1445094634 17
1445094634 15
1445094634 31
1445094660 30
1445094661 19
1445094664 28
1445094664 17
1445094664 15
1445094664 31
1445094666 14
1445094690 30
1445094690 19
1445094690 28
1445094690 17
1445094690 15
1445094693 29
1445094693 23
1445094694 1
1445094781 4
1445094781 24
1445094781 18
1445094781 16
1445094781 10
