1445088544 23
1445088544 10
1445088544 20
1445088544 21
1445088544 6
1445088545 4
1445088546 2
1445088547 3
1445088548 7
1445088548 13
1445088548 8
1445088548 30
1445088548 14
1445088548 24
1445088548 26
1445088548 22
1445088548 12
1445088550 28
1445088550 15
1445088550 16
1445088550 30
1445088560 31
1445088560 19
1445088560 28
1445088560 15
1445088560 16
1445088560 30
1445088571 31
1445088571 19
1445088571 28
1445088571 15
1445088571 16
1445088571 30
1445088580 31
1445088580 19
1445088581 28
1445088581 15
1445088581 16
1445088581 30
1445088591 31
1445088591 19
1445088592 28
1445088592 15
1445088592 16
1445088592 30
1445088601 31
1445088601 19
1445088602 28
1445088602 15
1445088602 16
1445088602 30
1445088602 9
1445088610 31
1445088610 19
1445088610 28
1445088610 15
1445088610 16
1445088611 29
1445088611 27
1445088611 1
1445088646 5
1445088647 25
1445088647 18
1445088647 17
1445088647 11
