1445088544 8
1445088544 147
1445088544 16
1445088544 102
1445088544 83
1445088545 8
1445088546 147
1445088547 160
1445088548 82
1445088548 67
1445088548 22
1445088548 102
1445088548 3
1445088548 75
1445088548 25
1445088548 25
1445088548 154
1445088550 102
1445088550 25
1445088550 25
1445088550 102
1445088560 75
1445088560 25
1445088560 102
1445088560 25
1445088560 25
1445088560 102
1445088571 75
1445088571 25
1445088571 102
1445088571 25
1445088571 25
1445088571 102
1445088580 75
1445088580 25
1445088581 102
1445088581 25
1445088581 25
1445088581 102
1445088591 75
1445088591 25
1445088592 102
1445088592 25
1445088592 25
1445088592 102
1445088601 75
1445088601 25
1445088602 102
1445088602 25
1445088602 25
1445088602 102
1445088602 67
1445088610 75
1445088610 25
1445088610 102
1445088610 25
1445088610 25
1445088611 75
1445088611 102
1445088611 160
1445088646 129
1445088647 3
1445088647 16
1445088647 16
1445088647 111
