1445175191 25
1445175191 14
1445175191 19
1445175191 22
1445175191 6
1445175192 4
1445175192 2
1445175193 3
1445175194 8
1445175194 9
1445175194 7
1445175194 30
1445175194 13
1445175194 23
1445175194 28
1445175194 26
1445175194 12
1445175197 27
1445175197 17
1445175197 20
1445175197 30
1445175205 29
1445175205 15
1445175207 27
1445175207 17
1445175207 20
1445175207 30
1445175215 29
1445175215 15
1445175215 27
1445175215 17
1445175215 20
1445175215 30
1445175223 29
1445175223 15
1445175224 27
1445175224 17
1445175224 20
1445175224 30
1445175231 29
1445175231 15
1445175232 27
1445175232 17
1445175232 20
1445175232 30
1445175240 29
1445175240 15
1445175241 27
1445175241 17
1445175241 20
1445175241 30
1445175241 10
1445175248 29
1445175248 15
1445175248 27
1445175248 17
1445175248 20
1445175250 31
1445175250 21
1445175250 1
1445175276 5
1445175276 24
1445175276 18
1445175276 16
1445175276 11
