1445175191 8
1445175191 147
1445175191 16
1445175191 102
1445175191 83
1445175192 8
1445175192 147
1445175193 160
1445175194 82
1445175194 67
1445175194 22
1445175194 102
1445175194 3
1445175194 75
1445175194 25
1445175194 25
1445175194 154
1445175197 102
1445175197 25
1445175197 25
1445175197 102
1445175205 75
1445175205 25
1445175207 102
1445175207 25
1445175207 25
1445175207 102
1445175215 75
1445175215 25
1445175215 102
1445175215 25
1445175215 25
1445175215 102
1445175223 75
1445175223 25
1445175224 102
1445175224 25
1445175224 25
1445175224 102
1445175231 75
1445175231 25
1445175232 102
1445175232 25
1445175232 25
1445175232 102
1445175240 75
1445175240 25
1445175241 102
1445175241 25
1445175241 25
1445175241 102
1445175241 67
1445175248 75
1445175248 25
1445175248 102
1445175248 25
1445175248 25
1445175250 75
1445175250 102
1445175250 160
1445175276 129
1445175276 3
1445175276 16
1445175276 16
1445175276 111
