1445175334 8
1445175334 147
1445175334 16
1445175334 102
1445175334 83
1445175334 8
1445175335 147
1445175336 160
1445175336 82
1445175336 67
1445175337 22
1445175337 102
1445175337 3
1445175337 75
1445175337 25
1445175337 25
1445175337 154
1445175340 102
1445175340 25
1445175340 25
1445175340 102
1445175351 75
1445175353 25
1445175355 102
1445175355 25
1445175355 25
1445175355 102
1445175364 75
1445175364 25
1445175366 102
1445175366 25
1445175366 25
1445175366 102
1445175375 75
1445175375 25
1445175377 102
1445175377 25
1445175377 25
1445175377 102
1445175386 75
1445175386 25
1445175387 102
1445175387 25
1445175387 25
1445175387 102
1445175396 75
1445175396 25
1445175397 102
1445175397 25
1445175397 25
1445175397 102
1445175397 67
1445175405 75
1445175405 25
1445175405 102
1445175405 25
1445175405 25
1445175407 75
1445175414 102
1445175414 160
1445175466 129
1445175466 3
