1445235824 26
1445235825 14
1445235825 15
1445235825 22
1445235825 6
1445235825 4
1445235826 2
1445235826 3
1445235827 7
1445235827 12
1445235827 8
1445235828 31
1445235828 10
1445235828 21
1445235828 23
1445235828 25
1445235828 9
1445235830 24
1445235830 18
1445235830 16
1445235830 31
1445235840 29
1445235840 17
1445235842 24
1445235842 18
1445235842 16
1445235842 31
1445235851 29
1445235851 17
1445235852 24
1445235852 18
1445235852 16
1445235852 31
1445235862 29
1445235862 17
1445235863 24
1445235863 18
1445235863 16
1445235863 31
1445235872 29
1445235872 17
1445235874 24
1445235874 18
1445235874 16
1445235874 31
1445235883 29
1445235883 17
1445235884 24
1445235884 18
1445235884 16
1445235884 31
1445235885 11
1445235893 29
1445235893 17
1445235893 24
1445235893 18
1445235893 16
1445235894 30
1445235894 27
1445235894 1
1445235934 5
1445235934 28
1445235934 20
1445235934 19
1445235934 13
