1445094478 28
1445094479 28
1445094479 28
1445094480 28
1445094481 28
1445094481 28
1445094481 28
1445094481 28
1445094481 28
1445094481 28
1445094481 28
1445094481 28
1445094481 28
1445094481 28
1445094481 28
1445094481 28
1445094481 28
1445094481 28
1445094481 28
1445094482 28
1445094482 28
1445094482 28
1445094482 28
1445094482 28
1445094482 28
1445094482 28
1445094482 28
1445094482 28
1445094482 28
1445094482 28
1445094482 28
1445094482 28
1445094482 28
1445094482 28
1445094482 7
1445094482 28
1445094482 28
1445094482 28
1445094482 28
1445094482 28
1445094482 28
1445094482 28
1445094482 26
1445094482 1
1445094483 22
1445094483 28
1445094483 28
1445094483 28
1445094483 28
1445094483 28
1445094483 28
1445094483 28
1445094483 28
1445094483 28
1445094483 28
1445094483 28
1445094484 28
1445094484 28
1445094484 28
1445094484 28
1445094484 28
1445094484 28
1445094484 28
1445094484 28
1445094484 28
1445094484 28
1445094484 28
1445094484 28
1445094484 28
1445094484 28
1445094484 28
1445094484 28
1445094484 28
1445094484 28
1445094484 28
1445094484 28
1445094484 28
1445094484 28
1445094484 28
1445094484 28
1445094484 28
1445094484 28
1445094484 28
1445094484 28
1445094484 28
1445094484 28
1445094484 28
1445094484 28
1445094484 28
1445094484 28
1445094484 28
1445094484 28
1445094484 28
1445094484 28
1445094484 28
1445094484 28
1445094484 28
1445094484 28
1445094484 28
1445094484 28
1445094484 28
1445094484 28
1445094484 28
1445094484 28
1445094484 28
1445094484 28
1445094484 28
1445094484 28
1445094485 28
1445094485 28
1445094485 28
1445094485 28
1445094486 28
1445094486 28
1445094486 28
1445094486 28
1445094486 28
1445094486 28
1445094486 28
1445094486 28
1445094486 28
1445094486 28
1445094486 28
1445094486 28
1445094486 28
1445094486 28
1445094486 28
1445094487 28
1445094487 28
1445094487 28
1445094487 28
1445094487 28
1445094487 28
1445094487 28
1445094487 28
1445094488 28
1445094488 28
1445094489 28
1445094489 28
1445094490 28
1445094490 28
1445094491 28
1445094491 28
1445094491 28
1445094492 28
1445094492 28
1445094492 28
1445094492 28
1445094492 28
1445094492 28
1445094492 28
1445094492 28
1445094492 28
1445094492 28
1445094492 28
1445094492 28
1445094492 28
1445094492 28
1445094492 28
1445094492 28
1445094493 28
1445094493 28
1445094493 28
1445094494 28
1445094494 28
1445094496 28
1445094496 28
1445094496 28
1445094496 28
1445094496 28
1445094496 28
1445094496 28
1445094496 28
1445094496 28
1445094496 28
1445094496 28
1445094496 28
1445094496 28
1445094496 28
1445094496 28
1445094496 28
1445094497 28
1445094497 28
1445094497 28
1445094498 28
1445094498 28
1445094499 28
1445094499 28
1445094499 28
1445094499 28
1445094499 28
1445094499 28
1445094500 28
1445094500 28
1445094501 28
1445094501 28
1445094502 28
1445094502 28
1445094502 28
1445094503 28
1445094503 28
1445094504 28
1445094504 28
1445094505 28
1445094505 28
1445094505 28
1445094506 28
1445094506 28
1445094506 28
1445094506 28
1445094506 28
1445094507 28
1445094507 28
1445094508 28
1445094508 28
1445094508 28
1445094510 28
1445094510 28
1445094511 28
1445094511 28
1445094511 28
1445094512 28
1445094512 28
1445094513 28
1445094513 28
1445094514 28
1445094514 28
1445094514 28
1445094515 28
1445094515 28
1445094516 28
1445094516 28
1445094517 28
1445094517 28
1445094517 28
1445094518 28
1445094518 28
1445094519 28
1445094519 28
1445094520 28
1445094520 28
1445094520 28
1445094522 28
1445094522 28
1445094523 28
1445094523 28
1445094523 28
1445094524 28
1445094524 28
1445094524 28
1445094525 28
1445094525 28
1445094526 28
1445094526 28
1445094526 28
1445094527 28
1445094527 28
1445094527 28
1445094528 28
1445094528 28
1445094529 28
1445094529 28
1445094529 28
1445094530 28
1445094530 28
1445094531 28
1445094531 28
1445094531 28
1445094532 28
1445094532 28
1445094532 28
1445094533 28
1445094533 28
1445094534 28
1445094535 28
1445094535 28
1445094535 28
1445094535 28
1445094536 28
1445094536 28
1445094537 28
1445094537 28
1445094538 28
1445094538 28
1445094538 28
1445094538 28
1445094538 28
1445094539 28
1445094539 28
1445094540 28
1445094540 28
1445094541 28
1445094541 28
1445094541 28
1445094541 28
1445094542 28
1445094543 28
1445094543 28
1445094544 28
1445094544 28
1445094545 28
1445094545 28
1445094545 28
1445094545 28
1445094546 28
1445094546 28
1445094546 28
1445094547 28
1445094547 28
1445094548 28
1445094548 28
1445094548 28
1445094549 28
1445094549 28
1445094549 28
1445094549 28
1445094550 28
1445094550 28
1445094550 28
1445094551 28
1445094551 28
1445094551 28
1445094552 28
1445094552 28
1445094553 28
1445094553 28
1445094553 28
1445094554 28
1445094554 28
1445094555 28
1445094555 28
1445094556 28
1445094556 28
1445094556 28
1445094557 28
1445094557 28
1445094557 28
1445094558 28
1445094558 28
1445094558 28
1445094559 28
1445094559 28
1445094560 28
1445094560 28
1445094560 28
1445094560 28
1445094561 28
1445094561 28
1445094562 28
1445094562 28
1445094562 28
1445094563 28
1445094563 28
1445094563 28
1445094564 28
1445094564 28
1445094564 28
1445094565 28
1445094565 28
1445094565 28
1445094566 28
1445094566 28
1445094566 28
1445094567 28
1445094567 28
1445094568 28
1445094568 28
1445094568 28
1445094569 28
1445094569 28
1445094570 28
1445094570 28
1445094571 28
1445094571 28
1445094572 28
1445094572 28
1445094572 28
1445094572 28
1445094573 28
1445094573 28
1445094573 28
1445094574 28
1445094574 28
1445094575 28
1445094575 28
1445094575 28
1445094576 28
1445094576 28
1445094576 28
1445094577 28
1445094577 28
1445094577 28
1445094578 28
1445094578 28
1445094578 28
1445094579 28
1445094579 28
1445094579 28
1445094580 28
1445094580 28
1445094581 28
1445094581 28
1445094581 28
1445094581 28
1445094582 28
1445094582 28
1445094583 28
1445094583 28
1445094583 28
1445094584 28
1445094584 28
1445094585 28
1445094585 28
1445094586 28
1445094586 28
1445094587 28
1445094587 28
1445094587 28
1445094587 28
1445094588 28
1445094588 28
1445094588 28
1445094589 28
1445094589 28
1445094590 28
1445094590 28
1445094591 28
1445094591 28
1445094591 28
1445094591 28
1445094591 28
1445094591 28
1445094591 28
1445094591 28
1445094591 28
1445094591 28
1445094591 28
1445094591 28
1445094591 28
1445094592 28
1445094592 28
1445094592 28
1445094592 28
1445094592 17
1445094592 19
1445094592 -1
1445094592 28
1445094592 28
1445094592 28
1445094592 28
1445094593 28
1445094593 28
1445094594 28
1445094594 28
1445094595 28
1445094595 28
1445094595 28
1445094596 28
1445094596 28
1445094596 28
1445094598 28
1445094598 28
1445094599 28
1445094599 28
1445094599 28
1445094600 28
1445094600 28
1445094600 28
1445094601 28
1445094601 28
1445094602 28
1445094602 28
1445094603 28
1445094603 28
1445094603 28
1445094604 28
1445094604 28
1445094604 28
1445094605 28
1445094605 28
1445094605 28
1445094605 28
1445094605 28
1445094605 28
1445094605 28
1445094605 28
1445094605 28
1445094605 28
1445094606 28
1445094606 28
1445094606 28
1445094606 28
1445094606 28
1445094606 28
1445094606 28
1445094606 28
1445094606 28
1445094607 28
1445094607 28
1445094608 28
1445094608 28
1445094608 28
1445094609 28
1445094609 28
1445094609 28
1445094610 28
1445094610 28
1445094610 28
1445094611 28
1445094611 28
1445094612 28
1445094612 28
1445094612 28
1445094613 28
1445094613 28
1445094614 28
1445094614 28
1445094614 28
1445094615 28
1445094615 28
1445094615 28
1445094616 28
1445094616 28
1445094616 28
1445094616 28
1445094617 28
1445094617 28
1445094617 28
1445094617 28
1445094617 28
1445094617 28
1445094617 28
1445094617 28
1445094617 28
1445094617 28
1445094617 28
1445094617 28
1445094617 28
1445094617 28
1445094617 28
1445094617 28
1445094618 28
1445094618 28
1445094618 28
1445094618 28
1445094618 28
1445094618 28
1445094618 28
1445094618 28
1445094618 28
1445094618 28
1445094618 28
1445094618 28
1445094618 28
1445094618 28
1445094618 28
1445094618 28
1445094618 28
1445094618 28
1445094618 28
1445094618 28
1445094618 28
1445094619 28
1445094619 28
1445094619 28
1445094619 28
1445094619 28
1445094619 28
1445094619 28
1445094620 28
1445094621 28
1445094623 28
1445094623 28
1445094625 28
1445094626 28
1445094626 28
1445094629 28
1445094629 28
1445094629 28
1445094629 28
1445094630 28
1445094630 28
1445094630 28
1445094630 28
1445094630 28
1445094630 28
1445094631 28
1445094631 28
1445094633 28
1445094634 28
1445094636 28
1445094637 28
1445094639 28
1445094640 28
1445094640 28
1445094641 28
1445094641 28
1445094641 28
1445094641 28
1445094642 28
1445094642 28
1445094644 28
1445094644 28
1445094644 28
1445094645 28
1445094645 28
1445094646 28
1445094647 28
1445094648 28
1445094648 28
1445094648 28
1445094648 28
1445094649 28
1445094649 28
1445094650 28
1445094650 28
1445094651 28
1445094651 28
1445094652 28
1445094652 28
1445094652 28
1445094652 28
1445094652 28
1445094653 28
1445094654 28
1445094655 28
1445094655 28
1445094655 28
1445094656 28
1445094656 28
1445094656 28
1445094656 28
1445094656 28
1445094657 28
1445094658 28
1445094658 28
1445094659 28
1445094659 28
1445094660 28
1445094660 28
1445094660 28
1445094660 28
1445094661 28
1445094662 28
1445094662 28
1445094662 28
1445094662 28
1445094663 28
1445094663 28
1445094664 28
1445094664 28
1445094665 28
1445094665 28
1445094666 28
1445094666 28
1445094667 28
1445094667 28
1445094667 28
1445094668 28
1445094668 28
1445094668 28
1445094669 28
1445094670 28
1445094670 28
1445094670 28
1445094670 28
1445094670 28
1445094671 28
1445094671 28
1445094671 28
1445094672 28
1445094673 28
1445094673 28
1445094673 28
1445094673 28
1445094674 28
1445094674 28
1445094674 28
1445094675 28
1445094675 28
1445094676 28
1445094677 28
1445094677 28
1445094677 28
1445094677 28
1445094677 28
1445094677 28
1445094677 28
1445094677 28
1445094677 28
1445094677 28
1445094678 28
1445094678 28
1445094678 28
1445094678 28
1445094678 28
1445094678 28
1445094678 28
1445094678 28
1445094678 28
1445094678 28
1445094678 28
1445094678 28
1445094678 28
1445094678 28
1445094678 28
1445094679 28
1445094679 28
1445094679 28
1445094679 28
1445094679 28
1445094679 28
1445094679 28
1445094679 28
1445094679 28
1445094679 28
1445094679 28
1445094679 28
1445094679 28
1445094679 28
1445094679 28
1445094679 28
1445094679 28
1445094679 28
1445094679 28
1445094680 28
1445094680 28
1445094680 28
1445094680 28
1445094680 28
1445094680 28
1445094680 28
1445094681 28
1445094681 28
1445094681 28
1445094681 28
1445094681 28
1445094681 28
1445094681 28
1445094681 28
1445094681 28
1445094681 28
1445094682 28
1445094682 28
1445094682 28
1445094682 28
1445094682 28
1445094682 28
1445094682 28
1445094682 28
1445094682 28
1445094682 28
1445094682 28
1445094682 28
1445094682 28
1445094682 28
1445094683 28
1445094683 28
1445094683 28
1445094683 28
1445094683 28
1445094683 28
1445094683 28
1445094683 28
1445094683 28
1445094683 28
1445094684 28
1445094684 28
1445094684 28
1445094685 28
1445094685 28
1445094685 28
1445094685 28
1445094685 28
1445094685 28
1445094685 28
1445094685 28
1445094685 28
1445094685 28
1445094685 28
1445094685 28
1445094686 28
1445094686 28
1445094687 28
1445094687 28
1445094688 28
1445094688 28
1445094688 28
1445094688 28
1445094688 28
1445094689 28
1445094690 28
1445094690 28
1445094690 28
1445094691 28
1445094691 28
1445094691 28
1445094691 28
1445094691 28
1445094691 28
1445094691 28
1445094691 28
1445094691 28
1445094692 28
1445094692 28
1445094692 28
1445094692 28
1445094692 28
1445094692 28
1445094692 28
1445094692 28
1445094692 28
1445094692 28
1445094692 28
1445094693 28
1445094694 28
1445094694 28
1445094695 28
1445094695 28
1445094695 28
1445094695 28
1445094695 28
1445094695 28
1445094695 28
1445094695 28
1445094696 28
1445094696 28
1445094697 28
1445094698 28
1445094698 28
1445094698 28
1445094698 28
1445094698 28
1445094698 28
1445094698 28
1445094698 28
1445094698 28
1445094698 28
1445094698 28
1445094699 28
1445094699 28
1445094699 28
1445094699 28
1445094699 28
1445094700 28
1445094700 28
1445094700 28
1445094701 28
1445094701 28
1445094701 28
1445094701 28
1445094702 28
1445094702 28
1445094703 28
1445094703 28
1445094703 28
1445094703 28
1445094704 28
1445094704 28
1445094704 28
1445094705 28
1445094705 28
1445094706 28
1445094706 28
1445094706 28
1445094707 28
1445094707 28
1445094707 28
1445094707 28
1445094707 28
1445094708 28
1445094709 28
1445094709 28
1445094710 28
1445094710 28
1445094710 28
1445094710 28
1445094710 28
1445094710 28
1445094710 28
1445094711 28
1445094711 28
1445094711 28
1445094712 28
1445094712 28
1445094712 28
1445094712 28
1445094713 28
1445094713 28
1445094713 28
1445094713 28
1445094713 28
1445094713 28
1445094713 28
1445094714 28
1445094714 28
1445094714 28
1445094715 28
1445094715 28
1445094715 28
1445094716 28
1445094716 28
1445094716 28
1445094716 28
1445094716 28
1445094716 28
1445094716 28
1445094717 28
1445094717 28
1445094717 28
1445094717 28
1445094717 28
1445094717 28
1445094717 28
1445094717 28
1445094717 28
1445094717 28
1445094717 28
1445094718 28
1445094718 28
1445094718 28
1445094718 28
1445094719 28
1445094719 28
1445094719 28
1445094719 28
1445094719 28
1445094719 17
1445094719 19
1445094719 -1
1445094719 28
1445094719 28
1445094719 28
1445094719 28
1445094719 28
1445094720 28
1445094720 28
1445094720 28
1445094720 28
1445094720 28
1445094720 28
1445094720 28
1445094720 28
1445094720 28
1445094720 28
1445094720 28
1445094720 28
1445094720 28
1445094720 28
1445094720 28
1445094720 28
1445094721 28
1445094721 28
1445094721 28
1445094721 28
1445094721 28
1445094721 28
1445094721 28
1445094721 28
1445094721 28
1445094721 28
1445094722 28
1445094722 28
1445094722 28
1445094722 28
1445094722 28
1445094722 28
1445094723 28
1445094723 28
1445094723 28
1445094723 28
1445094723 28
1445094723 28
1445094724 28
1445094724 28
1445094724 28
1445094724 28
1445094725 28
1445094725 28
1445094725 28
1445094725 28
1445094725 28
1445094726 28
1445094726 28
1445094727 28
1445094727 28
1445094727 28
1445094727 28
1445094728 28
1445094728 28
1445094728 28
1445094728 28
1445094728 28
1445094728 28
1445094729 28
1445094729 28
1445094730 28
1445094730 28
1445094730 28
1445094730 28
1445094730 28
1445094731 28
1445094731 28
1445094731 28
1445094731 28
1445094731 28
1445094731 28
1445094731 28
1445094732 28
1445094733 28
1445094733 28
1445094733 28
1445094733 28
1445094733 28
1445094733 28
1445094734 28
1445094734 28
1445094734 28
1445094734 28
1445094734 28
1445094735 28
1445094735 28
1445094736 28
1445094736 28
1445094736 28
1445094736 28
1445094736 28
1445094736 28
1445094736 28
1445094736 28
1445094736 28
1445094736 28
1445094736 28
1445094736 28
1445094736 28
1445094736 28
1445094736 28
1445094736 28
1445094736 28
1445094736 28
1445094736 28
1445094736 28
1445094736 28
1445094736 28
1445094736 28
1445094736 28
1445094736 28
1445094736 28
1445094737 28
1445094737 28
1445094737 28
1445094737 28
1445094738 28
1445094738 28
1445094738 28
1445094739 28
1445094739 28
1445094739 28
1445094740 28
1445094740 28
1445094740 28
1445094740 28
1445094740 28
1445094741 28
1445094741 28
1445094741 28
1445094741 28
1445094741 28
1445094741 28
1445094741 28
1445094741 28
1445094741 28
1445094741 28
1445094741 28
1445094741 28
1445094741 28
1445094741 28
1445094741 28
1445094741 28
1445094741 28
1445094741 28
1445094741 28
1445094741 28
1445094742 28
1445094742 28
1445094742 28
1445094742 28
1445094742 28
1445094742 28
1445094743 28
1445094743 28
1445094743 28
1445094743 6
1445094743 24
1445094743 21
1445094743 23
1445094743 25
1445094743 20
1445094743 14
1445094743 15
1445094743 13
1445094743 10
1445094743 11
1445094743 9
1445094743 28
1445094743 6
1445094743 24
1445094743 21
1445094743 23
1445094743 25
1445094743 20
1445094743 14
1445094743 15
1445094743 13
1445094743 10
1445094743 11
1445094743 9
1445094743 28
1445094743 6
1445094743 24
1445094743 21
1445094743 23
1445094743 25
1445094743 20
1445094743 14
1445094743 15
1445094743 13
1445094743 10
1445094743 11
1445094743 9
1445094744 28
1445094744 28
1445094744 28
1445094744 28
1445094744 28
1445094745 28
1445094745 28
1445094745 28
1445094745 28
1445094745 28
1445094745 28
1445094746 28
1445094746 28
1445094746 28
1445094746 28
1445094746 28
1445094746 28
1445094746 28
1445094746 28
1445094747 2
1445094747 2
1445094747 2
1445094747 28
1445094747 28
1445094747 28
1445094747 28
1445094747 28
1445094747 28
1445094747 28
1445094747 28
1445094747 28
1445094747 28
1445094747 28
1445094747 28
1445094747 28
1445094747 28
1445094747 28
1445094747 28
1445094747 28
1445094747 28
1445094747 28
1445094747 28
1445094747 28
1445094748 28
1445094748 28
1445094749 28
1445094749 28
1445094749 28
1445094750 28
1445094750 28
1445094750 28
1445094750 28
1445094751 28
1445094751 28
1445094752 28
1445094752 28
1445094752 28
1445094752 28
1445094753 28
1445094753 28
1445094753 28
1445094754 28
1445094754 28
1445094755 28
1445094755 28
1445094755 28
1445094756 28
1445094756 28
1445094756 28
1445094756 28
1445094758 28
1445094758 28
1445094758 28
1445094758 28
1445094759 28
1445094759 28
1445094759 28
1445094759 28
1445094760 28
1445094760 28
1445094761 28
1445094761 28
1445094761 28
1445094762 28
1445094762 28
1445094762 28
1445094762 28
1445094762 28
1445094762 28
1445094762 28
1445094762 28
1445094762 28
1445094762 28
1445094762 28
1445094762 28
1445094762 28
1445094762 28
1445094762 28
1445094763 28
1445094763 28
1445094763 28
1445094763 28
1445094763 17
1445094763 19
1445094763 -1
1445094764 28
1445094764 28
1445094764 28
1445094764 28
1445094765 28
1445094765 28
1445094765 28
1445094766 28
1445094767 28
1445094767 28
1445094767 28
1445094768 28
1445094768 28
1445094768 28
1445094768 28
1445094770 28
1445094770 28
1445094770 28
1445094770 28
1445094771 28
1445094771 28
1445094771 28
1445094771 28
1445094773 28
1445094773 28
1445094773 28
1445094774 28
1445094774 28
1445094775 28
1445094775 28
1445094775 28
1445094776 28
1445094777 28
1445094777 28
1445094777 28
1445094777 28
1445094778 28
1445094778 28
1445094778 28
1445094778 28
1445094778 28
1445094778 28
1445094778 28
1445094778 28
1445094778 28
1445094778 28
1445094778 28
1445094778 28
1445094779 28
1445094779 28
1445094779 28
1445094779 28
1445094779 28
1445094780 28
1445094780 28
1445094780 28
1445094780 28
1445094780 28
1445094781 28
1445094781 28
1445094782 28
1445094782 28
1445094782 28
1445094782 28
1445094782 28
1445094782 28
1445094782 28
1445094782 28
1445094782 28
1445094782 28
1445094782 28
1445094782 28
1445094782 28
1445094782 28
1445094783 28
1445094783 28
1445094783 28
1445094783 28
1445094783 28
1445094783 28
1445094783 28
1445094783 28
1445094783 28
1445094783 28
1445094783 28
1445094783 28
1445094783 28
1445094783 28
1445094783 28
1445094783 28
1445094784 28
1445094784 28
1445094784 28
1445094784 28
1445094785 28
1445094785 28
1445094785 28
1445094786 28
1445094786 28
1445094786 28
1445094786 28
1445094786 28
1445094786 28
1445094786 28
1445094786 28
1445094786 28
1445094786 28
1445094786 28
1445094786 28
1445094786 28
1445094786 28
1445094786 28
1445094786 28
1445094786 28
1445094786 28
1445094786 28
1445094786 28
1445094786 28
1445094786 28
1445094786 28
1445094786 28
1445094786 28
1445094786 28
1445094787 28
1445094787 28
1445094787 28
1445094787 28
1445094787 28
1445094787 28
1445094787 28
1445094787 28
1445094787 28
1445094787 28
1445094787 28
1445094787 28
1445094787 28
1445094787 28
1445094787 28
1445094787 28
1445094787 28
1445094787 28
1445094787 28
1445094787 28
1445094787 28
1445094787 28
1445094787 28
1445094787 28
1445094787 28
1445094787 28
1445094787 28
1445094788 28
1445094788 28
1445094788 28
1445094788 28
1445094788 28
1445094788 28
1445094788 28
1445094788 28
1445094788 28
1445094788 28
1445094788 28
1445094788 28
1445094788 28
1445094788 28
1445094788 28
1445094788 28
1445094788 28
1445094788 28
1445094788 28
1445094788 28
1445094788 28
1445094788 28
1445094788 28
1445094788 28
1445094789 28
1445094789 28
1445094789 2
1445094789 28
1445094789 28
1445094789 28
1445094789 28
1445094789 28
1445094789 28
1445094789 17
1445094789 19
1445094789 -1
1445094789 28
1445094789 28
1445094789 17
1445094789 19
1445094789 -1
1445094789 28
1445094790 28
1445094790 28
1445094790 28
1445094790 6
1445094790 24
1445094790 21
1445094790 23
1445094790 25
1445094790 20
1445094790 14
1445094790 15
1445094790 13
1445094790 10
1445094790 11
1445094790 9
1445094791 28
1445094791 28
1445094791 28
1445094791 28
1445094791 17
1445094791 19
1445094791 -1
1445094792 28
1445094792 28
1445094793 28
1445094794 28
1445094794 28
1445094794 28
1445094794 28
1445094795 28
1445094795 28
1445094795 28
1445094796 28
1445094797 28
1445094797 28
1445094797 28
1445094798 28
1445094798 28
1445094798 28
1445094799 28
1445094799 28
1445094799 28
1445094800 28
1445094800 28
1445094801 28
1445094801 28
1445094801 28
1445094801 28
1445094802 28
1445094803 28
1445094803 28
1445094803 28
1445094804 28
1445094804 28
1445094804 28
1445094805 28
1445094806 28
1445094806 28
1445094806 28
1445094806 28
1445094807 28
1445094807 28
1445094807 28
1445094807 28
1445094808 28
1445094808 28
1445094808 28
1445094808 28
1445094809 28
1445094809 28
1445094809 28
1445094809 28
1445094810 28
1445094810 28
1445094810 28
1445094811 28
1445094811 28
1445094812 28
1445094812 28
1445094812 28
1445094813 28
1445094813 28
1445094813 28
1445094813 28
1445094814 28
1445094814 28
1445094815 28
1445094816 28
1445094816 28
1445094816 28
1445094816 28
1445094816 28
1445094816 28
1445094816 28
1445094817 28
1445094817 28
1445094818 28
1445094819 28
1445094819 28
1445094819 28
1445094819 28
1445094819 28
1445094819 28
1445094820 28
1445094820 28
1445094821 28
1445094822 28
1445094822 28
1445094822 28
1445094822 28
1445094822 28
1445094822 28
1445094822 28
1445094823 28
1445094823 28
1445094824 28
1445094825 28
1445094825 28
1445094825 28
1445094825 28
1445094825 28
1445094825 28
1445094825 28
1445094826 28
1445094826 28
1445094826 28
1445094826 28
1445094826 28
1445094826 28
1445094826 28
1445094826 28
1445094826 28
1445094826 28
1445094826 28
1445094826 28
1445094826 28
1445094826 28
1445094826 28
1445094826 28
1445094826 28
1445094827 28
1445094827 28
1445094827 28
1445094827 28
1445094827 28
1445094827 28
1445094827 2
1445094827 28
1445094827 28
1445094827 28
1445094827 28
1445094827 17
1445094827 19
1445094827 -1
1445094827 28
1445094827 6
1445094827 24
1445094827 21
1445094827 23
1445094827 25
1445094827 20
1445094827 14
1445094827 15
1445094827 13
1445094827 10
1445094827 11
1445094827 9
1445094828 28
1445094828 28
1445094828 28
1445094828 28
1445094828 28
1445094828 17
1445094828 19
1445094828 -1
1445094829 28
1445094829 28
1445094829 28
1445094829 28
1445094829 28
1445094830 28
1445094831 28
1445094831 28
1445094832 28
1445094832 28
1445094832 28
1445094832 28
1445094832 28
1445094832 28
1445094833 28
1445094834 28
1445094834 28
1445094835 28
1445094835 28
1445094835 28
1445094835 28
1445094835 28
1445094836 28
1445094837 28
1445094837 28
1445094838 28
1445094838 28
1445094838 28
1445094838 28
1445094838 28
1445094839 28
1445094840 28
1445094840 28
1445094841 28
1445094841 28
1445094841 28
1445094842 28
1445094842 28
1445094842 28
1445094843 28
1445094843 28
1445094844 28
1445094844 28
1445094844 28
1445094845 28
1445094845 28
1445094845 28
1445094845 28
1445094845 28
1445094845 28
1445094845 28
1445094845 28
1445094845 28
1445094846 28
1445094846 28
1445094846 28
1445094846 28
1445094846 28
1445094846 28
1445094846 28
1445094846 28
1445094846 28
1445094846 28
1445094846 28
1445094846 28
1445094846 28
1445094846 6
1445094846 24
1445094846 21
1445094846 23
1445094846 25
1445094846 20
1445094846 14
1445094846 15
1445094846 13
1445094846 10
1445094846 11
1445094846 9
1445094846 2
1445094846 28
1445094846 28
1445094847 28
1445094847 28
1445094847 28
1445094847 28
1445094847 17
1445094847 19
1445094847 -1
1445094847 28
1445094847 17
1445094847 19
1445094847 -1
1445094847 28
1445094847 28
1445094847 28
1445094848 28
1445094848 28
1445094849 28
1445094849 28
1445094849 28
1445094849 28
1445094849 28
1445094849 28
1445094849 28
1445094849 28
1445094849 28
1445094849 28
1445094849 28
1445094849 28
1445094849 28
1445094849 28
1445094849 28
1445094849 28
1445094850 28
1445094850 28
1445094850 28
1445094850 6
1445094850 24
1445094850 21
1445094850 23
1445094850 25
1445094850 20
1445094850 14
1445094850 15
1445094850 13
1445094850 10
1445094850 11
1445094850 9
1445094850 2
1445094850 28
1445094850 28
1445094850 28
1445094851 28
1445094851 28
1445094851 28
1445094851 28
1445094851 17
1445094851 19
1445094851 -1
1445094851 28
1445094851 17
1445094851 19
1445094851 -1
1445094851 28
1445094851 28
1445094852 28
1445094853 28
1445094854 28
1445094854 28
1445094855 28
1445094856 28
1445094857 28
1445094857 28
1445094858 28
1445094859 28
1445094860 28
1445094861 28
1445094861 28
1445094862 28
1445094863 28
1445094864 28
1445094864 28
1445094865 28
1445094866 28
1445094867 28
1445094867 28
1445094868 28
1445094869 28
1445094870 28
1445094870 28
1445094871 28
1445094872 28
1445094873 28
1445094873 28
1445094874 28
1445094875 28
1445094876 28
1445094876 28
1445094877 28
1445094878 28
1445094879 28
1445094879 28
1445094880 28
1445094881 28
1445094882 28
1445094882 28
1445094883 28
1445094884 28
1445094885 28
1445094885 28
1445094886 28
1445094887 28
1445094888 28
1445094888 28
1445094889 28
1445094890 28
1445094891 28
1445094891 28
1445094892 28
1445094893 28
1445094894 28
1445094894 28
1445094895 28
1445094896 28
1445094897 28
1445094897 28
1445094898 28
1445094899 28
1445094900 28
1445094900 28
1445094901 28
1445094902 28
1445094903 28
1445094903 28
1445094904 28
1445094905 28
1445094906 28
1445094906 28
1445094907 28
1445094908 28
1445094909 28
1445094909 28
1445094910 28
1445094911 28
1445094912 28
1445094912 28
1445094913 28
1445094914 28
1445094915 28
1445094915 28
1445094916 28
1445094917 28
1445094918 28
1445094918 28
1445094919 28
1445094920 28
1445094921 28
1445094921 28
1445094922 28
1445094923 28
1445094924 28
1445094924 28
1445094925 28
1445094926 28
1445094927 28
1445094928 28
1445094928 28
1445094929 28
1445094930 28
1445094931 28
1445094931 28
1445094932 28
1445094933 28
1445094934 28
1445094934 28
1445094935 28
1445094936 28
1445094937 28
1445094937 28
1445094938 28
1445094939 28
1445094940 28
1445094940 28
1445094941 28
1445094942 28
1445094943 28
1445094943 28
1445094944 28
1445094945 28
1445094946 28
1445094947 28
1445094948 28
1445094949 28
1445094949 28
1445094950 28
1445094951 28
1445094952 28
1445094952 28
1445094953 28
1445094954 28
1445094955 28
1445094955 28
1445094956 28
1445094957 28
1445094958 28
1445094958 28
1445094959 28
1445094960 28
1445094961 28
1445094961 28
1445094962 28
1445094963 28
1445094964 28
1445094964 28
1445094965 28
1445094966 28
1445094967 28
1445094967 28
1445094968 28
1445094969 28
1445094970 28
1445094970 28
1445094971 28
1445094972 28
1445094973 28
1445094973 28
1445094974 28
1445094975 28
1445094976 28
1445094976 28
1445094977 28
1445094978 28
1445094979 28
1445094979 28
1445094980 28
1445094981 28
1445094982 28
1445094982 28
1445094983 28
1445094984 28
1445094985 28
1445094985 28
1445094986 28
1445094987 28
1445094988 28
1445094988 28
1445094989 28
1445094990 28
1445094991 28
1445094991 28
1445094992 28
1445094993 28
1445094994 28
1445094994 28
1445094995 28
1445094996 28
1445094997 28
1445094997 28
1445094998 28
1445094999 28
1445095000 28
1445095001 28
1445095001 28
1445095002 28
1445095003 28
1445095004 28
1445095004 28
1445095005 28
1445095006 28
1445095007 28
1445095007 28
1445095008 28
1445095009 28
1445095010 28
1445095010 28
1445095011 28
1445095012 28
1445095013 28
1445095013 28
1445095014 28
1445095015 28
1445095016 28
1445095016 28
1445095017 28
1445095018 28
1445095019 28
1445095019 28
1445095020 28
1445095021 28
1445095022 28
1445095022 28
1445095023 28
1445095024 28
1445095025 28
1445095025 28
1445095026 28
1445095027 28
1445095028 28
1445095028 28
1445095029 28
1445095030 28
1445095031 28
1445095031 28
1445095032 28
1445095033 28
1445095034 28
1445095034 28
1445095035 28
1445095036 28
1445095037 28
1445095037 28
1445095038 28
1445095039 28
1445095040 28
1445095040 28
1445095041 28
1445095042 28
1445095043 28
1445095043 28
1445095044 28
1445095045 28
1445095046 28
1445095046 28
1445095047 28
1445095048 28
1445095049 28
1445095049 28
1445095050 28
1445095051 28
1445095052 28
1445095052 28
1445095053 28
1445095054 28
1445095055 28
1445095055 28
1445095056 28
1445095057 28
1445095058 28
1445095058 28
1445095059 28
1445095060 28
1445095061 28
1445095061 28
1445095062 28
1445095063 28
1445095064 28
1445095064 28
1445095065 28
1445095066 28
1445095067 28
1445095067 28
1445095068 28
1445095069 28
1445095070 28
1445095070 28
1445095071 28
1445095072 28
1445095073 28
1445095073 28
1445095074 28
1445095075 28
1445095076 28
1445095077 28
1445095077 28
1445095078 28
1445095079 28
1445095080 28
1445095080 28
1445095081 28
1445095082 28
1445095083 28
1445095083 28
1445095084 28
1445095085 28
1445095086 28
1445095086 28
1445095087 28
1445095088 28
1445095089 28
1445095089 28
1445095090 28
1445095091 28
1445095092 28
1445095092 28
1445095093 28
1445095094 28
1445095095 28
1445095095 28
1445095096 28
1445095097 28
1445095098 28
1445095098 28
1445095099 28
1445095100 28
1445095101 28
1445095101 28
1445095102 28
1445095103 28
1445095104 28
1445095104 28
1445095105 28
1445095106 28
1445095107 28
1445095107 28
1445095108 28
1445095109 28
1445095110 28
1445095110 28
1445095111 28
1445095112 28
1445095113 28
1445095113 28
1445095114 28
1445095115 28
1445095116 28
1445095116 28
1445095117 28
1445095118 28
1445095119 28
1445095119 28
1445095120 28
1445095121 28
1445095122 28
1445095122 28
1445095123 28
1445095124 28
1445095125 28
1445095125 28
1445095126 28
1445095127 28
1445095128 28
1445095128 28
1445095129 28
1445095130 28
1445095131 28
1445095131 28
1445095132 28
1445095133 28
1445095134 28
1445095134 28
1445095135 28
1445095136 28
1445095137 28
1445095137 28
1445095138 28
1445095139 28
1445095140 28
1445095140 28
1445095141 28
1445095142 28
1445095143 28
1445095143 28
1445095144 28
1445095145 28
1445095146 28
1445095146 28
1445095147 28
1445095148 28
1445095149 28
1445095150 28
1445095150 28
1445095151 28
1445095152 28
1445095153 28
1445095153 28
1445095154 28
1445095155 28
1445095156 28
1445095156 28
1445095157 28
1445095158 28
1445095159 28
1445095159 28
1445095160 28
1445095161 28
1445095162 28
1445095162 28
1445095163 28
1445095164 28
1445095165 28
1445095165 28
1445095166 28
1445095167 28
1445095168 28
1445095168 28
1445095169 28
1445095170 28
1445095171 28
1445095171 28
1445095172 28
1445095173 28
1445095174 28
1445095174 28
1445095175 28
1445095176 28
1445095177 28
1445095177 28
1445095178 28
1445095179 28
1445095180 28
1445095180 28
1445095181 28
1445095182 28
1445095183 28
1445095183 28
1445095184 28
1445095185 28
1445095186 28
1445095186 28
1445095187 28
1445095188 28
1445095189 28
1445095189 28
1445095190 28
1445095191 28
1445095192 28
1445095192 28
1445095193 28
1445095194 28
1445095195 28
1445095195 28
1445095196 28
1445095197 28
1445095198 28
1445095198 28
1445095199 28
1445095200 28
1445095201 28
1445095201 28
1445095202 28
1445095203 28
1445095204 28
1445095204 28
1445095205 28
1445095206 28
1445095207 28
1445095207 28
1445095208 28
1445095209 28
1445095210 28
1445095210 28
1445095211 28
1445095212 28
1445095213 28
1445095213 28
1445095214 28
1445095215 28
1445095216 28
1445095216 28
1445095217 28
1445095218 28
1445095219 28
1445095219 28
1445095220 28
1445095221 28
1445095222 28
1445095222 28
1445095223 28
1445095224 28
1445095225 28
1445095226 28
1445095226 28
1445095227 28
1445095228 28
1445095229 28
1445095229 28
1445095230 28
1445095231 28
1445095232 28
1445095232 28
1445095233 28
1445095234 28
1445095235 28
1445095235 28
1445095236 28
1445095237 28
1445095238 28
1445095238 28
1445095239 28
1445095240 28
1445095241 28
1445095241 28
1445095242 28
1445095243 28
1445095244 28
1445095244 28
1445095245 28
1445095246 28
1445095247 28
1445095247 28
1445095248 28
1445095249 28
1445095250 28
1445095250 28
1445095251 28
1445095252 28
1445095253 28
1445095253 28
1445095254 28
1445095256 28
1445095256 28
1445095257 28
1445095258 28
1445095259 28
1445095259 28
1445095260 28
1445095261 28
1445095262 28
1445095262 28
1445095263 28
1445095264 28
1445095265 28
1445095265 28
1445095266 28
1445095267 28
1445095268 28
1445095268 28
1445095269 28
1445095270 28
1445095271 28
1445095271 28
1445095272 28
1445095273 28
1445095274 28
1445095274 28
1445095275 28
1445095276 28
1445095277 28
1445095277 28
1445095278 28
1445095279 28
1445095280 28
1445095280 28
1445095281 28
1445095282 28
1445095283 28
1445095283 28
1445095284 28
1445095285 28
1445095286 28
1445095286 28
1445095287 28
1445095288 28
1445095289 28
1445095289 28
1445095290 28
1445095291 28
1445095292 28
1445095292 28
1445095293 28
1445095294 28
1445095295 28
1445095295 28
1445095296 28
1445095297 28
1445095298 28
1445095298 28
1445095299 28
1445095300 28
1445095301 28
1445095302 28
1445095302 28
1445095303 28
1445095304 28
1445095305 28
1445095305 28
1445095306 28
1445095307 28
1445095308 28
1445095308 28
1445095309 28
1445095310 28
1445095311 28
1445095311 28
1445095312 28
1445095313 28
1445095314 28
1445095314 28
1445095315 28
1445095316 28
1445095317 28
1445095317 28
1445095318 28
1445095319 28
1445095320 28
1445095320 28
1445095321 28
1445095322 28
1445095323 28
1445095323 28
1445095324 28
1445095325 28
1445095326 28
1445095326 28
1445095327 28
1445095328 28
1445095329 28
1445095329 28
1445095330 28
1445095331 28
1445095332 28
1445095332 28
1445095333 28
1445095334 28
1445095335 28
1445095335 28
1445095336 28
1445095337 28
1445095338 28
1445095338 28
1445095339 28
1445095340 28
1445095341 28
1445095341 28
1445095342 28
1445095343 28
1445095344 28
1445095344 28
1445095345 28
1445095346 28
1445095347 28
1445095347 28
1445095348 28
1445095349 28
1445095350 28
1445095350 28
1445095351 28
1445095352 28
1445095353 28
1445095353 28
1445095354 28
1445095355 28
1445095356 28
1445095356 28
1445095357 28
1445095358 28
1445095359 28
1445095359 28
1445095360 28
1445095361 28
1445095362 28
1445095362 28
1445095363 28
1445095364 28
1445095365 28
1445095365 28
1445095366 28
1445095367 28
1445095368 28
1445095368 28
1445095369 28
1445095370 28
1445095371 28
1445095371 28
1445095372 28
1445095373 28
1445095374 28
1445095374 28
1445095375 28
1445095376 28
1445095377 28
1445095378 28
1445095378 28
1445095379 28
1445095380 28
1445095381 28
1445095381 28
1445095382 28
1445095383 28
1445095384 28
1445095384 28
1445095385 28
1445095386 28
1445095387 28
1445095387 28
1445095388 28
1445095389 28
1445095390 28
1445095390 28
1445095391 28
1445095392 28
1445095393 28
1445095393 28
1445095394 28
1445095395 28
1445095396 28
1445095396 28
1445095397 28
1445095398 28
1445095399 28
1445095399 28
1445095400 28
1445095401 28
1445095402 28
1445095402 28
1445095403 28
1445095404 28
1445095405 28
1445095405 28
1445095406 28
1445095407 28
1445095408 28
1445095408 28
1445095409 28
1445095410 28
1445095411 28
1445095411 28
1445095412 28
1445095413 28
1445095414 28
1445095414 28
1445095415 28
1445095416 28
1445095417 28
1445095417 28
1445095418 28
1445095419 28
1445095420 28
1445095420 28
1445095421 28
1445095422 28
1445095423 28
1445095423 28
1445095424 28
1445095425 28
1445095426 28
1445095426 28
1445095427 28
1445095428 28
1445095429 28
1445095429 28
1445095430 28
1445095431 28
1445095432 28
1445095432 28
1445095433 28
1445095434 28
1445095435 28
1445095435 28
1445095436 28
1445095437 28
1445095438 28
1445095438 28
1445095439 28
1445095440 28
1445095441 28
1445095441 28
1445095442 28
1445095443 28
1445095444 28
1445095444 28
1445095445 28
1445095446 28
1445095447 28
1445095447 28
1445095448 28
1445095449 28
1445095450 28
1445095450 28
1445095451 28
1445095452 28
1445095453 28
1445095453 28
1445095454 28
1445095455 28
1445095456 28
1445095456 28
1445095457 28
1445095458 28
1445095459 28
1445095460 28
1445095460 28
1445095461 28
1445095462 28
1445095463 28
1445095463 28
1445095464 28
1445095465 28
1445095466 28
1445095466 28
1445095467 28
1445095468 28
1445095469 28
1445095469 28
1445095470 28
1445095471 28
1445095472 28
1445095472 28
1445095473 28
1445095474 28
1445095475 28
1445095475 28
1445095476 28
1445095477 28
1445095478 28
1445095478 28
1445095479 28
1445095480 28
1445095481 28
1445095481 28
1445095482 28
1445095483 28
1445095484 28
1445095484 28
1445095485 28
1445095486 28
1445095487 28
1445095487 28
1445095488 28
1445095489 28
1445095490 28
1445095490 28
1445095491 28
1445095492 28
1445095493 28
1445095493 28
1445095494 28
1445095495 28
1445095496 28
1445095496 28
1445095497 28
1445095498 28
1445095499 28
1445095499 28
1445095500 28
1445095501 28
1445095502 28
1445095502 28
1445095503 28
1445095504 28
1445095505 28
1445095505 28
1445095506 28
1445095507 28
1445095508 28
1445095508 28
1445095509 28
1445095510 28
1445095511 28
1445095511 28
1445095512 28
1445095513 28
1445095514 28
1445095514 28
1445095515 28
1445095516 28
1445095517 28
1445095517 28
1445095518 28
1445095519 28
1445095520 28
1445095521 28
1445095522 28
1445095523 28
1445095523 28
1445095524 28
1445095525 28
1445095526 28
1445095526 28
1445095527 28
1445095528 28
1445095529 28
1445095530 28
1445095530 28
1445095531 28
1445095532 28
1445095533 28
1445095533 28
1445095534 28
1445095535 28
1445095536 28
1445095536 28
1445095537 28
1445095538 28
1445095539 28
1445095539 28
1445095540 28
1445095541 28
1445095542 28
1445095542 28
1445095543 28
1445095544 28
1445095545 28
1445095545 28
1445095546 28
1445095547 28
1445095548 28
1445095548 28
1445095549 28
1445095550 28
1445095551 28
1445095551 28
1445095552 28
1445095553 28
1445095554 28
1445095554 28
1445095555 28
1445095556 28
1445095557 28
1445095557 28
1445095558 28
1445095559 28
1445095560 28
1445095560 28
1445095561 28
1445095562 28
1445095563 28
1445095563 28
1445095564 28
1445095565 28
1445095566 28
1445095566 28
1445095567 28
1445095568 28
1445095569 28
1445095569 28
1445095570 28
1445095571 28
1445095572 28
1445095572 28
1445095573 28
1445095574 28
1445095575 28
1445095575 28
1445095576 28
1445095577 28
1445095578 28
1445095578 28
1445095579 28
1445095580 28
1445095581 28
1445095581 28
1445095582 28
1445095583 28
1445095584 28
1445095584 28
1445095585 28
1445095586 28
1445095587 28
1445095587 28
1445095588 28
1445095589 28
1445095590 28
1445095590 28
1445095591 28
1445095592 28
1445095593 28
1445095593 28
1445095594 28
1445095595 28
1445095596 28
1445095596 28
1445095597 28
1445095598 28
1445095599 28
1445095599 28
1445095600 28
1445095601 28
1445095602 28
1445095602 28
1445095603 28
1445095604 28
1445095605 28
1445095605 28
1445095606 28
1445095607 28
1445095608 28
1445095609 28
1445095609 28
1445095610 28
1445095611 28
1445095612 28
1445095612 28
1445095613 28
1445095614 28
1445095615 28
1445095615 28
1445095616 28
1445095617 28
1445095618 28
1445095618 28
1445095619 28
1445095619 28
1445095619 28
1445095621 28
1445095624 28
1445095627 28
1445095630 28
1445095633 28
1445095636 28
1445095639 28
1445095642 28
1445095645 28
1445095648 28
1445095651 28
1445095654 28
1445095657 28
1445095660 28
1445095663 28
1445095666 28
1445095669 28
1445095672 28
1445095675 28
1445095678 28
1445095681 28
1445095684 28
1445095687 28
1445095690 28
1445095693 28
1445095697 28
1445095700 28
1445095703 28
1445095706 28
1445095709 28
1445095712 28
1445095715 28
1445095718 28
1445095721 28
1445095724 28
1445095727 28
1445095730 28
1445095733 28
1445095736 28
1445095739 28
1445095742 28
1445095745 28
1445095748 28
1445095751 28
1445095754 28
1445095757 28
1445095760 28
1445095763 28
1445095767 28
1445095770 28
1445095773 28
1445095776 28
1445095779 28
1445095782 28
1445095785 28
1445095788 28
1445095791 28
1445095795 28
1445095798 28
1445095801 28
1445095804 28
1445095807 28
1445095810 28
1445095813 28
1445095816 28
1445095819 28
1445095822 28
1445095825 28
1445095828 28
1445095831 28
1445095834 28
1445095837 28
1445095840 28
1445095843 28
1445095846 28
1445095849 28
1445095852 28
1445095856 28
1445095859 28
1445095862 28
1445095865 28
1445095868 28
1445095871 28
1445095874 28
1445095877 28
1445095880 28
1445095883 28
1445095886 28
1445095889 28
1445095892 28
1445095895 28
1445095898 28
1445095901 28
1445095905 28
1445095908 28
1445095911 28
1445095914 28
1445095917 28
1445095920 28
1445095923 28
1445095926 28
1445095929 28
1445095932 28
1445095935 28
1445095938 28
1445095941 28
1445095944 28
1445095947 28
1445095950 28
1445095953 28
1445095956 28
1445095959 28
1445095963 28
1445095966 28
1445095969 28
1445095972 28
1445095975 28
1445095978 28
1445095981 28
1445095984 28
1445095987 28
1445095990 28
1445095993 28
1445095996 28
1445095999 28
1445096002 28
1445096005 28
1445096008 28
1445096011 28
1445096015 28
1445096018 28
1445096021 28
1445096024 28
1445096027 28
1445096030 28
1445096033 28
1445096036 28
1445096039 28
1445096042 28
1445096045 28
1445096048 28
1445096051 28
1445096054 28
1445096057 28
1445096060 28
1445096063 28
1445096066 28
1445096069 28
1445096072 28
1445096075 28
1445096079 28
1445096082 28
1445096085 28
1445096088 28
1445096091 28
1445096094 28
1445096097 28
1445096100 28
1445096103 28
1445096106 28
1445096109 28
1445096112 28
1445096116 28
1445096119 28
1445096122 28
1445096126 28
1445096128 28
1445096128 28
1445096128 28
1445096128 28
1445096128 28
1445096128 28
1445096128 28
1445096128 28
1445096128 28
1445096128 28
1445096128 28
1445096128 28
1445096128 28
1445096128 28
1445096128 28
1445096128 28
1445096128 28
1445096128 28
1445096128 28
1445096128 28
1445096128 28
1445096128 28
1445096128 28
1445096128 28
1445096128 28
1445096128 28
1445096129 28
1445096130 28
1445096130 8
1445096130 28
1445096130 28
1445096130 28
1445096130 17
1445096130 19
1445096130 -1
1445096131 28
1445096131 8
1445096132 28
1445096132 16
1445096133 28
1445096133 16
1445096133 28
1445096133 5
1445096133 27
1445096133 28
1445096133 4
1445096133 18
1445096133 28
1445096133 3
1445096133 12
1445096133 28
1445096133 28
1445096133 28
1445096133 28
1445096134 28
1445096134 28
1445096134 28
1445096134 28
1445096134 28
1445096134 28
