1445096618 35
1445096618 32
1445096618 33
1445096618 34
1445096618 25
1445096618 18
1445096618 7
1445096619 21
1445096619 28
1445096619 31
1445096619 30
1445096619 24
1445096619 20
1445096619 13
1445096619 17
1445096619 1
1445096619 1
1445096619 13
1445096619 2
1445096619 17
1445096619 2
1445096619 2
1445096619 1
1445096619 1
1445096619 1
1445096619 16
1445096619 3
1445096619 15
1445096619 3
1445096619 10
1445096619 15
1445096619 10
1445096621 22
1445096621 12
1445096621 13
1445096621 17
1445096621 3
1445096621 15
1445096621 10
1445096621 22
1445096621 11
1445096621 13
1445096621 17
1445096621 3
1445096621 15
1445096621 10
1445096622 22
1445096622 15
1445096622 10
1445096623 22
1445096623 9
1445096623 22
1445096623 15
1445096623 10
1445096624 22
1445096624 15
1445096624 10
1445096625 22
1445096626 15
1445096626 10
1445096627 22
1445096627 15
1445096627 10
1445096628 22
1445096628 15
1445096628 10
1445096629 22
1445096629 23
1445096629 6
1445096629 8
1445096639 27
1445096639 26
1445096639 37
1445096639 5
1445096639 14
1445096999 19
1445096999 29
1445096999 4
1445096999 36
