1445096618 8
1445096618 147
1445096618 16
1445096618 102
1445096618 83
1445096618 8
1445096618 147
1445096619 160
1445096619 82
1445096619 67
1445096619 154
1445096619 0
1445096619 58
1445096619 78
1445096619 78
1445096619 76
1445096619 76
1445096619 78
1445096619 76
1445096619 78
1445096619 76
1445096619 76
1445096619 76
1445096619 76
1445096619 76
1445096619 58
1445096619 60
1445096619 60
1445096619 60
1445096619 167
1445096619 60
1445096619 167
1445096621 167
1445096621 1
1445096621 78
1445096621 78
1445096621 60
1445096621 60
1445096621 167
1445096621 167
1445096621 1
1445096621 78
1445096621 78
1445096621 60
1445096621 60
1445096621 167
1445096622 167
1445096622 60
1445096622 167
1445096623 167
1445096623 1
1445096623 167
1445096623 60
1445096623 167
1445096624 167
1445096624 60
1445096624 167
1445096625 167
1445096626 60
1445096626 167
1445096627 167
1445096627 60
1445096627 167
1445096628 167
1445096628 60
1445096628 167
1445096629 167
1445096629 58
1445096629 1
1445096629 0
1445096639 120
1445096639 120
1445096639 102
1445096639 160
1445096639 60
1445096999 129
1445096999 129
1445096999 167
1445096999 3
