1445095250 25
1445095251 9
1445095251 14
1445095251 21
1445095251 6
1445095251 5
1445095251 2
1445095252 4
1445095253 7
1445095253 11
1445095253 8
1445095253 28
1445095253 13
1445095253 18
1445095253 22
1445095253 20
1445095253 10
1445095255 19
1445095255 16
1445095255 17
1445095255 28
1445095265 27
1445095265 15
1445095267 19
1445095267 16
1445095267 17
1445095267 28
1445095277 27
1445095277 15
1445095279 19
1445095279 16
1445095279 17
1445095279 28
1445095287 27
1445095287 15
1445095289 19
1445095289 16
1445095289 17
1445095289 28
1445095298 27
1445095298 15
1445095300 19
1445095300 16
1445095300 17
1445095300 28
1445095309 27
1445095309 15
1445095310 19
1445095310 16
1445095310 17
1445095310 28
1445095311 12
1445095320 27
1445095320 15
1445095320 19
1445095320 16
1445095320 17
1445095322 26
1445095322 23
1445095322 1
1445095342 3
1445095342 24
