1445095250 8
1445095251 147
1445095251 16
1445095251 102
1445095251 83
1445095251 8
1445095251 147
1445095252 160
1445095253 82
1445095253 67
1445095253 22
1445095253 102
1445095253 3
1445095253 75
1445095253 25
1445095253 25
1445095253 154
1445095255 102
1445095255 25
1445095255 25
1445095255 102
1445095265 75
1445095265 25
1445095267 102
1445095267 25
1445095267 25
1445095267 102
1445095277 75
1445095277 25
1445095279 102
1445095279 25
1445095279 25
1445095279 102
1445095287 75
1445095287 25
1445095289 102
1445095289 25
1445095289 25
1445095289 102
1445095298 75
1445095298 25
1445095300 102
1445095300 25
1445095300 25
1445095300 102
1445095309 75
1445095309 25
1445095310 102
1445095310 25
1445095310 25
1445095310 102
1445095311 67
1445095320 75
1445095320 25
1445095320 102
1445095320 25
1445095320 25
1445095322 75
1445095322 102
1445095322 160
1445095342 129
1445095342 3
