1445162662 24
1445162662 13
1445162662 16
1445162662 21
1445162662 6
1445162662 5
1445162663 2
1445162664 3
1445162664 7
1445162664 10
1445162665 8
1445162665 26
1445162665 12
1445162665 22
1445162665 25
1445162665 23
1445162665 9
1445162669 18
1445162669 14
1445162669 17
1445162669 26
1445162679 27
1445162679 15
1445162681 18
1445162681 14
1445162681 17
1445162681 26
1445162690 27
1445162690 15
1445162693 18
1445162693 14
1445162693 17
1445162693 26
1445162702 27
1445162702 15
1445162704 18
1445162704 14
1445162704 17
1445162704 26
1445162713 27
1445162713 15
1445162715 18
1445162715 14
1445162715 17
1445162715 26
1445162724 27
1445162724 15
1445162727 18
1445162727 14
1445162727 17
1445162727 26
1445162736 27
1445162736 15
1445162738 18
1445162738 14
1445162738 17
1445162738 26
1445162749 27
1445162749 15
1445162751 11
1445162751 18
1445162751 14
1445162751 17
1445162760 28
1445162760 19
1445162760 1
1445162788 4
1445162788 20
