1445088495 22
1445088495 10
1445088495 13
1445088495 18
1445088495 5
1445088495 4
1445088495 2
1445088496 3
1445088497 7
1445088497 11
1445088497 6
1445088497 24
1445088497 8
1445088497 20
1445088497 21
1445088497 17
1445088497 12
1445088500 19
1445088500 15
1445088500 14
1445088500 24
1445088511 25
1445088511 16
1445088512 19
1445088512 15
1445088512 14
1445088512 24
1445088521 25
1445088521 16
1445088522 19
1445088522 15
1445088522 14
1445088522 24
1445088531 25
1445088531 16
1445088532 19
1445088532 15
1445088532 14
1445088532 24
1445088541 25
1445088541 16
1445088542 19
1445088542 15
1445088542 14
1445088542 24
1445088551 25
1445088551 16
1445088552 19
1445088552 15
1445088552 14
1445088552 24
1445088553 9
1445088561 25
1445088561 16
1445088561 19
1445088561 15
1445088561 14
1445088562 26
1445088562 23
1445088562 1
