1445089674 24
1445089674 11
1445089674 16
1445089674 22
1445089674 6
1445089674 3
1445089674 2
1445089675 4
1445089676 8
1445089676 10
1445089676 7
1445089676 27
1445089676 9
1445089676 18
1445089676 21
1445089676 25
1445089676 12
1445089679 19
1445089679 17
1445089679 15
1445089679 27
1445089689 28
1445089689 14
1445089690 19
1445089690 17
1445089690 15
1445089690 27
1445089698 28
1445089698 14
1445089699 19
1445089699 17
1445089699 15
1445089699 27
1445089708 28
1445089708 14
1445089709 19
1445089709 17
1445089709 15
1445089709 27
1445089717 28
1445089717 14
1445089718 19
1445089718 17
1445089718 15
1445089718 27
1445089727 28
1445089727 14
1445089728 19
1445089728 17
1445089728 15
1445089728 27
1445089728 13
1445089738 28
1445089738 14
1445089738 19
1445089738 17
1445089738 15
1445089739 26
1445089739 23
1445089739 1
1445089767 5
1445089767 20
