1445089674 8
1445089674 147
1445089674 16
1445089674 102
1445089674 83
1445089674 8
1445089674 147
1445089675 160
1445089676 82
1445089676 67
1445089676 22
1445089676 102
1445089676 3
1445089676 75
1445089676 25
1445089676 25
1445089676 154
1445089679 102
1445089679 25
1445089679 25
1445089679 102
1445089689 75
1445089689 25
1445089690 102
1445089690 25
1445089690 25
1445089690 102
1445089698 75
1445089698 25
1445089699 102
1445089699 25
1445089699 25
1445089699 102
1445089708 75
1445089708 25
1445089709 102
1445089709 25
1445089709 25
1445089709 102
1445089717 75
1445089717 25
1445089718 102
1445089718 25
1445089718 25
1445089718 102
1445089727 75
1445089727 25
1445089728 102
1445089728 25
1445089728 25
1445089728 102
1445089728 67
1445089738 75
1445089738 25
1445089738 102
1445089738 25
1445089738 25
1445089739 75
1445089739 102
1445089739 160
1445089767 129
1445089767 3
