1445163550 37
1445163550 35
1445163550 36
1445163550 40
1445163550 28
1445163551 23
1445163551 15
1445163551 22
1445163552 30
1445163552 34
1445163552 32
1445163552 27
1445163552 21
1445163552 17
1445163552 18
1445163552 17
1445163552 18
1445163552 19
1445163552 1
1445163552 1
1445163552 16
1445163552 12
1445163552 16
1445163552 12
1445163552 24
1445163552 16
1445163552 12
1445163552 24
1445163552 10
1445163553 24
1445163553 6
1445163553 19
1445163553 17
1445163553 18
1445163553 1
1445163553 16
1445163553 12
1445163553 24
1445163553 8
1445163569 19
1445163569 17
1445163569 18
1445163569 1
1445163569 16
1445163569 12
1445163569 24
1445163569 13
1445163655 19
1445163655 17
1445163655 18
1445163655 1
1445163655 16
1445163655 12
1445163656 24
1445163656 14
1445163671 19
1445163671 17
1445163671 18
1445163671 1
1445163671 16
1445163671 12
1445163672 24
1445163672 7
1445163687 19
1445163687 17
1445163687 18
1445163687 1
1445163687 16
1445163687 12
1445163688 24
1445163688 5
1445163703 19
1445163703 17
1445163703 18
1445163703 1
1445163703 16
1445163703 12
1445163704 24
1445163704 4
1445163720 19
1445163720 17
1445163720 18
1445163720 1
1445163720 16
1445163720 12
1445163721 24
1445163721 9
1445163721 25
1445163721 11
1445163721 31
1445163721 29
1445163721 39
1445163721 3
1445163721 20
1445163783 26
1445163783 33
1445163783 2
1445163783 38
