1445163550 8
1445163550 147
1445163550 16
1445163550 102
1445163550 83
1445163551 8
1445163551 147
1445163551 160
1445163552 82
1445163552 67
1445163552 154
1445163552 0
1445163552 58
1445163552 78
1445163552 78
1445163552 78
1445163552 78
1445163552 58
1445163552 60
1445163552 60
1445163552 60
1445163552 167
1445163552 60
1445163552 167
1445163552 167
1445163552 60
1445163552 167
1445163552 167
1445163552 1
1445163553 167
1445163553 1
1445163553 58
1445163553 78
1445163553 78
1445163553 60
1445163553 60
1445163553 167
1445163553 167
1445163553 1
1445163569 58
1445163569 78
1445163569 78
1445163569 60
1445163569 60
1445163569 167
1445163569 167
1445163569 1
1445163655 58
1445163655 78
1445163655 78
1445163655 60
1445163655 60
1445163655 167
1445163656 167
1445163656 1
1445163671 58
1445163671 78
1445163671 78
1445163671 60
1445163671 60
1445163671 167
1445163672 167
1445163672 1
1445163687 58
1445163687 78
1445163687 78
1445163687 60
1445163687 60
1445163687 167
1445163688 167
1445163688 1
1445163703 58
1445163703 78
1445163703 78
1445163703 60
1445163703 60
1445163703 167
1445163704 167
1445163704 1
1445163720 58
1445163720 78
1445163720 78
1445163720 60
1445163720 60
1445163720 167
1445163721 167
1445163721 1
1445163721 58
1445163721 0
1445163721 120
1445163721 120
1445163721 102
1445163721 160
1445163721 60
1445163783 129
1445163783 129
1445163783 167
1445163783 3
