1445175277 23
1445175277 12
1445175277 16
1445175277 24
1445175277 6
1445175278 3
1445175278 2
1445175278 4
1445175279 8
1445175279 13
1445175279 7
1445175279 27
1445175279 9
1445175279 20
1445175279 21
1445175279 18
1445175279 10
1445175283 19
1445175283 15
1445175283 14
1445175283 27
1445175292 28
1445175292 17
1445175293 19
1445175293 15
1445175293 14
1445175293 27
1445175300 28
1445175300 17
1445175301 19
1445175301 15
1445175301 14
1445175301 27
1445175309 28
1445175309 17
1445175310 19
1445175310 15
1445175310 14
1445175310 27
1445175317 28
1445175317 17
1445175318 19
1445175318 15
1445175318 14
1445175318 27
1445175325 28
1445175325 17
1445175326 19
1445175326 15
1445175326 14
1445175326 27
1445175331 11
1445175334 28
1445175334 17
1445175334 19
1445175334 15
1445175334 14
1445175335 26
1445175335 22
1445175335 1
1445175359 5
1445175359 25
