1445175277 8
1445175277 147
1445175277 16
1445175277 102
1445175277 83
1445175278 8
1445175278 147
1445175278 160
1445175279 82
1445175279 67
1445175279 22
1445175279 102
1445175279 3
1445175279 75
1445175279 25
1445175279 25
1445175279 154
1445175283 102
1445175283 25
1445175283 25
1445175283 102
1445175292 75
1445175292 25
1445175293 102
1445175293 25
1445175293 25
1445175293 102
1445175300 75
1445175300 25
1445175301 102
1445175301 25
1445175301 25
1445175301 102
1445175309 75
1445175309 25
1445175310 102
1445175310 25
1445175310 25
1445175310 102
1445175317 75
1445175317 25
1445175318 102
1445175318 25
1445175318 25
1445175318 102
1445175325 75
1445175325 25
1445175326 102
1445175326 25
1445175326 25
1445175326 102
1445175331 67
1445175334 75
1445175334 25
1445175334 102
1445175334 25
1445175334 25
1445175335 75
1445175335 102
1445175335 160
1445175359 129
1445175359 3
