1445092311 8
1445092311 147
1445092311 16
1445092311 102
1445092311 83
1445092311 8
1445092311 147
1445092312 160
1445092313 82
1445092313 67
1445092313 22
1445092313 102
1445092313 3
1445092313 75
1445092313 25
1445092313 25
1445092313 154
1445092315 102
1445092315 25
1445092315 25
1445092315 102
1445092326 75
1445092326 25
1445092328 102
1445092328 25
1445092328 25
1445092328 102
1445092337 75
1445092337 25
1445092339 102
1445092339 25
1445092339 25
1445092339 102
1445092348 75
1445092348 25
1445092350 102
1445092350 25
1445092350 25
1445092350 102
1445092359 75
1445092359 25
1445092360 102
1445092361 25
1445092361 25
1445092361 102
1445092371 75
1445092371 25
1445092373 102
1445092373 25
1445092373 25
1445092373 102
1445092374 67
1445092382 75
1445092382 25
1445092382 102
1445092382 25
1445092382 25
1445092384 75
