1445092010 20
1445092010 10
1445092010 14
1445092010 18
1445092010 4
1445092010 3
1445092012 1
1445092014 2
1445092016 6
1445092016 7
1445092020 5
1445092020 21
1445092020 9
1445092020 15
1445092020 19
1445092020 16
1445092021 8
1445092028 17
1445092028 13
1445092028 12
1445092028 21
1445092059 22
1445092059 11
1445092064 17
1445092064 13
1445092064 12
1445092064 21
1445092093 22
1445092093 11
1445092097 17
1445092097 13
1445092097 12
1445092097 21
1445092125 22
1445092125 11
1445092129 17
1445092129 13
1445092129 12
1445092129 21
