1445092010 8
1445092010 147
1445092010 16
1445092010 102
1445092010 83
1445092010 8
1445092012 147
1445092014 160
1445092016 82
1445092016 67
1445092020 22
1445092020 102
1445092020 3
1445092020 75
1445092020 25
1445092020 25
1445092021 154
1445092028 102
1445092028 25
1445092028 25
1445092028 102
1445092059 75
1445092059 25
1445092064 102
1445092064 25
1445092064 25
1445092064 102
1445092093 75
1445092093 25
1445092097 102
1445092097 25
1445092097 25
1445092097 102
1445092125 75
1445092125 25
1445092129 102
1445092129 25
1445092129 25
1445092129 102
