1445247574 8
1445247574 147
1445247574 16
1445247574 102
1445247574 83
1445247574 8
1445247575 147
1445247576 160
1445247577 82
1445247578 67
1445247578 22
1445247579 102
1445247579 3
1445247579 75
1445247579 25
1445247579 25
1445247579 154
1445247600 102
1445247600 25
1445247600 25
1445247600 102
1445247618 75
1445247618 25
1445247632 102
1445247632 25
1445247632 25
1445247632 102
1445247647 75
1445247647 25
1445247660 67
1445247660 102
1445247660 25
1445247660 25
1445247677 75
1445247677 102
1445247677 160
