1445088650 8
1445088650 147
1445088650 16
1445088651 102
1445088651 83
1445088651 8
1445088652 147
1445088653 160
1445088655 82
1445088655 67
1445088655 22
1445088655 102
1445088655 3
1445088655 75
1445088655 25
1445088655 25
1445088655 154
1445088657 102
1445088657 25
1445088657 25
1445088657 102
1445088666 75
1445088666 25
1445088666 102
1445088666 25
1445088666 25
1445088666 102
1445088675 75
1445088675 25
1445088675 102
1445088675 25
1445088675 25
1445088675 102
1445088684 75
1445088684 25
1445088685 102
1445088685 25
1445088685 25
1445088685 102
1445088694 75
1445088694 25
1445088695 102
1445088695 25
1445088695 25
1445088695 102
1445088703 75
1445088703 25
1445088704 102
1445088704 25
1445088704 25
1445088704 102
1445088704 67
1445088712 75
1445088712 25
1445088712 102
1445088712 25
1445088712 25
1445088713 75
1445088713 102
1445088713 160
1445088742 129
1445088742 3
1445088742 16
1445088742 16
1445088742 111
