1445089855 23
1445089855 10
1445089855 14
1445089855 24
1445089855 6
1445089856 5
1445089856 2
1445089856 4
1445089857 8
1445089857 13
1445089857 7
1445089857 27
1445089857 9
1445089857 19
1445089857 21
1445089857 18
1445089857 11
1445089859 25
1445089859 17
1445089859 16
1445089859 27
1445089868 28
1445089868 15
1445089869 25
1445089869 17
1445089869 16
1445089869 27
1445089877 28
1445089877 15
1445089878 25
1445089878 17
1445089878 16
1445089878 27
1445089885 28
1445089885 15
1445089886 25
1445089886 17
1445089886 16
1445089886 27
1445089894 28
1445089894 15
1445089895 25
1445089895 17
1445089895 16
1445089895 27
1445089904 28
1445089904 15
1445089905 25
1445089905 17
1445089905 16
1445089905 27
1445089905 12
1445089914 28
1445089914 15
1445089914 25
1445089914 17
1445089914 16
1445089915 26
1445089917 20
1445089917 1
1445089955 3
1445089955 22
