1445076570 21
1445076570 13
1445076570 18
1445076570 27
1445076570 6
1445076570 3
1445076571 2
1445076572 4
1445076572 8
1445076572 12
1445076573 7
1445076573 29
1445076573 11
1445076573 26
1445076573 24
1445076573 23
1445076573 10
1445076577 28
1445076577 19
1445076577 17
1445076577 29
1445076590 30
1445076590 15
1445076593 28
1445076593 19
1445076593 17
1445076593 29
1445076603 30
1445076603 15
1445076606 28
1445076606 19
1445076606 17
1445076606 29
1445076617 30
1445076617 15
1445076620 28
1445076620 19
1445076620 17
1445076620 29
1445076629 30
1445076629 15
1445076632 28
1445076632 19
1445076632 17
1445076632 29
1445076641 30
1445076641 15
1445076644 28
1445076644 19
1445076644 17
1445076644 29
1445076652 30
1445076652 15
1445076655 28
1445076655 19
1445076655 17
1445076655 29
1445076665 30
1445076665 15
1445076667 14
1445076667 28
1445076667 19
1445076667 17
1445076675 31
1445076675 22
1445076675 1
1445076707 5
1445076707 25
1445076707 16
1445076707 20
1445076707 9
