1445076570 8
1445076570 147
1445076570 16
1445076570 102
1445076570 83
1445076570 8
1445076571 147
1445076572 160
1445076572 82
1445076572 67
1445076573 22
1445076573 102
1445076573 3
1445076573 75
1445076573 25
1445076573 25
1445076573 154
1445076577 102
1445076577 25
1445076577 25
1445076577 102
1445076590 75
1445076590 25
1445076593 102
1445076593 25
1445076593 25
1445076593 102
1445076603 75
1445076603 25
1445076606 102
1445076606 25
1445076606 25
1445076606 102
1445076617 75
1445076617 25
1445076620 102
1445076620 25
1445076620 25
1445076620 102
1445076629 75
1445076629 25
1445076632 102
1445076632 25
1445076632 25
1445076632 102
1445076641 75
1445076641 25
1445076644 102
1445076644 25
1445076644 25
1445076644 102
1445076652 75
1445076652 25
1445076655 102
1445076655 25
1445076655 25
1445076655 102
1445076665 75
1445076665 25
1445076667 67
1445076667 102
1445076667 25
1445076667 25
1445076675 75
1445076675 102
1445076675 160
1445076707 129
1445076707 3
1445076707 16
1445076707 16
1445076707 111
