1445092217 22
1445092217 12
1445092217 19
1445092217 23
1445092217 6
1445092217 5
1445092222 2
1445092222 3
1445092223 8
1445092223 10
1445092224 7
1445092224 30
1445092224 11
1445092224 25
1445092224 21
1445092224 27
1445092224 9
1445092225 24
1445092225 17
1445092225 18
1445092225 30
1445092248 31
1445092248 16
1445092250 24
1445092250 17
1445092250 18
1445092250 30
1445092276 31
1445092276 16
1445092278 24
1445092278 17
1445092278 18
1445092278 30
1445092288 31
1445092288 16
1445092289 24
1445092289 17
1445092289 18
1445092289 30
1445092297 31
1445092297 16
1445092298 14
1445092298 24
1445092298 17
1445092298 18
1445092306 29
1445092306 26
1445092306 1
1445092334 4
1445092335 28
1445092335 20
1445092335 15
1445092335 13
