1445092217 8
1445092217 147
1445092217 16
1445092217 102
1445092217 83
1445092217 8
1445092222 147
1445092222 160
1445092223 82
1445092223 67
1445092224 22
1445092224 102
1445092224 3
1445092224 75
1445092224 25
1445092224 25
1445092224 154
1445092225 102
1445092225 25
1445092225 25
1445092225 102
1445092248 75
1445092248 25
1445092250 102
1445092250 25
1445092250 25
1445092250 102
1445092276 75
1445092276 25
1445092278 102
1445092278 25
1445092278 25
1445092278 102
1445092288 75
1445092288 25
1445092289 102
1445092289 25
1445092289 25
1445092289 102
1445092297 75
1445092297 25
1445092298 67
1445092298 102
1445092298 25
1445092298 25
1445092306 75
1445092306 102
1445092306 160
1445092334 129
1445092335 3
1445092335 16
1445092335 16
1445092335 111
