1445235709 21
1445235709 8
1445235709 14
1445235709 18
1445235709 4
1445235710 2
1445235711 1
1445235713 3
1445235715 5
1445235716 10
1445235721 6
1445235721 22
1445235721 9
1445235721 17
1445235721 16
1445235721 19
1445235721 7
1445235753 20
1445235753 15
1445235753 13
1445235753 22
1445235793 23
1445235793 12
1445235806 20
1445235806 15
1445235806 13
1445235806 22
1445235847 23
1445235847 12
1445235865 20
1445235865 15
1445235865 13
1445235865 22
1445235902 23
1445235902 12
1445235913 20
1445235913 15
1445235913 13
1445235913 22
1445235950 23
1445235950 12
1445235958 20
1445235958 15
1445235958 13
1445235958 22
1445235979 23
1445235979 12
1445235992 20
1445235992 15
1445235992 13
1445235992 22
1445235996 11
