1445093096 18
1445093096 12
1445093096 15
1445093096 21
1445093096 6
1445093096 3
1445093097 2
1445093098 5
1445093099 7
1445093099 10
1445093099 8
1445093099 26
1445093099 9
1445093099 20
1445093099 24
1445093099 22
1445093099 13
1445093103 19
1445093103 14
1445093103 16
1445093103 26
1445093114 28
1445093114 17
1445093117 19
1445093117 14
1445093117 16
1445093117 26
1445093126 28
1445093126 17
1445093129 19
1445093129 14
1445093129 16
1445093129 26
1445093139 28
1445093139 17
1445093142 19
1445093142 14
1445093142 16
1445093142 26
1445093153 28
1445093153 17
1445093156 11
1445093156 19
1445093156 14
1445093156 16
1445093164 27
1445093164 25
1445093164 1
1445093183 4
1445093183 23
