1445163441 16
1445163441 9
1445163441 12
1445163441 15
1445163441 4
1445163441 2
1445163442 1
1445163444 3
1445163446 6
1445163446 10
1445163448 5
1445163448 21
1445163448 8
1445163448 17
1445163448 18
1445163448 19
1445163448 7
1445163465 20
1445163465 14
1445163465 13
1445163465 21
1445163501 22
1445163501 11
1445163507 20
1445163507 14
1445163507 13
1445163507 21
1445163543 22
1445163543 11
1445163548 20
1445163548 14
1445163548 13
1445163548 21
1445163578 22
1445163578 11
1445163583 20
1445163583 14
1445163583 13
1445163583 21
1445163612 22
1445163612 11
1445163616 20
1445163616 14
1445163616 13
1445163616 21
1445163644 22
1445163644 11
1445163649 20
1445163649 14
1445163649 13
1445163649 21
