1445163441 8
1445163441 147
1445163441 16
1445163441 102
1445163441 83
1445163441 8
1445163442 147
1445163444 160
1445163446 82
1445163446 67
1445163448 22
1445163448 102
1445163448 3
1445163448 75
1445163448 25
1445163448 25
1445163448 154
1445163465 102
1445163465 25
1445163465 25
1445163465 102
1445163501 75
1445163501 25
1445163507 102
1445163507 25
1445163507 25
1445163507 102
1445163543 75
1445163543 25
1445163548 102
1445163548 25
1445163548 25
1445163548 102
1445163578 75
1445163578 25
1445163583 102
1445163583 25
1445163583 25
1445163583 102
1445163612 75
1445163612 25
1445163616 102
1445163616 25
1445163616 25
1445163616 102
1445163644 75
1445163644 25
1445163649 102
1445163649 25
1445163649 25
1445163649 102
