1445088358 24
1445088358 9
1445088358 15
1445088358 25
1445088358 6
1445088358 4
1445088358 2
1445088359 3
1445088360 8
1445088360 12
1445088361 7
1445088361 30
1445088361 10
1445088361 28
1445088361 26
1445088361 21
1445088361 14
1445088363 27
1445088363 20
1445088363 18
1445088363 30
1445088372 31
1445088372 19
1445088373 27
1445088373 20
1445088373 18
1445088373 30
1445088381 31
1445088381 19
1445088382 27
1445088382 20
1445088382 18
1445088382 30
1445088392 31
1445088392 19
1445088394 27
1445088394 20
1445088394 18
1445088394 30
1445088404 31
1445088404 19
1445088404 27
1445088404 20
1445088404 18
1445088404 30
1445088412 31
1445088412 19
1445088413 27
1445088413 20
1445088413 18
1445088413 30
1445088413 13
1445088421 31
1445088421 19
1445088421 27
1445088421 20
1445088421 18
1445088422 29
1445088422 22
1445088422 1
1445088454 5
1445088454 23
1445088455 16
1445088455 17
1445088455 11
