1445088358 8
1445088358 147
1445088358 16
1445088358 102
1445088358 83
1445088358 8
1445088358 147
1445088359 160
1445088360 82
1445088360 67
1445088361 22
1445088361 102
1445088361 3
1445088361 75
1445088361 25
1445088361 25
1445088361 154
1445088363 102
1445088363 25
1445088363 25
1445088363 102
1445088372 75
1445088372 25
1445088373 102
1445088373 25
1445088373 25
1445088373 102
1445088381 75
1445088381 25
1445088382 102
1445088382 25
1445088382 25
1445088382 102
1445088392 75
1445088392 25
1445088394 102
1445088394 25
1445088394 25
1445088394 102
1445088404 75
1445088404 25
1445088404 102
1445088404 25
1445088404 25
1445088404 102
1445088412 75
1445088412 25
1445088413 102
1445088413 25
1445088413 25
1445088413 102
1445088413 67
1445088421 75
1445088421 25
1445088421 102
1445088421 25
1445088421 25
1445088422 75
1445088422 102
1445088422 160
1445088454 129
1445088454 3
1445088455 16
1445088455 16
1445088455 111
