1445235703 8
1445235703 147
1445235703 16
1445235703 102
1445235703 83
1445235704 8
1445235704 147
1445235705 160
1445235706 82
1445235706 67
1445235706 22
1445235706 102
1445235706 3
1445235706 75
1445235706 25
1445235706 25
1445235706 154
1445235709 102
1445235709 25
1445235709 25
1445235709 102
1445235718 75
1445235718 25
1445235719 102
1445235719 25
1445235719 25
1445235719 102
1445235729 75
1445235729 25
1445235730 102
1445235730 25
1445235730 25
1445235730 102
1445235739 75
1445235739 25
1445235741 102
1445235741 25
1445235741 25
1445235741 102
1445235750 75
1445235750 25
1445235752 102
1445235752 25
1445235752 25
1445235752 102
1445235761 75
1445235761 25
1445235762 102
1445235762 25
1445235762 25
1445235762 102
1445235763 67
1445235772 75
1445235772 25
1445235772 102
1445235772 25
1445235772 25
1445235773 75
1445235773 102
1445235773 160
1445235800 129
1445235800 3
1445235801 16
1445235801 16
1445235801 111
