1445094788 8
1445094789 147
1445094789 16
1445094789 102
1445094789 83
1445094789 8
1445094790 147
1445094791 160
1445094793 82
1445094793 67
1445094793 154
1445094793 0
1445094793 58
1445094793 76
1445094793 76
1445094793 58
1445094793 78
1445094793 78
1445094793 78
1445094793 78
1445094793 60
1445094793 60
1445094793 167
1445094796 60
1445094796 60
1445094796 167
1445094827 58
1445094846 58
1445094846 78
1445094846 78
1445094847 60
1445094847 60
1445094847 167
1445094849 58
1445094850 167
1445094850 66
1445094974 167
1445094974 60
1445094974 167
1445094977 167
1445094977 60
1445094977 167
1445095146 167
1445095146 60
1445095146 167
1445095152 167
1445095152 60
1445095152 167
1445095279 167
1445095279 60
1445095279 167
1445095314 167
1445095314 1
1445095410 167
1445095410 1
1445095410 78
1445095410 78
1445095410 60
1445095410 60
1445095410 167
1445095523 167
1445095523 60
1445095523 167
1445095619 167
1445095619 58
1445095619 1
1445095619 0
1445095619 120
1445095619 120
1445095619 102
1445095619 160
1445095620 60
1445096128 129
1445096128 129
1445096128 167
1445096128 3
1445096128 16
1445096128 16
1445096128 111
