1445241014 23
1445241014 8
1445241014 13
1445241014 19
1445241014 5
1445241015 4
1445241017 2
1445241020 3
1445241022 7
1445241022 9
1445241023 6
1445241023 25
1445241023 10
1445241023 17
1445241023 21
1445241023 18
1445241023 11
1445241052 20
1445241052 14
1445241052 16
1445241052 25
1445241112 24
1445241112 15
1445241120 20
1445241120 14
1445241120 16
1445241120 25
1445241180 24
1445241180 15
1445241189 20
1445241189 14
1445241189 16
1445241189 25
1445241246 24
1445241246 15
1445241255 20
1445241255 14
1445241255 16
1445241255 25
1445241302 24
1445241302 15
1445241309 20
1445241309 14
1445241309 16
1445241309 25
1445241354 24
1445241354 15
1445241360 20
1445241360 14
1445241360 16
1445241360 25
1445241395 24
1445241395 15
1445241406 20
1445241406 14
1445241406 16
1445241406 25
1445241435 24
1445241435 15
1445241447 12
1445241447 20
1445241447 14
1445241447 16
1445241482 26
1445241482 22
1445241483 1
