1445241014 8
1445241014 147
1445241014 16
1445241014 102
1445241014 83
1445241015 8
1445241017 147
1445241020 160
1445241022 82
1445241022 67
1445241023 22
1445241023 102
1445241023 3
1445241023 75
1445241023 25
1445241023 25
1445241023 154
1445241052 102
1445241052 25
1445241052 25
1445241052 102
1445241112 75
1445241112 25
1445241120 102
1445241120 25
1445241120 25
1445241120 102
1445241180 75
1445241180 25
1445241189 102
1445241189 25
1445241189 25
1445241189 102
1445241246 75
1445241246 25
1445241255 102
1445241255 25
1445241255 25
1445241255 102
1445241302 75
1445241302 25
1445241309 102
1445241309 25
1445241309 25
1445241309 102
1445241354 75
1445241354 25
1445241360 102
1445241360 25
1445241360 25
1445241360 102
1445241395 75
1445241395 25
1445241406 102
1445241406 25
1445241406 25
1445241406 102
1445241435 75
1445241435 25
1445241447 67
1445241447 102
1445241447 25
1445241447 25
1445241482 75
1445241482 102
1445241483 160
