1445094486 8
1445094486 147
1445094486 16
1445094486 102
1445094486 83
1445094486 8
1445094487 147
1445094487 160
1445094488 82
1445094488 67
1445094489 22
1445094489 102
1445094489 3
1445094489 75
1445094489 25
1445094489 25
1445094489 154
1445094492 102
1445094492 25
1445094492 25
1445094492 102
1445094502 75
1445094502 25
1445094503 102
1445094503 25
1445094503 25
1445094503 102
1445094513 75
1445094513 25
1445094515 102
1445094515 25
1445094515 25
1445094515 102
1445094525 75
1445094525 25
1445094526 102
1445094526 25
1445094526 25
1445094526 102
1445094537 75
1445094537 25
1445094539 102
1445094539 25
1445094539 25
1445094539 102
1445094547 75
1445094547 25
1445094549 102
1445094549 25
1445094549 25
1445094549 102
1445094550 67
1445094558 75
1445094558 25
1445094558 102
1445094558 25
1445094558 25
1445094559 75
1445094560 102
1445094560 160
1445094604 129
1445094604 3
1445094604 16
1445094604 16
1445094604 111
