1445241486 8
1445241486 147
1445241486 16
1445241486 102
1445241486 83
1445241486 8
1445241487 147
1445241487 160
1445241488 82
1445241488 67
1445241488 22
1445241488 102
1445241488 3
1445241488 75
1445241488 25
1445241488 25
1445241488 154
1445241492 102
1445241492 25
1445241492 25
1445241492 102
1445241505 75
1445241505 25
1445241507 102
1445241507 25
1445241507 25
1445241507 102
1445241516 75
1445241516 25
1445241518 102
1445241518 25
1445241518 25
1445241518 102
1445241527 75
1445241527 25
1445241529 102
1445241529 25
1445241529 25
1445241529 102
1445241537 75
1445241539 25
1445241540 102
1445241540 25
1445241540 25
1445241540 102
1445241549 75
1445241549 25
1445241551 102
1445241551 25
1445241551 25
1445241551 102
1445241559 75
1445241559 25
1445241561 102
1445241561 25
1445241561 25
1445241561 102
1445241571 75
1445241571 25
1445241573 67
1445241573 102
1445241573 25
1445241573 25
1445241581 75
1445241581 102
1445241581 160
1445241612 129
1445241612 3
1445241613 16
1445241613 16
1445241613 111
