1445175956 19
1445175956 10
1445175956 16
1445175956 23
1445175956 6
1445175956 4
1445175957 2
1445175958 5
1445175958 8
1445175958 13
1445175959 7
1445175959 28
1445175959 12
1445175959 21
1445175959 25
1445175959 18
1445175959 9
1445175961 24
1445175961 17
1445175961 14
1445175961 28
1445175969 27
1445175969 15
1445175970 24
1445175970 17
1445175970 14
1445175970 28
1445175977 27
1445175977 15
1445175978 24
1445175978 17
1445175978 14
1445175978 28
1445175986 27
1445175987 15
1445175987 24
1445175987 17
1445175987 14
1445175987 28
1445175995 27
1445175995 15
1445175996 24
1445175996 17
1445175996 14
1445175996 28
1445176003 27
1445176003 15
1445176004 24
1445176004 17
1445176004 14
1445176004 28
1445176005 11
1445176012 27
1445176012 15
1445176012 24
1445176012 17
1445176012 14
1445176013 26
1445176013 22
1445176013 1
1445176033 3
1445176033 20
