1445175956 8
1445175956 147
1445175956 16
1445175956 102
1445175956 83
1445175956 8
1445175957 147
1445175958 160
1445175958 82
1445175958 67
1445175959 22
1445175959 102
1445175959 3
1445175959 75
1445175959 25
1445175959 25
1445175959 154
1445175961 102
1445175961 25
1445175961 25
1445175961 102
1445175969 75
1445175969 25
1445175970 102
1445175970 25
1445175970 25
1445175970 102
1445175977 75
1445175977 25
1445175978 102
1445175978 25
1445175978 25
1445175978 102
1445175986 75
1445175987 25
1445175987 102
1445175987 25
1445175987 25
1445175987 102
1445175995 75
1445175995 25
1445175996 102
1445175996 25
1445175996 25
1445175996 102
1445176003 75
1445176003 25
1445176004 102
1445176004 25
1445176004 25
1445176004 102
1445176005 67
1445176012 75
1445176012 25
1445176012 102
1445176012 25
1445176012 25
1445176013 75
1445176013 102
1445176013 160
1445176033 129
1445176033 3
