1445088465 22
1445088465 12
1445088465 14
1445088465 25
1445088465 6
1445088465 5
1445088466 2
1445088467 4
1445088467 7
1445088467 10
1445088467 8
1445088468 26
1445088468 13
1445088468 20
1445088468 24
1445088468 18
1445088468 11
1445088470 21
1445088470 15
1445088470 16
1445088470 26
1445088481 27
1445088481 17
1445088482 21
1445088482 15
1445088482 16
1445088482 26
1445088491 27
1445088493 17
1445088495 21
1445088495 15
1445088495 16
1445088495 26
1445088505 27
1445088505 17
1445088506 21
1445088506 15
1445088506 16
1445088506 26
1445088515 27
1445088515 17
1445088516 21
1445088516 15
1445088516 16
1445088516 26
1445088524 27
1445088526 17
1445088527 21
1445088527 15
1445088527 16
1445088527 26
1445088536 27
1445088536 17
1445088537 9
1445088537 21
1445088537 15
1445088537 16
1445088540 28
1445088540 23
1445088540 1
1445088565 3
1445088565 19
