1445088465 8
1445088465 147
1445088465 16
1445088465 102
1445088465 83
1445088465 8
1445088466 147
1445088467 160
1445088467 82
1445088467 67
1445088467 22
1445088468 102
1445088468 3
1445088468 75
1445088468 25
1445088468 25
1445088468 154
1445088470 102
1445088470 25
1445088470 25
1445088470 102
1445088481 75
1445088481 25
1445088482 102
1445088482 25
1445088482 25
1445088482 102
1445088491 75
1445088493 25
1445088495 102
1445088495 25
1445088495 25
1445088495 102
1445088505 75
1445088505 25
1445088506 102
1445088506 25
1445088506 25
1445088506 102
1445088515 75
1445088515 25
1445088516 102
1445088516 25
1445088516 25
1445088516 102
1445088524 75
1445088526 25
1445088527 102
1445088527 25
1445088527 25
1445088527 102
1445088536 75
1445088536 25
1445088537 67
1445088537 102
1445088537 25
1445088537 25
1445088540 75
1445088540 102
1445088540 160
1445088565 129
1445088565 3
