1445248417 8
1445248418 147
1445248418 16
1445248418 102
1445248418 83
1445248418 8
1445248418 147
1445248421 160
1445248422 82
1445248423 67
1445248426 22
1445248427 102
1445248427 3
1445248427 75
1445248427 25
1445248427 25
1445248427 154
1445248441 102
1445248441 25
1445248441 25
1445248441 102
1445248477 75
1445248477 25
1445248487 102
1445248487 25
1445248487 25
1445248487 102
1445248519 75
1445248519 25
1445248534 102
1445248534 25
1445248534 25
1445248534 102
1445248559 75
1445248559 25
1445248568 102
1445248568 25
1445248568 25
1445248568 102
1445248589 75
1445248589 25
1445248593 102
1445248593 25
1445248593 25
1445248593 102
1445248614 75
1445248614 25
1445248619 102
1445248619 25
1445248619 25
1445248619 102
1445248644 75
1445248644 25
1445248649 102
1445248649 25
1445248649 25
1445248649 102
1445248676 75
1445248676 25
1445248680 67
1445248680 102
1445248680 25
1445248680 25
1445248702 75
1445248702 102
1445248703 160
1445248771 129
1445248772 3
1445248772 16
1445248772 16
1445248772 111
