1445163641 25
1445163641 12
1445163641 15
1445163641 20
1445163641 6
1445163641 5
1445163642 2
1445163643 4
1445163643 8
1445163643 11
1445163644 7
1445163644 28
1445163644 9
1445163644 23
1445163644 18
1445163644 19
1445163644 10
1445163647 21
1445163647 14
1445163647 17
1445163647 28
1445163660 26
1445163660 16
1445163663 21
1445163663 14
1445163663 17
1445163663 28
1445163674 26
1445163674 16
1445163676 21
1445163676 14
1445163676 17
1445163676 28
1445163687 26
1445163687 16
1445163689 21
1445163689 14
1445163689 17
1445163689 28
1445163701 26
1445163701 16
1445163703 21
1445163703 14
1445163703 17
1445163703 28
1445163714 26
1445163714 16
1445163716 21
1445163716 14
1445163716 17
1445163716 28
1445163728 26
1445163728 16
1445163730 21
1445163730 14
1445163730 17
1445163730 28
1445163741 26
1445163741 16
1445163742 13
1445163742 21
1445163742 14
1445163742 17
1445163750 27
1445163763 22
1445163763 1
1445163790 3
1445163790 24
