1445088519 16
1445088519 10
1445088519 14
1445088519 15
1445088519 4
1445088520 2
1445088521 1
1445088523 3
1445088524 5
1445088525 7
1445088533 6
1445088533 21
1445088533 9
1445088533 18
1445088533 19
1445088533 17
1445088534 8
1445088543 20
1445088543 12
1445088543 11
1445088543 21
1445088584 22
1445088585 13
1445088590 20
1445088590 12
1445088590 11
1445088590 21
1445088630 22
1445088630 13
1445088635 20
1445088635 12
1445088635 11
1445088635 21
1445088673 22
1445088673 13
1445088676 20
1445088676 12
1445088676 11
1445088676 21
