1445088519 8
1445088519 147
1445088519 16
1445088519 102
1445088519 83
1445088520 8
1445088521 147
1445088523 160
1445088524 82
1445088525 67
1445088533 22
1445088533 102
1445088533 3
1445088533 75
1445088533 25
1445088533 25
1445088534 154
1445088543 102
1445088543 25
1445088543 25
1445088543 102
1445088584 75
1445088585 25
1445088590 102
1445088590 25
1445088590 25
1445088590 102
1445088630 75
1445088630 25
1445088635 102
1445088635 25
1445088635 25
1445088635 102
1445088673 75
1445088673 25
1445088676 102
1445088676 25
1445088676 25
1445088676 102
