1445235904 20
1445235904 11
1445235904 15
1445235904 21
1445235904 6
1445235904 3
1445235905 2
1445235906 5
1445235906 7
1445235906 13
1445235907 8
1445235907 27
1445235907 9
1445235907 22
1445235907 18
1445235907 25
1445235907 12
1445235909 24
1445235909 16
1445235909 17
1445235909 27
1445235920 26
1445235921 14
1445235923 24
1445235923 16
1445235923 17
1445235923 27
1445235931 26
1445235931 14
1445235932 24
1445235932 16
1445235932 17
1445235932 27
1445235943 26
1445235950 14
1445235951 24
1445235951 16
1445235951 17
1445235951 27
1445235961 26
1445235962 14
1445235963 24
1445235963 16
1445235963 17
1445235963 27
1445235971 26
1445235971 14
1445235972 24
1445235972 16
1445235972 17
1445235972 27
1445235973 10
1445235981 26
1445235981 14
1445235981 24
1445235981 16
1445235981 17
1445235982 28
1445235982 23
1445235982 1
1445236007 4
1445236007 19
