1445094766 21
1445094766 9
1445094766 15
1445094766 22
1445094766 5
1445094766 3
1445094766 2
1445094766 4
1445094767 6
1445094767 10
1445094767 7
1445094767 26
1445094767 8
1445094767 17
1445094767 18
1445094767 20
1445094767 12
1445094770 23
1445094770 16
1445094770 14
1445094770 26
1445094781 24
1445094781 13
1445094783 23
1445094783 16
1445094783 14
1445094783 26
1445094794 24
1445094796 13
1445094797 23
1445094797 16
1445094797 14
1445094797 26
1445094807 24
1445094810 13
1445094811 23
1445094811 16
1445094811 14
1445094811 26
1445094820 24
1445094822 13
1445094823 23
1445094823 16
1445094823 14
1445094823 26
1445094832 24
1445094832 13
1445094833 23
1445094833 16
1445094833 14
1445094833 26
1445094834 11
1445094842 24
1445094842 13
1445094842 23
1445094842 16
1445094842 14
1445094843 25
1445094843 19
1445094843 1
