1445094766 8
1445094766 147
1445094766 16
1445094766 102
1445094766 83
1445094766 8
1445094766 147
1445094766 160
1445094767 82
1445094767 67
1445094767 22
1445094767 102
1445094767 3
1445094767 75
1445094767 25
1445094767 25
1445094767 154
1445094770 102
1445094770 25
1445094770 25
1445094770 102
1445094781 75
1445094781 25
1445094783 102
1445094783 25
1445094783 25
1445094783 102
1445094794 75
1445094796 25
1445094797 102
1445094797 25
1445094797 25
1445094797 102
1445094807 75
1445094810 25
1445094811 102
1445094811 25
1445094811 25
1445094811 102
1445094820 75
1445094822 25
1445094823 102
1445094823 25
1445094823 25
1445094823 102
1445094832 75
1445094832 25
1445094833 102
1445094833 25
1445094833 25
1445094833 102
1445094834 67
1445094842 75
1445094842 25
1445094842 102
1445094842 25
1445094842 25
1445094843 75
1445094843 102
1445094843 160
