1445076851 20
1445076851 11
1445076851 17
1445076851 21
1445076851 6
1445076851 5
1445076851 2
1445076852 4
1445076853 8
1445076853 10
1445076853 7
1445076853 27
1445076853 13
1445076853 19
1445076853 23
1445076853 22
1445076853 9
1445076856 18
1445076856 16
1445076856 15
1445076856 27
1445076867 26
1445076867 14
1445076869 18
1445076869 16
1445076869 15
1445076869 27
1445076879 26
1445076879 14
1445076882 18
1445076882 16
1445076882 15
1445076882 27
1445076894 26
1445076894 14
1445076896 18
1445076896 16
1445076896 15
1445076896 27
1445076906 26
1445076906 14
1445076909 18
1445076909 16
1445076909 15
1445076909 27
1445076919 26
1445076919 14
1445076922 18
1445076922 16
1445076922 15
1445076922 27
1445076931 26
1445076931 14
1445076934 18
1445076934 16
1445076934 15
1445076934 27
1445076943 26
1445076943 14
1445076945 12
1445076945 18
1445076945 16
1445076945 15
1445076953 28
1445076953 24
1445076953 1
1445076983 3
1445076983 25
