1445076851 8
1445076851 147
1445076851 16
1445076851 102
1445076851 83
1445076851 8
1445076851 147
1445076852 160
1445076853 82
1445076853 67
1445076853 22
1445076853 102
1445076853 3
1445076853 75
1445076853 25
1445076853 25
1445076853 154
1445076856 102
1445076856 25
1445076856 25
1445076856 102
1445076867 75
1445076867 25
1445076869 102
1445076869 25
1445076869 25
1445076869 102
1445076879 75
1445076879 25
1445076882 102
1445076882 25
1445076882 25
1445076882 102
1445076894 75
1445076894 25
1445076896 102
1445076896 25
1445076896 25
1445076896 102
1445076906 75
1445076906 25
1445076909 102
1445076909 25
1445076909 25
1445076909 102
1445076919 75
1445076919 25
1445076922 102
1445076922 25
1445076922 25
1445076922 102
1445076931 75
1445076931 25
1445076934 102
1445076934 25
1445076934 25
1445076934 102
1445076943 75
1445076943 25
1445076945 67
1445076945 102
1445076945 25
1445076945 25
1445076953 75
1445076953 102
1445076953 160
1445076983 129
1445076983 3
