1445241335 24
1445241336 12
1445241336 16
1445241336 23
1445241336 6
1445241336 4
1445241336 2
1445241337 3
1445241337 8
1445241337 9
1445241338 7
1445241338 28
1445241338 11
1445241338 19
1445241338 25
1445241338 21
1445241338 13
1445241341 18
1445241341 15
1445241341 17
1445241341 28
1445241351 26
1445241351 14
1445241352 18
1445241352 15
1445241352 17
1445241352 28
1445241361 26
1445241361 14
1445241363 18
1445241363 15
1445241363 17
1445241363 28
1445241372 26
1445241372 14
1445241373 18
1445241373 15
1445241373 17
1445241373 28
1445241384 26
1445241384 14
1445241386 18
1445241386 15
1445241386 17
1445241386 28
1445241395 26
1445241395 14
1445241396 18
1445241396 15
1445241396 17
1445241396 28
1445241405 26
1445241405 14
1445241408 18
1445241408 15
1445241408 17
1445241408 28
1445241419 26
1445241419 14
1445241421 10
1445241421 18
1445241421 15
1445241421 17
1445241431 27
1445241431 20
1445241431 1
1445241462 5
1445241463 22
