1445241335 8
1445241336 147
1445241336 16
1445241336 102
1445241336 83
1445241336 8
1445241336 147
1445241337 160
1445241337 82
1445241337 67
1445241338 22
1445241338 102
1445241338 3
1445241338 75
1445241338 25
1445241338 25
1445241338 154
1445241341 102
1445241341 25
1445241341 25
1445241341 102
1445241351 75
1445241351 25
1445241352 102
1445241352 25
1445241352 25
1445241352 102
1445241361 75
1445241361 25
1445241363 102
1445241363 25
1445241363 25
1445241363 102
1445241372 75
1445241372 25
1445241373 102
1445241373 25
1445241373 25
1445241373 102
1445241384 75
1445241384 25
1445241386 102
1445241386 25
1445241386 25
1445241386 102
1445241395 75
1445241395 25
1445241396 102
1445241396 25
1445241396 25
1445241396 102
1445241405 75
1445241405 25
1445241408 102
1445241408 25
1445241408 25
1445241408 102
1445241419 75
1445241419 25
1445241421 67
1445241421 102
1445241421 25
1445241421 25
1445241431 75
1445241431 102
1445241431 160
1445241462 129
1445241463 3
