1445089516 19
1445089516 9
1445089516 17
1445089516 23
1445089516 6
1445089516 5
1445089517 2
1445089518 4
1445089519 8
1445089519 12
1445089519 7
1445089519 28
1445089519 13
1445089519 18
1445089519 20
1445089519 22
1445089519 10
1445089522 21
1445089522 16
1445089522 15
1445089522 28
1445089530 27
1445089530 14
1445089532 21
1445089532 16
1445089532 15
1445089532 28
1445089544 27
1445089544 14
1445089546 21
1445089546 16
1445089546 15
1445089546 28
1445089554 27
1445089554 14
1445089555 21
1445089555 16
1445089555 15
1445089555 28
1445089563 27
1445089563 14
1445089564 21
1445089564 16
1445089564 15
1445089564 28
1445089572 27
1445089572 14
1445089573 21
1445089573 16
1445089573 15
1445089573 28
1445089573 11
1445089581 27
1445089581 14
1445089581 21
1445089581 16
1445089581 15
1445089583 26
1445089583 25
1445089583 1
1445089632 3
1445089632 24
