1445089516 8
1445089516 147
1445089516 16
1445089516 102
1445089516 83
1445089516 8
1445089517 147
1445089518 160
1445089519 82
1445089519 67
1445089519 22
1445089519 102
1445089519 3
1445089519 75
1445089519 25
1445089519 25
1445089519 154
1445089522 102
1445089522 25
1445089522 25
1445089522 102
1445089530 75
1445089530 25
1445089532 102
1445089532 25
1445089532 25
1445089532 102
1445089544 75
1445089544 25
1445089546 102
1445089546 25
1445089546 25
1445089546 102
1445089554 75
1445089554 25
1445089555 102
1445089555 25
1445089555 25
1445089555 102
1445089563 75
1445089563 25
1445089564 102
1445089564 25
1445089564 25
1445089564 102
1445089572 75
1445089572 25
1445089573 102
1445089573 25
1445089573 25
1445089573 102
1445089573 67
1445089581 75
1445089581 25
1445089581 102
1445089581 25
1445089581 25
1445089583 75
1445089583 102
1445089583 160
1445089632 129
1445089632 3
