1445071679 23
1445071679 8
1445071679 14
1445071680 17
1445071680 5
1445071680 3
1445071681 2
1445071682 4
1445071683 7
1445071683 9
1445071684 6
1445071684 26
1445071684 10
1445071684 20
1445071684 22
1445071684 19
1445071684 11
1445071704 18
1445071704 13
1445071704 15
1445071704 26
1445071727 24
1445071727 16
1445071741 18
1445071741 13
1445071741 15
1445071741 26
1445071762 24
1445071762 16
1445071788 18
1445071788 13
1445071788 15
1445071788 26
1445071812 24
1445071812 16
1445071823 18
1445071823 13
1445071823 15
1445071823 26
1445071845 24
1445071845 16
1445071863 18
1445071863 13
1445071863 15
1445071863 26
1445071879 24
1445071879 16
1445071902 18
1445071902 13
1445071902 15
1445071902 26
1445071927 24
1445071927 16
1445071949 18
1445071949 13
1445071949 15
1445071949 26
1445071972 24
1445071972 16
1445071977 12
1445071977 18
1445071977 13
1445071977 15
1445071997 25
1445071997 21
1445071998 1
