1445094684 22
1445094684 14
1445094684 16
1445094684 26
1445094684 6
1445094685 3
1445094685 2
1445094687 4
1445094688 8
1445094688 12
1445094689 7
1445094689 30
1445094689 11
1445094689 25
1445094689 21
1445094689 28
1445094689 10
1445094693 24
1445094693 17
1445094693 18
1445094693 30
1445094703 31
1445094703 20
1445094704 24
1445094704 17
1445094704 18
1445094704 30
1445094715 31
1445094715 20
1445094716 24
1445094716 17
1445094716 18
1445094716 30
1445094725 31
1445094725 20
1445094726 24
1445094726 17
1445094726 18
1445094726 30
1445094734 31
1445094734 20
1445094734 24
1445094734 17
1445094734 18
1445094734 30
1445094742 31
1445094742 20
1445094743 24
1445094743 17
1445094743 18
1445094743 30
1445094744 13
1445094751 31
1445094751 20
1445094751 24
1445094751 17
1445094751 18
1445094752 29
1445094752 23
1445094752 1
1445094786 5
1445094786 27
1445094786 15
1445094786 19
1445094786 9
