1445067945 8
1445067945 147
1445067945 16
1445067946 102
1445067946 83
1445067946 8
1445067946 147
1445067947 160
1445067947 82
1445067947 67
1445067948 22
1445067948 102
1445067948 3
1445067948 75
1445067948 25
1445067948 25
1445067948 154
1445067951 102
1445067951 25
1445067951 25
1445067951 102
1445067960 75
1445067960 25
1445067964 102
1445067964 25
1445067964 25
1445067964 102
1445067972 75
1445067972 25
1445067976 102
1445067976 25
1445067976 25
1445067976 102
1445067984 75
1445067984 25
1445067988 102
1445067988 25
1445067988 25
1445067988 102
1445067997 75
1445067997 25
1445067999 102
1445067999 25
1445067999 25
1445067999 102
1445068007 75
1445068007 25
1445068011 102
1445068011 25
1445068011 25
1445068011 102
1445068020 75
1445068020 25
1445068024 102
1445068024 25
1445068024 25
1445068024 102
1445068033 75
1445068033 25
1445068035 67
1445068035 102
1445068035 25
1445068035 25
1445068044 75
1445068044 102
1445068044 160
1445068067 129
1445068067 3
