1445089527 23
1445089527 12
1445089527 15
1445089527 19
1445089527 5
1445089527 4
1445089528 2
1445089528 3
1445089528 6
1445089528 8
1445089529 7
1445089529 25
1445089529 11
1445089529 21
1445089529 22
1445089529 17
1445089529 10
1445089534 18
1445089534 13
1445089534 14
1445089534 25
1445089544 26
1445089544 16
1445089549 18
1445089549 13
1445089549 14
1445089549 25
1445089558 26
1445089558 16
1445089562 18
1445089562 13
1445089562 14
1445089562 25
1445089570 26
1445089570 16
1445089574 18
1445089574 13
1445089574 14
1445089574 25
1445089583 26
1445089583 16
1445089587 18
1445089587 13
1445089587 14
1445089587 25
1445089596 26
1445089596 16
1445089599 18
1445089599 13
1445089599 14
1445089599 25
1445089600 9
1445089608 26
1445089608 16
1445089608 18
1445089608 13
1445089608 14
1445089610 24
1445089610 20
1445089610 1
