1445090504 20
1445090504 9
1445090504 14
1445090504 23
1445090504 6
1445090505 5
1445090505 2
1445090505 4
1445090506 8
1445090506 13
1445090506 7
1445090506 27
1445090506 11
1445090506 24
1445090506 18
1445090506 25
1445090506 10
1445090508 22
1445090508 15
1445090508 17
1445090508 27
1445090517 26
1445090517 16
1445090518 22
1445090518 15
1445090518 17
1445090518 27
1445090526 26
1445090526 16
1445090528 22
1445090528 15
1445090528 17
1445090528 27
1445090537 26
1445090537 16
1445090538 22
1445090538 15
1445090538 17
1445090538 27
1445090547 26
1445090547 16
1445090548 22
1445090548 15
1445090548 17
1445090548 27
1445090557 26
1445090557 16
1445090558 22
1445090558 15
1445090558 17
1445090558 27
1445090558 12
1445090565 26
1445090565 16
1445090565 22
1445090565 15
1445090565 17
1445090566 28
1445090567 19
1445090567 1
1445090602 3
1445090602 21
