1445163428 24
1445163429 10
1445163429 16
1445163429 25
1445163429 6
1445163429 5
1445163429 2
1445163430 3
1445163431 7
1445163431 9
1445163431 8
1445163431 29
1445163431 13
1445163431 23
1445163431 28
1445163431 27
1445163431 12
1445163435 26
1445163435 18
1445163435 19
1445163435 29
1445163448 31
1445163448 17
1445163450 26
1445163450 18
1445163450 19
1445163450 29
1445163461 31
1445163461 17
1445163463 11
1445163463 26
1445163463 18
1445163463 19
1445163470 30
1445163470 22
1445163470 1
1445163481 4
1445163481 21
1445163481 15
1445163481 20
1445163481 14
