1445092133 22
1445092133 19
1445092133 20
1445092133 21
1445092133 14
1445092134 12
1445092134 3
1445092135 13
1445092135 16
1445092135 18
1445092136 17
1445092136 15
1445092136 10
1445092136 6
1445092136 8
1445092136 6
1445092136 8
1445092136 9
1445092136 1
1445092136 1
1445092136 7
1445092136 2
1445092136 7
1445092136 2
1445092138 11
1445092138 4
1445092138 6
1445092138 8
1445092138 11
1445092141 1
1445092141 7
1445092141 2
1445092141 5
1445092141 6
1445092141 8
1445092141 1
1445092141 7
1445092141 2
1445092144 11
1445092144 7
1445092144 2
1445092144 11
1445092146 11
1445092146 7
1445092146 2
