1445092133 8
1445092133 147
1445092133 16
1445092133 102
1445092133 83
1445092134 8
1445092134 147
1445092135 160
1445092135 82
1445092135 67
1445092136 154
1445092136 0
1445092136 58
1445092136 78
1445092136 78
1445092136 78
1445092136 78
1445092136 58
1445092136 60
1445092136 60
1445092136 60
1445092136 167
1445092136 60
1445092136 167
1445092138 167
1445092138 1
1445092138 78
1445092138 78
1445092138 167
1445092141 60
1445092141 60
1445092141 167
1445092141 1
1445092141 78
1445092141 78
1445092141 60
1445092141 60
1445092141 167
1445092144 167
1445092144 60
1445092144 167
1445092144 167
1445092146 167
1445092146 60
1445092146 167
