1445175279 25
1445175279 13
1445175279 15
1445175279 18
1445175279 6
1445175279 4
1445175279 2
1445175280 3
1445175281 7
1445175281 11
1445175282 8
1445175282 26
1445175282 10
1445175282 19
1445175282 20
1445175282 23
1445175282 9
1445175284 22
1445175284 16
1445175284 17
1445175284 26
1445175293 27
1445175293 14
1445175293 22
1445175293 16
1445175293 17
1445175293 26
1445175301 27
1445175301 14
1445175302 22
1445175302 16
1445175302 17
1445175302 26
1445175309 27
1445175309 14
1445175310 22
1445175310 16
1445175310 17
1445175310 26
1445175318 27
1445175318 14
1445175318 22
1445175318 16
1445175318 17
1445175318 26
1445175326 27
1445175326 14
1445175327 22
1445175327 16
1445175327 17
1445175327 26
1445175331 12
1445175334 27
1445175334 14
1445175334 22
1445175334 16
1445175334 17
1445175335 28
1445175335 24
1445175335 1
1445175357 5
1445175357 21
