1445092203 8
1445092203 147
1445092203 16
1445092203 102
1445092203 83
1445092203 8
1445092204 147
1445092204 160
1445092204 82
1445092204 67
1445092204 154
1445092204 0
1445092204 58
1445092204 78
1445092204 78
1445092204 78
1445092204 78
1445092204 58
1445092204 60
1445092204 60
1445092204 60
1445092204 167
1445092204 60
1445092204 167
1445092206 167
1445092206 1
1445092206 78
1445092206 78
1445092206 60
1445092206 60
1445092206 167
1445092208 167
1445092208 60
1445092208 167
1445092209 167
1445092209 1
1445092209 78
1445092209 78
1445092209 60
1445092209 60
1445092209 167
1445092209 167
1445092209 60
1445092209 167
1445092211 167
1445092211 60
1445092211 167
1445092212 167
1445092212 1
1445092213 167
1445092213 60
1445092213 167
1445092216 167
1445092216 60
1445092216 167
1445092239 167
1445092239 60
1445092239 167
1445092251 167
1445092251 1
1445092251 58
1445092251 0
1445092300 120
1445092300 120
1445092300 102
1445092314 160
1445092315 60
1445092663 168
1445092663 158
1445092663 117
1445092663 117
1445092663 149
1445092663 168
1445092663 168
1445092782 129
1445092782 129
1445092782 167
1445092782 3
