1445248394 23
1445248394 9
1445248394 14
1445248394 22
1445248394 6
1445248394 3
1445248395 2
1445248396 4
1445248397 8
1445248397 12
1445248397 7
1445248397 27
1445248397 10
1445248397 25
1445248397 20
1445248397 18
1445248397 11
1445248402 24
1445248402 16
1445248402 17
1445248402 27
1445248411 26
1445248411 15
1445248413 24
1445248413 16
1445248413 17
1445248413 27
1445248423 26
1445248423 15
1445248424 24
1445248424 16
1445248424 17
1445248424 27
1445248434 26
1445248434 15
1445248436 24
1445248436 16
1445248436 17
1445248436 27
1445248444 26
1445248444 15
1445248445 24
1445248445 16
1445248445 17
1445248445 27
1445248455 26
1445248455 15
1445248456 24
1445248456 16
1445248456 17
1445248456 27
1445248464 26
1445248464 15
1445248466 24
1445248466 16
1445248466 17
1445248466 27
1445248475 26
1445248475 15
1445248476 13
1445248476 24
1445248476 16
1445248476 17
1445248482 28
1445248482 21
1445248482 1
1445248517 5
1445248517 19
