1445248394 8
1445248394 147
1445248394 16
1445248394 102
1445248394 83
1445248394 8
1445248395 147
1445248396 160
1445248397 82
1445248397 67
1445248397 22
1445248397 102
1445248397 3
1445248397 75
1445248397 25
1445248397 25
1445248397 154
1445248402 102
1445248402 25
1445248402 25
1445248402 102
1445248411 75
1445248411 25
1445248413 102
1445248413 25
1445248413 25
1445248413 102
1445248423 75
1445248423 25
1445248424 102
1445248424 25
1445248424 25
1445248424 102
1445248434 75
1445248434 25
1445248436 102
1445248436 25
1445248436 25
1445248436 102
1445248444 75
1445248444 25
1445248445 102
1445248445 25
1445248445 25
1445248445 102
1445248455 75
1445248455 25
1445248456 102
1445248456 25
1445248456 25
1445248456 102
1445248464 75
1445248464 25
1445248466 102
1445248466 25
1445248466 25
1445248466 102
1445248475 75
1445248475 25
1445248476 67
1445248476 102
1445248476 25
1445248476 25
1445248482 75
1445248482 102
1445248482 160
1445248517 129
1445248517 3
