1445235694 54
1445235695 54
1445235695 54
1445235695 54
1445235696 54
1445235696 54
1445235696 54
1445235696 54
1445235696 54
1445235696 54
1445235696 54
1445235696 54
1445235696 54
1445235696 54
1445235696 54
1445235696 54
1445235696 54
1445235696 54
1445235696 54
1445235696 54
1445235696 54
1445235696 54
1445235696 54
1445235696 54
1445235696 54
1445235696 54
1445235696 54
1445235696 54
1445235696 54
1445235696 54
1445235697 54
1445235697 54
1445235697 54
1445235697 54
1445235697 11
1445235697 54
1445235697 54
1445235697 54
1445235697 54
1445235697 54
1445235697 54
1445235697 54
1445235697 48
1445235697 2
1445235697 42
1445235697 54
1445235698 54
1445235698 54
1445235698 54
1445235698 54
1445235698 54
1445235698 54
1445235698 54
1445235698 54
1445235698 54
1445235698 54
1445235698 54
1445235698 54
1445235698 54
1445235698 54
1445235698 54
1445235698 54
1445235698 54
1445235698 54
1445235698 54
1445235698 54
1445235698 54
1445235698 54
1445235698 54
1445235698 54
1445235698 54
1445235698 54
1445235698 54
1445235698 54
1445235698 54
1445235698 54
1445235698 54
1445235698 54
1445235698 54
1445235698 54
1445235698 54
1445235698 54
1445235698 54
1445235698 54
1445235698 54
1445235698 54
1445235698 54
1445235698 54
1445235698 54
1445235698 54
1445235698 54
1445235698 54
1445235698 54
1445235698 54
1445235698 54
1445235698 54
1445235698 54
1445235698 54
1445235698 54
1445235698 54
1445235698 54
1445235698 54
1445235698 54
1445235698 54
1445235698 54
1445235698 54
1445235698 54
1445235698 54
1445235699 54
1445235699 54
1445235699 54
1445235699 54
1445235700 54
1445235700 54
1445235701 54
1445235701 54
1445235702 54
1445235702 54
1445235702 54
1445235702 54
1445235702 54
1445235702 54
1445235702 54
1445235702 54
1445235702 54
1445235702 54
1445235702 54
1445235702 54
1445235702 54
1445235702 54
1445235702 54
1445235702 54
1445235703 54
1445235703 54
1445235703 54
1445235703 54
1445235703 54
1445235703 54
1445235703 54
1445235703 54
1445235704 54
1445235704 54
1445235704 54
1445235704 54
1445235704 54
1445235704 54
1445235704 54
1445235704 54
1445235704 54
1445235704 54
1445235704 54
1445235705 54
1445235705 54
1445235705 54
1445235705 54
1445235705 54
1445235705 54
1445235705 54
1445235705 54
1445235706 54
1445235706 54
1445235706 54
1445235706 54
1445235706 54
1445235706 54
1445235706 54
1445235706 54
1445235706 54
1445235706 54
1445235706 54
1445235706 54
1445235706 54
1445235706 54
1445235706 54
1445235706 54
1445235707 54
1445235707 54
1445235707 54
1445235708 54
1445235708 54
1445235709 54
1445235709 54
1445235710 54
1445235710 54
1445235710 54
1445235711 54
1445235711 54
1445235711 54
1445235711 54
1445235711 54
1445235711 54
1445235711 54
1445235712 54
1445235712 54
1445235713 54
1445235713 54
1445235714 54
1445235714 54
1445235714 54
1445235714 54
1445235714 54
1445235715 54
1445235715 54
1445235716 54
1445235716 54
1445235717 54
1445235717 54
1445235718 54
1445235718 54
1445235719 54
1445235719 54
1445235720 54
1445235720 54
1445235721 54
1445235721 54
1445235722 54
1445235722 54
1445235723 54
1445235723 54
1445235724 54
1445235724 54
1445235724 54
1445235725 54
1445235725 54
1445235726 54
1445235726 54
1445235727 54
1445235727 54
1445235727 54
1445235728 54
1445235728 54
1445235729 54
1445235729 54
1445235730 54
1445235730 54
1445235730 54
1445235730 54
1445235731 54
1445235731 54
1445235732 54
1445235732 54
1445235733 54
1445235733 54
1445235733 54
1445235733 54
1445235734 54
1445235734 54
1445235734 54
1445235735 54
1445235735 54
1445235736 54
1445235736 54
1445235736 54
1445235736 54
1445235737 54
1445235737 54
1445235737 54
1445235738 54
1445235738 54
1445235739 54
1445235739 54
1445235739 54
1445235739 54
1445235740 54
1445235740 54
1445235740 54
1445235741 54
1445235741 54
1445235742 54
1445235742 54
1445235742 54
1445235743 54
1445235743 54
1445235743 54
1445235743 54
1445235744 54
1445235744 54
1445235745 54
1445235745 54
1445235745 54
1445235746 54
1445235746 54
1445235746 54
1445235746 54
1445235747 54
1445235747 54
1445235748 54
1445235748 54
1445235749 54
1445235749 54
1445235749 54
1445235750 54
1445235750 54
1445235750 54
1445235750 54
1445235751 54
1445235751 54
1445235752 54
1445235752 54
1445235753 54
1445235753 54
1445235753 54
1445235753 54
1445235754 54
1445235754 54
1445235754 54
1445235755 54
1445235755 54
1445235756 54
1445235756 54
1445235757 54
1445235757 54
1445235757 54
1445235757 54
1445235758 54
1445235758 54
1445235759 54
1445235759 54
1445235759 54
1445235760 54
1445235760 54
1445235760 54
1445235761 54
1445235761 54
1445235762 54
1445235762 54
1445235762 54
1445235763 54
1445235763 54
1445235763 54
1445235764 54
1445235764 54
1445235764 54
1445235765 54
1445235765 54
1445235766 54
1445235766 54
1445235767 54
1445235767 54
1445235767 54
1445235767 54
1445235767 54
1445235768 54
1445235768 54
1445235769 54
1445235769 54
1445235770 54
1445235770 54
1445235771 54
1445235771 54
1445235771 54
1445235771 54
1445235771 54
1445235771 54
1445235771 54
1445235771 54
1445235771 54
1445235771 54
1445235771 54
1445235771 54
1445235771 54
1445235771 54
1445235771 54
1445235771 54
1445235771 54
1445235772 54
1445235772 54
1445235772 54
1445235772 54
1445235773 54
1445235773 54
1445235773 54
1445235773 54
1445235773 54
1445235774 54
1445235774 54
1445235775 54
1445235775 54
1445235775 54
1445235775 54
1445235776 54
1445235776 54
1445235776 54
1445235777 54
1445235777 54
1445235778 54
1445235778 54
1445235778 54
1445235779 54
1445235779 54
1445235779 54
1445235780 54
1445235780 54
1445235780 54
1445235781 54
1445235781 54
1445235781 54
1445235782 54
1445235782 54
1445235782 54
1445235783 54
1445235783 54
1445235783 54
1445235783 54
1445235783 54
1445235783 54
1445235783 54
1445235783 54
1445235783 54
1445235783 54
1445235783 54
1445235783 54
1445235783 54
1445235783 54
1445235783 54
1445235783 54
1445235784 54
1445235784 54
1445235784 54
1445235784 54
1445235784 54
1445235784 54
1445235784 54
1445235784 54
1445235784 54
1445235784 54
1445235784 54
1445235784 54
1445235784 54
1445235784 54
1445235784 54
1445235784 54
1445235784 54
1445235785 54
1445235785 54
1445235785 54
1445235785 54
1445235785 54
1445235785 54
1445235785 54
1445235785 54
1445235786 54
1445235786 54
1445235786 54
1445235786 54
1445235787 54
1445235787 54
1445235787 54
1445235787 54
1445235788 54
1445235788 54
1445235789 54
1445235789 54
1445235789 54
1445235789 54
1445235789 54
1445235790 54
1445235790 54
1445235790 54
1445235791 54
1445235791 54
1445235792 54
1445235792 54
1445235792 54
1445235793 54
1445235793 54
1445235793 54
1445235793 54
1445235793 54
1445235794 54
1445235794 54
1445235794 54
1445235794 54
1445235795 54
1445235795 54
1445235796 54
1445235796 54
1445235796 54
1445235796 54
1445235796 54
1445235797 54
1445235797 54
1445235797 54
1445235798 54
1445235798 54
1445235798 54
1445235798 54
1445235799 54
1445235799 54
1445235799 54
1445235799 54
1445235800 54
1445235800 54
1445235800 54
1445235800 54
1445235801 54
1445235801 54
1445235801 54
1445235802 54
1445235802 54
1445235802 54
1445235802 54
1445235802 54
1445235803 54
1445235803 54
1445235803 54
1445235803 54
1445235804 54
1445235804 54
1445235805 54
1445235805 54
1445235805 54
1445235805 54
1445235806 54
1445235806 54
1445235806 54
1445235806 54
1445235807 54
1445235807 54
1445235807 54
1445235807 54
1445235808 54
1445235808 54
1445235808 54
1445235808 54
1445235809 54
1445235809 54
1445235809 54
1445235810 54
1445235810 54
1445235810 54
1445235811 54
1445235811 54
1445235811 54
1445235811 54
1445235811 54
1445235811 54
1445235812 54
1445235812 54
1445235812 54
1445235813 54
1445235813 54
1445235814 54
1445235814 54
1445235814 54
1445235814 54
1445235814 54
1445235815 54
1445235815 54
1445235815 54
1445235815 54
1445235816 54
1445235816 54
1445235816 54
1445235817 54
1445235817 54
1445235817 54
1445235817 54
1445235817 54
1445235817 54
1445235817 54
1445235817 54
1445235817 54
1445235817 54
1445235817 54
1445235817 54
1445235817 54
1445235817 54
1445235817 54
1445235817 54
1445235817 54
1445235817 54
1445235818 54
1445235818 54
1445235818 54
1445235818 54
1445235819 54
1445235819 54
1445235819 54
1445235820 54
1445235820 54
1445235820 54
1445235820 54
1445235820 54
1445235820 54
1445235821 54
1445235821 54
1445235821 54
1445235821 54
1445235821 54
1445235821 54
1445235821 54
1445235821 54
1445235821 54
1445235821 54
1445235821 54
1445235821 54
1445235821 54
1445235821 54
1445235821 54
1445235821 54
1445235821 54
1445235822 54
1445235822 54
1445235822 54
1445235822 54
1445235822 54
1445235822 54
1445235822 54
1445235822 54
1445235822 54
1445235822 54
1445235822 54
1445235822 54
1445235822 54
1445235822 54
1445235822 54
1445235822 54
1445235822 54
1445235822 54
1445235822 54
1445235822 54
1445235822 54
1445235822 54
1445235822 54
1445235822 54
1445235822 54
1445235822 54
1445235822 54
1445235823 54
1445235823 54
1445235823 54
1445235824 54
1445235824 54
1445235825 54
1445235825 54
1445235825 54
1445235825 54
1445235825 54
1445235825 54
1445235825 54
1445235825 54
1445235826 54
1445235826 54
1445235826 54
1445235826 54
1445235826 54
1445235827 54
1445235827 54
1445235827 54
1445235827 54
1445235829 54
1445235829 54
1445235829 54
1445235829 54
1445235830 54
1445235830 54
1445235832 54
1445235832 54
1445235832 54
1445235832 54
1445235833 54
1445235833 54
1445235833 54
1445235834 54
1445235834 54
1445235834 54
1445235834 54
1445235835 54
1445235835 54
1445235835 54
1445235835 54
1445235836 54
1445235836 54
1445235836 54
1445235837 54
1445235837 54
1445235838 54
1445235838 54
1445235839 54
1445235839 54
1445235839 54
1445235839 54
1445235839 54
1445235839 54
1445235840 54
1445235840 54
1445235841 54
1445235841 54
1445235842 54
1445235842 54
1445235842 54
1445235842 54
1445235843 54
1445235843 54
1445235843 54
1445235843 54
1445235844 54
1445235844 54
1445235845 54
1445235845 54
1445235845 54
1445235846 54
1445235846 54
1445235846 54
1445235847 54
1445235847 54
1445235847 54
1445235848 54
1445235848 54
1445235848 54
1445235848 54
1445235849 54
1445235849 54
1445235849 54
1445235850 54
1445235850 54
1445235851 54
1445235851 54
1445235851 54
1445235851 54
1445235851 54
1445235852 54
1445235852 54
1445235853 54
1445235853 54
1445235853 54
1445235854 54
1445235854 54
1445235854 54
1445235855 54
1445235855 54
1445235855 54
1445235856 54
1445235856 54
1445235856 54
1445235856 54
1445235857 54
1445235857 54
1445235857 54
1445235858 54
1445235858 54
1445235859 54
1445235859 54
1445235860 54
1445235860 54
1445235860 54
1445235860 54
1445235860 54
1445235860 54
1445235860 54
1445235860 54
1445235860 54
1445235860 54
1445235860 54
1445235860 54
1445235860 54
1445235860 54
1445235860 54
1445235860 54
1445235860 54
1445235860 54
1445235860 54
1445235860 54
1445235860 54
1445235860 54
1445235861 54
1445235861 54
1445235861 54
1445235861 54
1445235861 54
1445235861 54
1445235861 54
1445235861 54
1445235861 54
1445235862 54
1445235862 54
1445235862 54
1445235862 54
1445235862 43
1445235862 46
1445235862 -1
1445235862 54
1445235863 54
1445235863 54
1445235863 54
1445235864 54
1445235864 54
1445235864 54
1445235864 54
1445235864 54
1445235865 54
1445235866 54
1445235866 54
1445235867 54
1445235867 54
1445235867 54
1445235867 54
1445235868 54
1445235868 54
1445235868 54
1445235869 54
1445235869 54
1445235870 54
1445235870 54
1445235870 54
1445235871 54
1445235871 54
1445235872 54
1445235872 54
1445235872 54
1445235872 54
1445235873 54
1445235873 54
1445235873 54
1445235874 54
1445235874 54
1445235874 54
1445235875 54
1445235875 54
1445235875 54
1445235875 54
1445235875 54
1445235875 54
1445235875 54
1445235875 54
1445235875 54
1445235875 54
1445235875 54
1445235875 54
1445235876 54
1445235876 54
1445235876 54
1445235876 54
1445235876 54
1445235876 54
1445235877 54
1445235877 54
1445235877 54
1445235877 43
1445235877 46
1445235877 -1
1445235877 54
1445235877 54
1445235877 54
1445235877 54
1445235877 54
1445235877 54
1445235877 54
1445235877 54
1445235877 54
1445235877 54
1445235878 54
1445235878 54
1445235878 54
1445235878 54
1445235879 54
1445235879 54
1445235879 54
1445235879 43
1445235879 46
1445235879 -1
1445235879 54
1445235879 54
1445235880 54
1445235881 54
1445235881 54
1445235881 54
1445235881 54
1445235881 54
1445235882 54
1445235882 54
1445235884 54
1445235884 54
1445235884 54
1445235884 54
1445235885 54
1445235885 54
1445235885 54
1445235885 54
1445235885 54
1445235887 54
1445235887 54
1445235888 54
1445235888 54
1445235888 54
1445235890 54
1445235890 54
1445235890 54
1445235890 54
1445235891 54
1445235891 54
1445235893 54
1445235893 54
1445235894 54
1445235894 54
1445235894 54
1445235895 54
1445235895 54
1445235896 54
1445235896 54
1445235897 54
1445235897 54
1445235898 54
1445235898 54
1445235899 54
1445235899 54
1445235899 54
1445235900 54
1445235900 54
1445235900 54
1445235900 54
1445235900 54
1445235900 54
1445235900 54
1445235900 54
1445235900 54
1445235900 54
1445235900 54
1445235900 54
1445235900 54
1445235900 54
1445235900 54
1445235900 54
1445235900 54
1445235900 54
1445235900 54
1445235900 54
1445235900 54
1445235900 54
1445235900 54
1445235900 54
1445235900 54
1445235900 54
1445235901 54
1445235901 54
1445235902 54
1445235902 54
1445235902 54
1445235902 43
1445235902 46
1445235902 -1
1445235902 54
1445235902 54
1445235902 54
1445235902 54
1445235902 54
1445235902 54
1445235902 54
1445235902 54
1445235902 54
1445235902 54
1445235902 54
1445235902 54
1445235902 54
1445235902 54
1445235902 54
1445235902 54
1445235902 54
1445235902 54
1445235902 54
1445235902 54
1445235902 54
1445235903 54
1445235903 54
1445235903 54
1445235903 54
1445235905 54
1445235905 54
1445235905 54
1445235905 54
1445235905 54
1445235905 54
1445235906 54
1445235906 54
1445235908 54
1445235908 54
1445235908 54
1445235909 54
1445235909 54
1445235910 54
1445235911 54
1445235911 54
1445235912 54
1445235912 54
1445235912 54
1445235913 54
1445235914 54
1445235914 54
1445235915 54
1445235915 54
1445235915 54
1445235916 54
1445235916 54
1445235917 54
1445235917 54
1445235918 54
1445235918 54
1445235919 54
1445235920 54
1445235920 54
1445235921 54
1445235921 54
1445235921 54
1445235921 54
1445235921 54
1445235921 54
1445235921 54
1445235921 54
1445235921 54
1445235921 54
1445235921 54
1445235922 54
1445235923 54
1445235923 54
1445235923 54
1445235923 43
1445235923 46
1445235923 -1
1445235923 54
1445235923 54
1445235924 54
1445235924 54
1445235925 54
1445235925 54
1445235925 54
1445235927 54
1445235927 54
1445235927 54
1445235929 54
1445235930 54
1445235930 54
1445235930 54
1445235931 54
1445235931 54
1445235932 54
1445235933 54
1445235933 54
1445235933 54
1445235933 54
1445235934 54
1445235934 54
1445235935 54
1445235936 54
1445235936 54
1445235936 54
1445235936 54
1445235936 54
1445235936 54
1445235936 54
1445235936 54
1445235936 54
1445235936 54
1445235936 54
1445235936 54
1445235936 54
1445235936 54
1445235936 54
1445235936 54
1445235936 54
1445235936 54
1445235936 54
1445235936 54
1445235936 54
1445235936 54
1445235936 54
1445235937 54
1445235937 54
1445235937 54
1445235938 54
1445235939 54
1445235939 54
1445235939 54
1445235940 54
1445235940 54
1445235940 54
1445235940 54
1445235940 54
1445235940 54
1445235940 54
1445235940 54
1445235940 54
1445235940 54
1445235940 54
1445235940 54
1445235941 54
1445235941 54
1445235941 54
1445235941 54
1445235941 54
1445235941 54
1445235941 54
1445235942 54
1445235942 54
1445235942 54
1445235942 54
1445235942 54
1445235942 54
1445235942 54
1445235942 54
1445235942 54
1445235942 54
1445235942 54
1445235942 54
1445235942 54
1445235943 54
1445235943 54
1445235943 54
1445235944 54
1445235944 54
1445235944 54
1445235944 54
1445235944 54
1445235944 54
1445235944 43
1445235944 46
1445235944 -1
1445235944 54
1445235944 54
1445235945 54
1445235945 54
1445235945 54
1445235946 54
1445235946 54
1445235946 54
1445235947 54
1445235947 54
1445235947 54
1445235947 54
1445235947 54
1445235947 54
1445235947 54
1445235947 54
1445235947 54
1445235947 54
1445235947 54
1445235948 54
1445235948 54
1445235948 54
1445235948 54
1445235949 54
1445235949 54
1445235949 54
1445235949 43
1445235949 46
1445235949 -1
1445235949 54
1445235949 54
1445235949 54
1445235950 54
1445235950 54
1445235951 54
1445235951 54
1445235952 54
1445235952 54
1445235953 54
1445235953 54
1445235953 54
1445235954 54
1445235954 54
1445235954 54
1445235954 54
1445235955 54
1445235955 54
1445235957 54
1445235957 54
1445235957 54
1445235957 54
1445235958 54
1445235958 54
1445235958 54
1445235959 54
1445235959 54
1445235960 54
1445235960 54
1445235960 54
1445235960 54
1445235961 54
1445235962 54
1445235962 54
1445235962 54
1445235962 54
1445235963 54
1445235963 54
1445235963 54
1445235963 54
1445235963 54
1445235963 54
1445235963 54
1445235964 54
1445235965 54
1445235966 54
1445235966 54
1445235966 54
1445235966 54
1445235966 54
1445235967 54
1445235967 54
1445235967 54
1445235969 54
1445235969 54
1445235969 54
1445235969 54
1445235969 54
1445235970 54
1445235970 54
1445235971 54
1445235971 54
1445235972 54
1445235972 54
1445235972 54
1445235973 54
1445235973 54
1445235973 54
1445235973 54
1445235974 54
1445235974 54
1445235974 54
1445235975 54
1445235975 54
1445235975 54
1445235976 54
1445235976 54
1445235976 54
1445235977 54
1445235977 54
1445235978 54
1445235978 54
1445235978 54
1445235979 54
1445235979 54
1445235980 54
1445235980 54
1445235980 54
1445235981 54
1445235981 54
1445235981 54
1445235982 54
1445235982 54
1445235982 54
1445235983 54
1445235983 54
1445235984 54
1445235984 54
1445235984 54
1445235984 54
1445235984 54
1445235985 54
1445235985 54
1445235986 54
1445235986 54
1445235987 54
1445235987 54
1445235987 54
1445235987 54
1445235987 54
1445235988 54
1445235988 54
1445235989 54
1445235989 54
1445235990 54
1445235990 54
1445235990 54
1445235990 54
1445235991 54
1445235991 54
1445235991 54
1445235991 54
1445235992 54
1445235993 54
1445235993 54
1445235993 54
1445235994 54
1445235994 54
1445235994 54
1445235995 54
1445235995 54
1445235995 54
1445235995 54
1445235996 54
1445235996 54
1445235996 54
1445235997 54
1445235997 54
1445235998 54
1445235998 54
1445235999 54
1445235999 54
1445235999 54
1445235999 54
1445236000 54
1445236000 54
1445236000 54
1445236000 54
1445236001 54
1445236001 54
1445236002 54
1445236002 54
1445236002 54
1445236003 54
1445236003 1
1445236003 54
1445236003 54
1445236003 54
1445236003 54
1445236003 54
1445236003 54
1445236003 54
1445236003 54
1445236003 54
1445236003 54
1445236003 54
1445236003 4
1445236003 54
1445236003 54
1445236003 54
1445236003 54
1445236003 54
1445236003 54
1445236003 54
1445236003 54
1445236003 54
1445236003 3
1445236003 16
1445236003 27
1445236003 23
1445236003 38
1445236003 40
1445236003 33
1445236003 30
1445236003 5
1445236003 20
1445236003 50
1445236003 52
1445236003 25
1445236003 51
1445236003 19
1445236003 28
1445236003 45
1445236003 31
1445236003 25
1445236003 51
1445236003 12
1445236003 14
1445236003 13
1445236003 17
1445236003 10
1445236003 39
1445236003 53
1445236003 20
1445236003 -1
1445236003 -1
1445236003 54
1445236003 16
1445236003 27
1445236003 23
1445236003 38
1445236003 40
1445236003 33
1445236003 30
1445236003 5
1445236003 20
1445236003 50
1445236003 52
1445236003 25
1445236003 51
1445236003 19
1445236003 28
1445236003 45
1445236003 31
1445236003 25
1445236003 51
1445236003 12
1445236003 14
1445236003 13
1445236003 17
1445236003 10
1445236003 39
1445236003 53
1445236003 20
1445236003 -1
1445236003 -1
1445236003 54
1445236003 16
1445236003 27
1445236003 23
1445236003 38
1445236003 40
1445236003 33
1445236003 30
1445236003 5
1445236003 20
1445236003 50
1445236003 52
1445236003 25
1445236003 51
1445236003 19
1445236003 28
1445236003 45
1445236003 31
1445236003 25
1445236003 51
1445236003 12
1445236003 14
1445236003 13
1445236003 17
1445236003 10
1445236003 39
1445236003 53
1445236003 20
1445236003 -1
1445236003 -1
1445236003 54
1445236003 54
1445236003 54
1445236003 54
1445236003 54
1445236003 54
1445236003 4
1445236003 54
1445236003 54
1445236003 54
1445236004 54
1445236004 54
1445236004 54
1445236004 54
1445236004 54
1445236004 54
1445236004 54
1445236005 54
1445236005 54
1445236005 54
1445236005 54
1445236005 54
1445236005 43
1445236005 46
1445236005 -1
1445236005 54
1445236005 54
1445236005 43
1445236005 46
1445236005 -1
1445236005 54
1445236005 54
1445236005 54
1445236005 54
1445236005 54
1445236005 54
1445236005 54
1445236005 54
1445236005 54
1445236005 54
1445236005 54
1445236005 54
1445236005 54
1445236005 54
1445236005 54
1445236005 54
1445236006 54
1445236006 54
1445236006 54
1445236006 54
1445236006 54
1445236006 54
1445236006 54
1445236006 54
1445236006 54
1445236006 54
1445236006 54
1445236006 54
1445236006 54
1445236006 54
1445236007 54
1445236007 54
1445236007 54
1445236007 54
1445236007 54
1445236007 54
1445236007 54
1445236007 54
1445236007 54
1445236007 54
1445236007 54
1445236007 54
1445236007 54
1445236007 54
1445236007 54
1445236007 54
1445236007 54
1445236007 54
1445236007 54
1445236007 4
1445236007 54
1445236008 54
1445236008 54
1445236008 54
1445236008 54
1445236008 43
1445236008 46
1445236008 -1
1445236008 54
1445236008 54
1445236008 54
1445236008 54
1445236009 54
1445236009 54
1445236009 54
1445236009 54
1445236009 54
1445236009 54
1445236009 9
1445236009 36
1445236009 35
1445236009 41
1445236009 37
1445236009 44
1445236009 29
1445236009 34
1445236009 21
1445236009 18
1445236009 26
1445236009 22
1445236010 54
1445236011 54
1445236011 54
1445236011 54
1445236011 54
1445236011 43
1445236011 46
1445236011 -1
1445236011 54
1445236012 54
1445236012 54
1445236012 54
1445236013 54
1445236014 54
1445236014 54
1445236015 54
1445236015 9
1445236015 36
1445236015 35
1445236015 41
1445236015 37
1445236015 44
1445236015 29
1445236015 34
1445236015 21
1445236015 18
1445236015 26
1445236015 22
1445236015 54
1445236015 54
1445236015 54
1445236015 54
1445236015 54
1445236015 54
1445236015 54
1445236015 54
1445236015 54
1445236015 54
1445236015 54
1445236015 54
1445236015 4
1445236015 54
1445236015 54
1445236015 54
1445236015 54
1445236015 54
1445236015 54
1445236016 54
1445236016 54
1445236016 54
1445236016 54
1445236017 54
1445236017 54
1445236017 54
1445236017 54
1445236017 54
1445236017 54
1445236017 54
1445236017 54
1445236017 54
1445236017 54
1445236017 54
1445236017 54
1445236017 54
1445236017 54
1445236017 54
1445236017 54
1445236018 54
1445236018 54
1445236019 54
1445236019 54
1445236019 54
1445236020 54
1445236020 54
1445236020 54
1445236021 54
1445236022 54
1445236022 54
1445236022 54
1445236023 54
1445236023 54
1445236024 54
1445236025 54
1445236025 54
1445236026 54
1445236026 54
1445236027 54
1445236027 54
1445236028 54
1445236028 54
1445236028 54
1445236028 54
1445236029 54
1445236029 54
1445236029 54
1445236029 54
1445236030 54
1445236031 54
1445236031 54
1445236032 54
1445236032 54
1445236032 54
1445236032 54
1445236033 54
1445236034 54
1445236034 54
1445236035 54
1445236035 54
1445236035 54
1445236035 54
1445236036 54
1445236037 54
1445236037 54
1445236038 54
1445236038 54
1445236039 54
1445236039 54
1445236039 54
1445236040 54
1445236041 54
1445236041 54
1445236042 54
1445236043 54
1445236043 54
1445236043 54
1445236044 54
1445236044 54
1445236045 54
1445236046 54
1445236047 54
1445236047 54
1445236047 54
1445236047 54
1445236048 54
1445236049 54
1445236050 54
1445236050 54
1445236051 54
1445236051 54
1445236051 54
1445236052 54
1445236053 54
1445236053 54
1445236053 54
1445236054 54
1445236055 54
1445236055 54
1445236055 54
1445236056 54
1445236056 54
1445236057 54
1445236058 54
1445236058 54
1445236059 54
1445236059 54
1445236059 54
1445236059 54
1445236059 54
1445236059 54
1445236059 54
1445236059 54
1445236059 54
1445236059 54
1445236059 54
1445236059 54
1445236059 54
1445236059 54
1445236059 54
1445236059 54
1445236059 54
1445236059 54
1445236059 54
1445236060 54
1445236060 54
1445236060 4
1445236060 54
1445236060 54
1445236060 54
1445236060 54
1445236060 43
1445236060 46
1445236060 -1
1445236062 54
1445236062 54
1445236062 9
1445236062 36
1445236062 35
1445236062 41
1445236062 37
1445236062 44
1445236062 29
1445236062 34
1445236062 21
1445236062 18
1445236062 26
1445236062 22
1445236063 54
1445236064 54
1445236064 54
1445236064 54
1445236064 43
1445236064 46
1445236064 -1
1445236066 54
1445236067 54
1445236070 54
1445236070 54
1445236071 54
1445236071 54
1445236072 54
1445236073 54
1445236073 54
1445236074 54
1445236074 54
1445236074 54
1445236075 54
1445236076 54
1445236076 54
1445236077 54
1445236078 54
1445236078 54
1445236079 54
1445236079 54
1445236079 54
1445236080 54
1445236081 54
1445236082 54
1445236082 54
1445236083 54
1445236083 54
1445236084 54
1445236084 54
1445236085 54
1445236085 54
1445236086 54
1445236087 54
1445236087 54
1445236088 54
1445236088 54
1445236088 54
1445236089 54
1445236090 54
1445236091 54
1445236091 54
1445236091 54
1445236091 54
1445236092 54
1445236093 54
1445236094 54
1445236094 54
1445236095 54
1445236095 54
1445236095 54
1445236096 54
1445236097 54
1445236097 54
1445236098 54
1445236098 54
1445236099 54
1445236100 54
1445236100 54
1445236100 54
1445236101 54
1445236102 54
1445236102 54
1445236103 54
1445236103 54
1445236104 54
1445236104 54
1445236105 54
1445236106 54
1445236106 54
1445236106 54
1445236107 54
1445236108 54
1445236108 54
1445236109 54
1445236109 54
1445236110 54
1445236110 54
1445236111 54
1445236112 54
1445236112 54
1445236112 54
1445236113 54
1445236114 54
1445236114 54
1445236115 54
1445236115 54
1445236115 54
1445236116 54
1445236117 54
1445236117 54
1445236118 54
1445236118 54
1445236119 54
1445236119 54
1445236120 54
1445236121 54
1445236121 54
1445236121 54
1445236122 54
1445236123 54
1445236123 54
1445236124 54
1445236124 54
1445236125 54
1445236125 54
1445236126 54
1445236126 54
1445236127 54
1445236127 54
1445236128 54
1445236129 54
1445236129 54
1445236130 54
1445236130 54
1445236131 54
1445236131 54
1445236132 54
1445236133 54
1445236133 54
1445236134 54
1445236134 54
1445236135 54
1445236136 54
1445236136 54
1445236136 54
1445236137 54
1445236138 54
1445236139 54
1445236139 54
1445236139 54
1445236140 54
1445236140 54
1445236141 54
1445236142 54
1445236142 54
1445236143 54
1445236143 54
1445236144 54
1445236145 54
1445236145 54
1445236145 54
1445236146 54
1445236147 54
1445236148 54
1445236148 54
1445236148 54
1445236149 54
1445236149 54
1445236150 54
1445236151 54
1445236151 54
1445236152 54
1445236152 54
1445236153 54
1445236154 54
1445236154 54
1445236154 54
1445236155 54
1445236156 54
1445236157 54
1445236157 54
1445236157 54
1445236158 54
1445236158 54
1445236159 54
1445236160 54
1445236160 54
1445236161 54
1445236161 54
1445236162 54
1445236163 54
1445236163 54
1445236163 54
1445236164 54
1445236165 54
1445236166 54
1445236166 54
1445236166 54
1445236167 54
1445236167 54
1445236168 54
1445236169 54
1445236169 54
1445236170 54
1445236170 54
1445236171 54
1445236171 54
1445236172 54
1445236172 54
1445236173 54
1445236174 54
1445236174 54
1445236175 54
1445236175 54
1445236175 54
1445236176 54
1445236177 54
1445236177 54
1445236178 54
1445236178 54
1445236179 54
1445236179 54
1445236180 54
1445236181 54
1445236181 54
1445236181 54
1445236182 54
1445236183 54
1445236184 54
1445236184 54
1445236184 54
1445236185 54
1445236186 54
1445236186 54
1445236187 54
1445236187 54
1445236188 54
1445236188 54
1445236189 54
1445236190 54
1445236190 54
1445236190 54
1445236191 54
1445236192 54
1445236192 54
1445236193 54
1445236193 54
1445236194 54
1445236195 54
1445236195 54
1445236196 54
1445236196 54
1445236197 54
1445236197 54
1445236198 54
1445236199 54
1445236199 54
1445236200 54
1445236200 54
1445236201 54
1445236201 54
1445236202 54
1445236203 54
1445236203 54
1445236203 54
1445236204 54
1445236205 54
1445236205 54
1445236206 54
1445236206 54
1445236207 54
1445236208 54
1445236208 54
1445236208 54
1445236209 54
1445236209 54
1445236210 54
1445236210 54
1445236211 54
1445236212 54
1445236212 54
1445236212 54
1445236213 54
1445236214 54
1445236214 54
1445236215 54
1445236215 54
1445236216 54
1445236216 54
1445236217 54
1445236218 54
1445236218 54
1445236219 54
1445236219 54
1445236220 54
1445236220 54
1445236221 54
1445236221 54
1445236222 54
1445236223 54
1445236223 54
1445236224 54
1445236224 54
1445236225 54
1445236225 54
1445236226 54
1445236227 54
1445236227 54
1445236227 54
1445236228 54
1445236229 54
1445236229 54
1445236230 54
1445236230 54
1445236231 54
1445236231 54
1445236232 54
1445236233 54
1445236233 54
1445236233 54
1445236234 54
1445236235 54
1445236235 54
1445236236 54
1445236236 54
1445236237 54
1445236237 54
1445236238 54
1445236239 54
1445236239 54
1445236239 54
1445236240 54
1445236241 54
1445236242 54
1445236242 54
1445236242 54
1445236243 54
1445236244 54
1445236244 54
1445236245 54
1445236245 54
1445236246 54
1445236246 54
1445236247 54
1445236248 54
1445236248 54
1445236248 54
1445236249 54
1445236250 54
1445236250 54
1445236251 54
1445236251 54
1445236252 54
1445236252 54
1445236253 54
1445236254 54
1445236254 54
1445236255 54
1445236255 54
1445236256 54
1445236257 54
1445236257 54
1445236257 54
1445236258 54
1445236259 54
1445236259 54
1445236260 54
1445236260 54
1445236261 54
1445236261 54
1445236262 54
1445236263 54
1445236263 54
1445236263 54
1445236264 54
1445236265 54
1445236265 54
1445236266 54
1445236266 54
1445236267 54
1445236268 54
1445236268 54
1445236269 54
1445236269 54
1445236269 54
1445236270 54
1445236271 54
1445236272 54
1445236272 54
1445236272 54
1445236273 54
1445236274 54
1445236274 54
1445236275 54
1445236275 54
1445236276 54
1445236276 54
1445236277 54
1445236278 54
1445236278 54
1445236278 54
1445236279 54
1445236280 54
1445236280 54
1445236281 54
1445236281 54
1445236282 54
1445236282 54
1445236283 54
1445236284 54
1445236284 54
1445236285 54
1445236285 54
1445236285 54
1445236286 54
1445236287 54
1445236287 54
1445236287 54
1445236288 54
1445236289 54
1445236289 54
1445236290 54
1445236290 54
1445236291 54
1445236291 54
1445236292 54
1445236293 54
1445236293 54
1445236294 54
1445236294 54
1445236295 54
1445236295 54
1445236296 54
1445236296 54
1445236297 54
1445236298 54
1445236298 54
1445236299 54
1445236299 54
1445236300 54
1445236300 54
1445236301 54
1445236302 54
1445236302 54
1445236302 54
1445236303 54
1445236304 54
1445236304 54
1445236305 54
1445236305 54
1445236306 54
1445236307 54
1445236307 54
1445236308 54
1445236308 54
1445236309 54
1445236309 54
1445236310 54
1445236311 54
1445236311 54
1445236311 54
1445236312 54
1445236313 54
1445236313 54
1445236314 54
1445236314 54
1445236315 54
1445236315 54
1445236316 54
1445236317 54
1445236317 54
1445236317 54
1445236318 54
1445236319 54
1445236319 54
1445236320 54
1445236320 54
1445236321 54
1445236321 54
1445236322 54
1445236323 54
1445236323 54
1445236323 54
1445236324 54
1445236325 54
1445236325 54
1445236326 54
1445236326 54
1445236327 54
1445236328 54
1445236328 54
1445236329 54
1445236329 54
1445236329 54
1445236330 54
1445236331 54
1445236332 54
1445236332 54
1445236332 54
1445236333 54
1445236333 54
1445236334 54
1445236335 54
1445236335 54
1445236335 54
1445236336 54
1445236337 54
1445236337 54
1445236338 54
1445236338 54
1445236339 54
1445236339 54
1445236340 54
1445236341 54
1445236341 54
1445236342 54
1445236342 54
1445236343 54
1445236343 54
1445236344 54
1445236344 54
1445236345 54
1445236346 54
1445236346 54
1445236347 54
1445236347 54
1445236348 54
1445236348 54
1445236349 54
1445236350 54
1445236350 54
1445236350 54
1445236351 54
1445236352 54
1445236352 54
1445236353 54
1445236353 54
1445236354 54
1445236354 54
1445236355 54
1445236355 54
1445236356 54
1445236356 54
1445236357 54
1445236358 54
1445236358 54
1445236359 54
1445236359 54
1445236359 54
1445236359 54
1445236359 54
1445236359 54
1445236359 54
1445236359 54
1445236359 54
1445236359 54
1445236359 54
1445236359 54
1445236359 54
1445236359 54
1445236359 54
1445236359 54
1445236359 54
1445236359 54
1445236359 4
1445236359 54
1445236359 54
1445236359 54
1445236359 54
1445236360 54
1445236361 54
1445236362 54
1445236362 54
1445236363 54
1445236363 54
1445236363 9
1445236363 36
1445236363 35
1445236363 41
1445236363 37
1445236363 44
1445236363 29
1445236363 34
1445236363 21
1445236363 18
1445236363 26
1445236363 22
1445236363 54
1445236364 54
1445236365 54
1445236365 54
1445236365 54
1445236365 -1
1445236365 54
1445236365 54
1445236365 43
1445236365 46
1445236365 -1
1445236365 54
1445236365 54
1445236366 54
1445236367 54
1445236368 54
1445236368 54
1445236369 54
1445236370 54
1445236371 54
1445236371 54
1445236372 54
1445236373 54
1445236374 54
1445236374 54
1445236375 54
1445236376 54
1445236377 54
1445236377 54
1445236378 54
1445236379 54
1445236380 54
1445236381 54
1445236381 54
1445236382 54
1445236383 54
1445236384 54
1445236384 54
1445236385 54
1445236386 54
1445236387 54
1445236387 54
1445236388 54
1445236389 54
1445236390 54
1445236390 54
1445236391 54
1445236392 54
1445236393 54
1445236393 54
1445236394 54
1445236395 54
1445236396 54
1445236396 54
1445236397 54
1445236398 54
1445236399 54
1445236399 54
1445236400 54
1445236401 54
1445236402 54
1445236402 54
1445236403 54
1445236404 54
1445236405 54
1445236405 54
1445236406 54
1445236407 54
1445236408 54
1445236408 54
1445236409 54
1445236410 54
1445236411 54
1445236411 54
1445236412 54
1445236413 54
1445236414 54
1445236414 54
1445236415 54
1445236416 54
1445236417 54
1445236417 54
1445236418 54
1445236419 54
1445236420 54
1445236420 54
1445236421 54
1445236422 54
1445236423 54
1445236423 54
1445236424 54
1445236425 54
1445236426 54
1445236426 54
1445236427 54
1445236428 54
1445236429 54
1445236429 54
1445236430 54
1445236431 54
1445236432 54
1445236432 54
1445236433 54
1445236434 54
1445236435 54
1445236435 54
1445236436 54
1445236437 54
1445236438 54
1445236438 54
1445236439 54
1445236440 54
1445236441 54
1445236441 54
1445236442 54
1445236443 54
1445236444 54
1445236444 54
1445236445 54
1445236446 54
1445236447 54
1445236447 54
1445236448 54
1445236449 54
1445236450 54
1445236450 54
1445236451 54
1445236452 54
1445236453 54
1445236453 54
1445236454 54
1445236455 54
1445236456 54
1445236456 54
1445236457 54
1445236458 54
1445236459 54
1445236459 54
1445236460 54
1445236461 54
1445236462 54
1445236462 54
1445236463 54
1445236464 54
1445236465 54
1445236465 54
1445236466 54
1445236467 54
1445236468 54
1445236468 54
1445236469 54
1445236470 54
1445236471 54
1445236471 54
1445236472 54
1445236473 54
1445236474 54
1445236474 54
1445236475 54
1445236476 54
1445236477 54
1445236477 54
1445236478 54
1445236479 54
1445236480 54
1445236480 54
1445236481 54
1445236482 54
1445236483 54
1445236483 54
1445236484 54
1445236485 54
1445236486 54
1445236486 54
1445236487 54
1445236488 54
1445236489 54
1445236489 54
1445236490 54
1445236491 54
1445236492 54
1445236492 54
1445236493 54
1445236494 54
1445236495 54
1445236495 54
1445236496 54
1445236497 54
1445236498 54
1445236498 54
1445236499 54
1445236500 54
1445236501 54
1445236501 54
1445236502 54
1445236503 54
1445236504 54
1445236504 54
1445236504 54
1445236507 54
1445236510 54
1445236513 54
1445236516 54
1445236519 54
1445236522 54
1445236525 54
1445236528 54
1445236531 54
1445236534 54
1445236537 54
1445236540 54
1445236543 54
1445236546 54
1445236549 54
1445236552 54
1445236555 54
1445236558 54
1445236561 54
1445236564 54
1445236567 54
1445236571 54
1445236574 54
1445236577 54
1445236580 54
1445236583 54
1445236586 54
1445236589 54
1445236592 54
1445236595 54
1445236598 54
1445236601 54
1445236604 54
1445236607 54
1445236610 54
1445236613 54
1445236616 54
1445236619 54
1445236622 54
1445236625 54
1445236628 54
1445236631 54
1445236634 54
1445236637 54
1445236640 54
1445236643 54
1445236646 54
1445236649 54
1445236652 54
1445236655 54
1445236658 54
1445236661 54
1445236664 54
1445236667 54
1445236670 54
1445236673 54
1445236676 54
1445236679 54
1445236682 54
1445236685 54
1445236688 54
1445236691 54
1445236694 54
1445236697 54
1445236700 54
1445236703 54
1445236706 54
1445236709 54
1445236712 54
1445236715 54
1445236718 54
1445236721 54
1445236724 54
1445236727 54
1445236730 54
1445236733 54
1445236736 54
1445236739 54
1445236742 54
1445236745 54
1445236748 54
1445236751 54
1445236754 54
1445236757 54
1445236761 54
1445236764 54
1445236767 54
1445236770 54
1445236773 54
1445236776 54
1445236779 54
1445236782 54
1445236785 54
1445236788 54
1445236791 54
1445236794 54
1445236797 54
1445236800 54
1445236803 54
1445236806 54
1445236809 54
1445236812 54
1445236815 54
1445236818 54
1445236821 54
1445236824 54
1445236827 54
1445236830 54
1445236833 54
1445236836 54
1445236839 54
1445236842 54
1445236845 54
1445236848 54
1445236851 54
1445236854 54
1445236857 54
1445236860 54
1445236863 54
1445236866 54
1445236869 54
1445236872 54
1445236875 54
1445236878 54
1445236881 54
1445236884 54
1445236887 54
1445236890 54
1445236893 54
1445236896 54
1445236899 54
1445236902 54
1445236905 54
1445236908 54
1445236911 54
1445236914 54
1445236917 54
1445236920 54
1445236923 54
1445236926 54
1445236929 54
1445236932 54
1445236935 54
1445236938 54
1445236941 54
1445236944 54
1445236947 54
1445236950 54
1445236953 54
1445236956 54
1445236959 54
1445236962 54
1445236965 54
1445236968 54
1445236971 54
1445236974 54
1445236974 54
1445236974 54
1445236974 54
1445236974 54
1445236974 54
1445236974 54
1445236974 54
1445236974 54
1445236974 54
1445236974 54
1445236974 54
1445236974 54
1445236974 54
1445236974 54
1445236974 54
1445236974 54
1445236974 54
1445236974 54
1445236974 54
1445236974 54
1445236974 54
1445236974 54
1445236974 54
1445236974 54
1445236974 54
1445236974 54
1445236974 15
1445236975 54
1445236975 15
1445236975 54
1445236975 32
1445236975 54
1445236975 54
1445236975 32
1445236975 54
1445236975 8
1445236975 49
1445236975 54
1445236975 7
1445236975 47
1445236975 54
1445236975 6
1445236975 24
1445236975 54
1445236975 54
1445236975 54
1445236975 54
1445236976 54
1445236976 54
1445236976 54
1445236976 54
1445236976 54
1445236976 54
