1445163689 8
1445163690 147
1445163690 16
1445163690 102
1445163690 83
1445163690 8
1445163690 147
1445163691 160
1445163691 82
1445163691 67
1445163692 22
1445163692 102
1445163692 3
1445163692 75
1445163692 25
1445163692 25
1445163692 154
1445163696 102
1445163696 25
1445163696 25
1445163696 102
1445163707 75
1445163707 25
1445163709 102
1445163709 25
1445163709 25
1445163709 102
1445163721 75
1445163723 25
1445163725 102
1445163725 25
1445163725 25
1445163725 102
1445163736 75
1445163736 25
1445163738 102
1445163738 25
1445163738 25
1445163738 102
1445163748 75
1445163748 25
1445163750 102
1445163750 25
1445163750 25
1445163750 102
1445163758 75
1445163758 25
1445163760 102
1445163760 25
1445163760 25
1445163760 102
1445163770 75
1445163771 25
1445163773 102
1445163773 25
1445163773 25
1445163773 102
1445163786 75
1445163786 25
1445163787 67
1445163787 102
1445163787 25
1445163787 25
1445163795 75
1445163795 102
1445163795 160
