1445248393 19
1445248393 11
1445248393 16
1445248393 20
1445248393 6
1445248393 5
1445248394 2
1445248394 4
1445248395 8
1445248395 12
1445248396 7
1445248396 26
1445248396 13
1445248396 18
1445248396 23
1445248396 21
1445248396 9
1445248400 24
1445248400 17
1445248400 15
1445248400 26
1445248413 27
1445248413 14
1445248415 24
1445248415 17
1445248415 15
1445248415 26
1445248427 27
1445248427 14
1445248429 24
1445248429 17
1445248429 15
1445248429 26
1445248441 27
1445248441 14
1445248444 24
1445248444 17
1445248444 15
1445248444 26
1445248454 27
1445248454 14
1445248457 24
1445248457 17
1445248457 15
1445248457 26
1445248468 27
1445248468 14
1445248471 24
1445248471 17
1445248471 15
1445248471 26
1445248483 27
1445248483 14
1445248486 24
1445248486 17
1445248486 15
1445248486 26
1445248499 27
1445248499 14
1445248502 10
1445248502 24
1445248502 17
1445248502 15
1445248511 28
1445248511 25
1445248511 1
1445248535 3
1445248535 22
