1445248393 8
1445248393 147
1445248393 16
1445248393 102
1445248393 83
1445248393 8
1445248394 147
1445248394 160
1445248395 82
1445248395 67
1445248396 22
1445248396 102
1445248396 3
1445248396 75
1445248396 25
1445248396 25
1445248396 154
1445248400 102
1445248400 25
1445248400 25
1445248400 102
1445248413 75
1445248413 25
1445248415 102
1445248415 25
1445248415 25
1445248415 102
1445248427 75
1445248427 25
1445248429 102
1445248429 25
1445248429 25
1445248429 102
1445248441 75
1445248441 25
1445248444 102
1445248444 25
1445248444 25
1445248444 102
1445248454 75
1445248454 25
1445248457 102
1445248457 25
1445248457 25
1445248457 102
1445248468 75
1445248468 25
1445248471 102
1445248471 25
1445248471 25
1445248471 102
1445248483 75
1445248483 25
1445248486 102
1445248486 25
1445248486 25
1445248486 102
1445248499 75
1445248499 25
1445248502 67
1445248502 102
1445248502 25
1445248502 25
1445248511 75
1445248511 102
1445248511 160
1445248535 129
1445248535 3
