1445073326 18
1445073326 9
1445073326 14
1445073326 25
1445073326 6
1445073326 5
1445073326 2
1445073327 3
1445073327 8
1445073327 11
1445073328 7
1445073328 27
1445073328 12
1445073328 20
1445073328 21
1445073328 22
1445073328 10
1445073331 23
1445073331 16
1445073331 17
1445073331 27
1445073341 28
1445073341 15
1445073342 23
1445073342 16
1445073342 17
1445073342 27
1445073353 28
1445073353 15
1445073356 23
1445073356 16
1445073356 17
1445073356 27
1445073365 28
1445073365 15
1445073367 23
1445073367 16
1445073367 17
1445073367 27
1445073376 28
1445073376 15
1445073377 23
1445073377 16
1445073377 17
1445073377 27
1445073385 28
1445073385 15
1445073386 23
1445073386 16
1445073386 17
1445073386 27
1445073396 28
1445073396 15
1445073398 23
1445073398 16
1445073398 17
1445073398 27
1445073408 28
1445073408 15
1445073409 13
1445073409 23
1445073409 16
1445073409 17
1445073416 26
1445073416 24
1445073416 1
1445073448 4
1445073448 19
