1445073326 8
1445073326 147
1445073326 16
1445073326 102
1445073326 83
1445073326 8
1445073326 147
1445073327 160
1445073327 82
1445073327 67
1445073328 22
1445073328 102
1445073328 3
1445073328 75
1445073328 25
1445073328 25
1445073328 154
1445073331 102
1445073331 25
1445073331 25
1445073331 102
1445073341 75
1445073341 25
1445073342 102
1445073342 25
1445073342 25
1445073342 102
1445073353 75
1445073353 25
1445073356 102
1445073356 25
1445073356 25
1445073356 102
1445073365 75
1445073365 25
1445073367 102
1445073367 25
1445073367 25
1445073367 102
1445073376 75
1445073376 25
1445073377 102
1445073377 25
1445073377 25
1445073377 102
1445073385 75
1445073385 25
1445073386 102
1445073386 25
1445073386 25
1445073386 102
1445073396 75
1445073396 25
1445073398 102
1445073398 25
1445073398 25
1445073398 102
1445073408 75
1445073408 25
1445073409 67
1445073409 102
1445073409 25
1445073409 25
1445073416 75
1445073416 102
1445073416 160
1445073448 129
1445073448 3
