1445089662 28
1445089663 28
1445089663 28
1445089663 28
1445089664 28
1445089664 28
1445089664 28
1445089664 28
1445089664 28
1445089664 28
1445089664 28
1445089664 28
1445089664 28
1445089664 28
1445089664 28
1445089664 28
1445089664 28
1445089664 28
1445089664 28
1445089665 28
1445089665 28
1445089666 28
1445089666 28
1445089666 28
1445089666 28
1445089666 28
1445089666 28
1445089666 28
1445089666 28
1445089666 28
1445089666 28
1445089666 28
1445089666 28
1445089666 28
1445089666 28
1445089666 28
1445089666 28
1445089666 28
1445089666 28
1445089666 28
1445089667 28
1445089667 28
1445089667 28
1445089667 28
1445089667 28
1445089667 28
1445089667 28
1445089667 28
1445089667 28
1445089667 28
1445089667 28
1445089667 7
1445089667 28
1445089667 28
1445089667 28
1445089667 28
1445089667 28
1445089667 28
1445089667 28
1445089667 27
1445089667 1
1445089667 20
1445089667 28
1445089668 28
1445089668 28
1445089668 28
1445089668 28
1445089668 28
1445089668 28
1445089668 28
1445089668 28
1445089668 28
1445089668 28
1445089668 28
1445089668 28
1445089668 28
1445089668 28
1445089668 28
1445089668 28
1445089668 28
1445089668 28
1445089668 28
1445089668 28
1445089668 28
1445089668 28
1445089668 28
1445089668 28
1445089668 28
1445089668 28
1445089668 28
1445089668 28
1445089668 28
1445089668 28
1445089668 28
1445089668 28
1445089668 28
1445089668 28
1445089668 28
1445089668 28
1445089668 28
1445089668 28
1445089668 28
1445089668 28
1445089668 28
1445089668 28
1445089668 28
1445089668 28
1445089668 28
1445089668 28
1445089668 28
1445089668 28
1445089668 28
1445089668 28
1445089668 28
1445089668 28
1445089668 28
1445089668 28
1445089668 28
1445089668 28
1445089668 28
1445089668 28
1445089668 28
1445089668 28
1445089668 28
1445089668 28
1445089668 28
1445089668 28
1445089668 28
1445089668 28
1445089668 28
1445089668 28
1445089668 28
1445089668 28
1445089668 28
1445089668 28
1445089668 28
1445089668 28
1445089668 28
1445089668 28
1445089668 28
1445089668 28
1445089668 28
1445089668 28
1445089668 28
1445089668 28
1445089668 28
1445089668 28
1445089668 28
1445089668 28
1445089668 28
1445089668 28
1445089668 28
1445089668 28
1445089668 28
1445089668 28
1445089668 28
1445089668 28
1445089668 28
1445089668 28
1445089668 28
1445089668 28
1445089668 28
1445089668 28
1445089668 28
1445089668 28
1445089668 28
1445089668 28
1445089668 28
1445089668 28
1445089668 28
1445089668 28
1445089668 28
1445089668 28
1445089668 28
1445089668 28
1445089668 28
1445089668 28
1445089668 28
1445089668 28
1445089668 28
1445089668 28
1445089668 28
1445089668 28
1445089668 28
1445089668 28
1445089668 28
1445089668 28
1445089668 28
1445089668 28
1445089668 28
1445089668 28
1445089668 28
1445089668 28
1445089668 28
1445089668 28
1445089668 28
1445089668 28
1445089668 28
1445089668 28
1445089668 28
1445089668 28
1445089668 28
1445089668 28
1445089668 28
1445089668 28
1445089668 28
1445089668 28
1445089668 28
1445089668 28
1445089668 28
1445089668 28
1445089668 28
1445089668 28
1445089668 28
1445089668 28
1445089668 28
1445089668 28
1445089668 28
1445089668 28
1445089668 28
1445089668 28
1445089668 28
1445089668 28
1445089668 28
1445089668 28
1445089668 28
1445089668 28
1445089668 28
1445089668 28
1445089668 28
1445089668 28
1445089668 28
1445089668 28
1445089668 28
1445089668 28
1445089668 28
1445089669 28
1445089669 28
1445089669 28
1445089669 28
1445089669 28
1445089669 28
1445089669 28
1445089669 28
1445089669 28
1445089669 28
1445089669 28
1445089669 28
1445089669 28
1445089669 28
1445089669 28
1445089669 28
1445089669 28
1445089669 28
1445089669 28
1445089669 28
1445089669 28
1445089669 28
1445089669 28
1445089669 28
1445089670 28
1445089670 28
1445089671 28
1445089671 28
1445089671 28
1445089671 28
1445089671 28
1445089671 28
1445089671 28
1445089671 28
1445089671 28
1445089671 28
1445089671 28
1445089671 28
1445089671 28
1445089671 28
1445089671 28
1445089671 28
1445089671 28
1445089671 28
1445089671 28
1445089672 28
1445089672 28
1445089672 28
1445089672 28
1445089672 28
1445089672 28
1445089672 28
1445089672 28
1445089672 28
1445089672 28
1445089672 28
1445089672 28
1445089672 28
1445089672 28
1445089672 28
1445089672 28
1445089672 28
1445089672 28
1445089672 28
1445089672 28
1445089672 28
1445089672 28
1445089672 28
1445089672 28
1445089672 28
1445089672 28
1445089672 28
1445089672 28
1445089672 28
1445089672 28
1445089672 28
1445089672 28
1445089672 28
1445089672 28
1445089672 28
1445089672 28
1445089673 28
1445089674 28
1445089674 28
1445089674 28
1445089674 28
1445089674 28
1445089674 28
1445089674 28
1445089674 28
1445089674 28
1445089675 28
1445089676 28
1445089676 28
1445089676 28
1445089676 28
1445089677 28
1445089678 28
1445089679 28
1445089680 28
1445089681 28
1445089681 28
1445089682 28
1445089682 28
1445089682 28
1445089683 28
1445089683 28
1445089683 28
1445089683 28
1445089683 28
1445089683 28
1445089683 28
1445089683 28
1445089683 28
1445089684 28
1445089684 28
1445089684 28
1445089685 28
1445089685 28
1445089685 28
1445089686 28
1445089687 28
1445089687 28
1445089687 28
1445089688 28
1445089688 28
1445089688 28
1445089689 28
1445089690 28
1445089690 28
1445089691 28
1445089691 28
1445089691 28
1445089691 28
1445089692 28
1445089693 28
1445089693 28
1445089694 28
1445089694 28
1445089694 28
1445089694 28
1445089695 28
1445089696 28
1445089696 28
1445089697 28
1445089697 28
1445089697 28
1445089697 28
1445089698 28
1445089699 28
1445089699 28
1445089700 28
1445089700 28
1445089700 28
1445089700 28
1445089701 28
1445089702 28
1445089702 28
1445089703 28
1445089703 28
1445089703 28
1445089703 28
1445089704 28
1445089705 28
1445089705 28
1445089706 28
1445089706 28
1445089706 28
1445089706 28
1445089707 28
1445089708 28
1445089708 28
1445089709 28
1445089709 28
1445089709 28
1445089709 28
1445089710 28
1445089711 28
1445089712 28
1445089712 28
1445089712 28
1445089712 28
1445089712 28
1445089713 28
1445089714 28
1445089715 28
1445089715 28
1445089715 28
1445089715 28
1445089715 28
1445089716 28
1445089717 28
1445089718 28
1445089718 28
1445089718 28
1445089718 28
1445089718 28
1445089719 28
1445089720 28
1445089721 28
1445089721 28
1445089721 28
1445089721 28
1445089721 28
1445089722 28
1445089723 28
1445089724 28
1445089724 28
1445089724 28
1445089724 28
1445089725 28
1445089725 28
1445089726 28
1445089727 28
1445089727 28
1445089727 28
1445089727 28
1445089728 28
1445089728 28
1445089728 28
1445089728 28
1445089729 28
1445089730 28
1445089730 28
1445089730 28
1445089731 28
1445089731 28
1445089731 28
1445089731 28
1445089732 28
1445089733 28
1445089733 28
1445089733 28
1445089734 28
1445089734 28
1445089734 28
1445089735 28
1445089736 28
1445089736 28
1445089736 28
1445089737 28
1445089737 28
1445089737 28
1445089738 28
1445089739 28
1445089739 28
1445089739 28
1445089740 28
1445089740 28
1445089740 28
1445089741 28
1445089742 28
1445089742 28
1445089742 28
1445089743 28
1445089743 28
1445089743 28
1445089744 28
1445089745 28
1445089745 28
1445089745 28
1445089746 28
1445089746 28
1445089747 28
1445089748 28
1445089748 28
1445089748 28
1445089749 28
1445089749 28
1445089749 28
1445089750 28
1445089751 28
1445089751 28
1445089751 28
1445089752 28
1445089752 28
1445089752 28
1445089752 28
1445089752 28
1445089752 28
1445089752 28
1445089752 28
1445089752 28
1445089752 28
1445089752 28
1445089752 28
1445089752 28
1445089752 28
1445089752 28
1445089753 28
1445089753 28
1445089753 28
1445089753 28
1445089753 28
1445089753 28
1445089753 28
1445089753 28
1445089753 28
1445089754 28
1445089754 28
1445089754 28
1445089754 28
1445089754 28
1445089754 28
1445089754 28
1445089754 28
1445089754 28
1445089754 28
1445089754 28
1445089754 28
1445089754 28
1445089754 28
1445089754 28
1445089755 28
1445089755 28
1445089755 28
1445089755 28
1445089756 28
1445089757 28
1445089757 28
1445089757 28
1445089758 28
1445089758 28
1445089758 28
1445089758 28
1445089758 28
1445089758 28
1445089759 28
1445089760 28
1445089760 28
1445089760 28
1445089761 28
1445089761 28
1445089761 28
1445089762 28
1445089763 28
1445089763 28
1445089763 28
1445089764 28
1445089764 28
1445089764 28
1445089764 28
1445089765 28
1445089765 28
1445089765 28
1445089766 28
1445089766 28
1445089766 28
1445089766 28
1445089766 28
1445089766 28
1445089766 28
1445089766 28
1445089766 28
1445089766 28
1445089766 28
1445089766 28
1445089766 28
1445089766 28
1445089767 28
1445089767 28
1445089767 28
1445089767 28
1445089767 28
1445089767 18
1445089767 19
1445089767 -1
1445089767 28
1445089767 28
1445089767 28
1445089767 28
1445089767 28
1445089767 28
1445089767 28
1445089767 28
1445089767 28
1445089767 28
1445089767 28
1445089767 28
1445089767 28
1445089767 28
1445089767 28
1445089768 28
1445089768 28
1445089768 28
1445089768 2
1445089768 28
1445089768 28
1445089769 28
1445089769 28
1445089769 28
1445089769 6
1445089769 23
1445089769 24
1445089769 25
1445089769 22
1445089769 17
1445089769 15
1445089769 16
1445089769 13
1445089769 12
1445089769 9
1445089769 11
1445089769 28
1445089769 28
1445089769 28
1445089769 18
1445089769 19
1445089769 -1
1445089769 28
1445089770 28
1445089770 28
1445089770 28
1445089770 28
1445089770 18
1445089770 19
1445089770 -1
1445089771 28
1445089772 28
1445089772 28
1445089772 28
1445089773 28
1445089774 28
1445089775 28
1445089775 28
1445089775 28
1445089775 28
1445089775 28
1445089775 28
1445089775 28
1445089775 28
1445089775 28
1445089775 28
1445089775 28
1445089775 28
1445089775 28
1445089775 28
1445089775 28
1445089775 28
1445089775 28
1445089775 28
1445089775 28
1445089775 28
1445089775 2
1445089775 28
1445089776 28
1445089776 28
1445089776 28
1445089776 28
1445089776 18
1445089776 19
1445089776 -1
1445089776 28
1445089776 6
1445089776 23
1445089776 24
1445089776 25
1445089776 22
1445089776 17
1445089776 15
1445089776 16
1445089776 13
1445089776 12
1445089776 9
1445089776 11
1445089777 28
1445089778 28
1445089778 28
1445089778 28
1445089778 28
1445089778 28
1445089778 18
1445089778 19
1445089778 -1
1445089779 28
1445089780 28
1445089781 28
1445089781 28
1445089782 28
1445089783 28
1445089784 28
1445089784 28
1445089785 28
1445089786 28
1445089787 28
1445089787 28
1445089788 28
1445089789 28
1445089790 28
1445089790 28
1445089791 28
1445089792 28
1445089793 28
1445089793 28
1445089794 28
1445089795 28
1445089796 28
1445089796 28
1445089797 28
1445089798 28
1445089799 28
1445089799 28
1445089800 28
1445089801 28
1445089802 28
1445089802 28
1445089803 28
1445089804 28
1445089805 28
1445089805 28
1445089806 28
1445089807 28
1445089808 28
1445089808 28
1445089809 28
1445089810 28
1445089811 28
1445089811 28
1445089812 28
1445089813 28
1445089814 28
1445089814 28
1445089815 28
1445089816 28
1445089817 28
1445089817 28
1445089818 28
1445089819 28
1445089820 28
1445089820 28
1445089821 28
1445089822 28
1445089823 28
1445089823 28
1445089824 28
1445089825 28
1445089826 28
1445089826 28
1445089827 28
1445089828 28
1445089829 28
1445089829 28
1445089830 28
1445089831 28
1445089832 28
1445089832 28
1445089833 28
1445089834 28
1445089835 28
1445089836 28
1445089836 28
1445089837 28
1445089838 28
1445089839 28
1445089839 28
1445089840 28
1445089841 28
1445089842 28
1445089842 28
1445089843 28
1445089844 28
1445089845 28
1445089845 28
1445089846 28
1445089847 28
1445089848 28
1445089848 28
1445089849 28
1445089850 28
1445089851 28
1445089851 28
1445089852 28
1445089853 28
1445089854 28
1445089854 28
1445089855 28
1445089856 28
1445089857 28
1445089857 28
1445089858 28
1445089859 28
1445089860 28
1445089860 28
1445089861 28
1445089862 28
1445089863 28
1445089863 28
1445089864 28
1445089865 28
1445089866 28
1445089866 28
1445089867 28
1445089868 28
1445089869 28
1445089869 28
1445089870 28
1445089871 28
1445089871 28
1445089871 28
1445089871 28
1445089872 28
1445089872 28
1445089873 28
1445089874 28
1445089875 28
1445089875 28
1445089876 28
1445089877 28
1445089878 28
1445089878 28
1445089879 28
1445089880 28
1445089881 28
1445089881 28
1445089882 28
1445089883 28
1445089884 28
1445089884 28
1445089885 28
1445089886 28
1445089887 28
1445089887 28
1445089888 28
1445089889 28
1445089890 28
1445089890 28
1445089891 28
1445089892 28
1445089892 28
1445089892 28
1445089892 28
1445089892 28
1445089892 28
1445089892 28
1445089893 28
1445089893 28
1445089893 28
1445089893 28
1445089894 28
1445089894 28
1445089894 28
1445089894 28
1445089894 28
1445089894 28
1445089894 28
1445089894 28
1445089894 28
1445089894 28
1445089894 2
1445089894 28
1445089894 28
1445089894 28
1445089894 6
1445089894 23
1445089894 24
1445089894 25
1445089894 22
1445089894 17
1445089894 15
1445089894 16
1445089894 13
1445089894 12
1445089894 9
1445089894 11
1445089895 28
1445089895 28
1445089895 28
1445089896 28
1445089896 28
1445089896 28
1445089896 28
1445089896 18
1445089896 19
1445089896 -1
1445089896 28
1445089896 28
1445089896 28
1445089896 28
1445089896 28
1445089896 28
1445089896 28
1445089896 28
1445089896 28
1445089896 28
1445089896 28
1445089896 28
1445089896 28
1445089896 28
1445089897 28
1445089899 28
1445089899 28
1445089899 28
1445089904 28
1445089904 28
1445089904 28
1445089904 28
1445089904 28
1445089904 28
1445089904 28
1445089904 28
1445089904 28
1445089904 28
1445089904 28
1445089904 28
1445089904 28
1445089905 28
1445089906 28
1445089907 28
1445089907 28
1445089907 28
1445089908 28
1445089909 28
1445089909 28
1445089910 28
1445089911 28
1445089912 28
1445089912 28
1445089913 28
1445089914 28
1445089914 28
1445089915 28
1445089915 28
1445089916 28
1445089917 28
1445089917 28
1445089918 28
1445089918 28
1445089919 28
1445089920 28
1445089920 28
1445089921 28
1445089921 28
1445089922 28
1445089923 28
1445089923 28
1445089924 28
1445089924 28
1445089925 28
1445089926 28
1445089926 28
1445089927 28
1445089927 28
1445089928 28
1445089929 28
1445089929 28
1445089930 28
1445089930 28
1445089931 28
1445089932 28
1445089932 28
1445089933 28
1445089933 28
1445089934 28
1445089935 28
1445089935 28
1445089936 28
1445089937 28
1445089937 28
1445089938 28
1445089938 28
1445089939 28
1445089940 28
1445089940 28
1445089941 28
1445089941 28
1445089942 28
1445089943 28
1445089943 28
1445089944 28
1445089944 28
1445089945 28
1445089946 28
1445089946 28
1445089947 28
1445089947 28
1445089948 28
1445089949 28
1445089949 28
1445089950 28
1445089950 28
1445089951 28
1445089952 28
1445089952 28
1445089953 28
1445089953 28
1445089954 28
1445089955 28
1445089955 28
1445089956 28
1445089956 28
1445089957 28
1445089958 28
1445089958 28
1445089959 28
1445089959 28
1445089960 28
1445089961 28
1445089961 28
1445089962 28
1445089962 28
1445089963 28
1445089964 28
1445089964 28
1445089965 28
1445089965 28
1445089966 28
1445089966 28
1445089967 28
1445089967 28
1445089968 28
1445089968 28
1445089969 28
1445089970 28
1445089970 28
1445089971 28
1445089972 28
1445089972 28
1445089973 28
1445089973 28
1445089974 28
1445089975 28
1445089975 28
1445089976 28
1445089976 28
1445089977 28
1445089978 28
1445089978 28
1445089979 28
1445089979 28
1445089980 28
1445089981 28
1445089981 28
1445089982 28
1445089982 28
1445089983 28
1445089984 28
1445089984 28
1445089985 28
1445089985 28
1445089986 28
1445089987 28
1445089987 28
1445089988 28
1445089988 28
1445089989 28
1445089990 28
1445089990 28
1445089991 28
1445089991 28
1445089992 28
1445089993 28
1445089993 28
1445089994 28
1445089994 28
1445089995 28
1445089996 28
1445089996 28
1445089997 28
1445089997 28
1445089998 28
1445089999 28
1445089999 28
1445090000 28
1445090000 28
1445090001 28
1445090002 28
1445090002 28
1445090003 28
1445090003 28
1445090004 28
1445090005 28
1445090005 28
1445090006 28
1445090006 28
1445090007 28
1445090008 28
1445090008 28
1445090009 28
1445090009 28
1445090010 28
1445090011 28
1445090011 28
1445090012 28
1445090012 28
1445090013 28
1445090014 28
1445090014 28
1445090015 28
1445090015 28
1445090016 28
1445090017 28
1445090017 28
1445090018 28
1445090019 28
1445090019 28
1445090020 28
1445090020 28
1445090021 28
1445090022 28
1445090022 28
1445090023 28
1445090023 28
1445090024 28
1445090025 28
1445090025 28
1445090026 28
1445090026 28
1445090027 28
1445090028 28
1445090028 28
1445090029 28
1445090029 28
1445090030 28
1445090031 28
1445090031 28
1445090032 28
1445090032 28
1445090033 28
1445090034 28
1445090034 28
1445090035 28
1445090035 28
1445090036 28
1445090037 28
1445090037 28
1445090038 28
1445090038 28
1445090039 28
1445090039 28
1445090039 28
1445090039 28
1445090039 28
1445090039 28
1445090039 28
1445090039 28
1445090039 28
1445090039 28
1445090039 28
1445090039 28
1445090040 28
1445090040 28
1445090040 28
1445090040 18
1445090040 19
1445090040 -1
1445090040 28
1445090041 28
1445090041 28
1445090042 28
1445090043 28
1445090044 28
1445090044 28
1445090045 28
1445090046 28
1445090047 28
1445090047 28
1445090048 28
1445090051 28
1445090054 28
1445090057 28
1445090060 28
1445090063 28
1445090066 28
1445090069 28
1445090072 28
1445090075 28
1445090078 28
1445090081 28
1445090084 28
1445090087 28
1445090090 28
1445090093 28
1445090096 28
1445090099 28
1445090102 28
1445090105 28
1445090108 28
1445090111 28
1445090114 28
1445090117 28
1445090120 28
1445090123 28
1445090127 28
1445090130 28
1445090133 28
1445090136 28
1445090139 28
1445090142 28
1445090145 28
1445090148 28
1445090151 28
1445090154 28
1445090157 28
1445090160 28
1445090163 28
1445090166 28
1445090169 28
1445090172 28
1445090175 28
1445090178 28
1445090181 28
1445090184 28
1445090187 28
1445090190 28
1445090193 28
1445090196 28
1445090199 28
1445090203 28
1445090206 28
1445090209 28
1445090212 28
1445090215 28
1445090218 28
1445090221 28
1445090224 28
1445090227 28
1445090230 28
1445090233 28
1445090236 28
1445090239 28
1445090242 28
1445090245 28
1445090248 28
1445090251 28
1445090254 28
1445090257 28
1445090260 28
1445090263 28
1445090263 28
1445090266 28
1445090269 28
1445090272 28
1445090275 28
1445090278 28
1445090281 28
1445090285 28
1445090288 28
1445090291 28
1445090294 28
1445090297 28
1445090300 28
1445090303 28
1445090306 28
1445090309 28
1445090312 28
1445090315 28
1445090318 28
1445090321 28
1445090324 28
1445090327 28
1445090330 28
1445090333 28
1445090336 28
1445090339 28
1445090342 28
1445090345 28
1445090348 28
1445090351 28
1445090354 28
1445090357 28
1445090360 28
1445090363 28
1445090366 28
1445090369 28
1445090372 28
1445090375 28
1445090378 28
1445090381 28
1445090384 28
1445090388 28
1445090391 28
1445090394 28
1445090397 28
1445090400 28
1445090403 28
1445090406 28
1445090409 28
1445090412 28
1445090415 28
1445090418 28
1445090421 28
1445090424 28
1445090427 28
1445090430 28
1445090433 28
1445090436 28
1445090439 28
1445090442 28
1445090445 28
1445090448 28
1445090451 28
1445090454 28
1445090457 28
1445090460 28
1445090463 28
1445090466 28
1445090469 28
1445090472 28
1445090475 28
1445090478 28
1445090481 28
1445090484 28
1445090488 28
1445090491 28
1445090494 28
1445090497 28
1445090500 28
1445090503 28
1445090506 28
1445090509 28
1445090512 28
1445090515 28
1445090518 28
1445090521 28
1445090524 28
1445090527 28
1445090530 28
1445090533 28
1445090536 28
1445090539 28
1445090542 28
1445090545 28
1445090548 28
1445090551 28
1445090554 28
1445090557 28
1445090560 28
1445090563 28
1445090566 28
1445090569 28
1445090572 28
1445090575 28
1445090578 28
1445090581 28
1445090584 28
1445090587 28
1445090591 28
1445090594 28
1445090594 28
1445090594 28
1445090594 28
1445090594 28
1445090594 28
1445090594 28
1445090594 28
1445090594 28
1445090594 28
1445090594 28
1445090594 28
1445090594 28
1445090594 28
1445090594 28
1445090594 28
1445090594 28
1445090594 28
1445090594 28
1445090594 28
1445090594 28
1445090594 28
1445090594 28
1445090594 28
1445090594 28
1445090594 28
1445090594 28
1445090594 28
1445090594 28
1445090594 8
1445090594 28
1445090594 8
1445090594 28
1445090594 14
1445090594 28
1445090594 14
1445090594 28
1445090594 5
1445090594 26
1445090594 28
1445090594 4
1445090594 21
1445090594 28
1445090594 3
1445090594 10
1445090594 28
1445090594 28
1445090594 28
1445090594 28
1445090595 28
1445090595 28
1445090595 28
1445090595 28
1445090595 28
1445090595 28
