1445094743 24
1445094743 9
1445094743 15
1445094743 25
1445094743 6
1445094743 3
1445094745 2
1445094746 5
1445094746 8
1445094746 11
1445094747 7
1445094747 30
1445094747 13
1445094747 22
1445094747 23
1445094747 28
1445094747 12
1445094750 21
1445094750 18
1445094750 17
1445094750 30
1445094759 31
1445094759 20
1445094761 21
1445094761 18
1445094761 17
1445094761 30
1445094771 31
1445094771 20
1445094773 21
1445094773 18
1445094773 17
1445094773 30
1445094783 31
1445094786 20
1445094790 21
1445094790 18
1445094790 17
1445094790 30
1445094799 31
1445094799 20
1445094801 21
1445094802 18
1445094802 17
1445094802 30
1445094811 31
1445094811 20
1445094815 21
1445094815 18
1445094815 17
1445094815 30
1445094816 14
1445094823 31
1445094826 20
1445094826 21
1445094826 18
1445094826 17
1445094827 29
1445094827 27
1445094827 1
1445094849 4
1445094849 26
1445094849 16
1445094849 19
1445094849 10
