1445162516 8
1445162516 147
1445162516 16
1445162516 102
1445162516 83
1445162517 8
1445162517 147
1445162517 160
1445162518 82
1445162518 67
1445162518 22
1445162518 102
1445162518 3
1445162518 75
1445162518 25
1445162518 25
1445162518 154
1445162522 102
1445162522 25
1445162522 25
1445162522 102
1445162532 75
1445162532 25
1445162533 102
1445162533 25
1445162533 25
1445162533 102
1445162542 75
1445162542 25
1445162544 102
1445162544 25
1445162544 25
1445162544 102
1445162553 75
1445162553 25
1445162555 102
1445162555 25
1445162555 25
1445162555 102
1445162565 75
1445162565 25
1445162567 102
1445162567 25
1445162567 25
1445162567 102
1445162577 75
1445162577 25
1445162579 102
1445162579 25
1445162579 25
1445162579 102
1445162588 75
1445162588 25
1445162589 102
1445162589 25
1445162589 25
1445162589 102
1445162598 75
1445162598 25
1445162599 67
1445162599 102
1445162599 25
1445162599 25
1445162606 75
1445162606 102
1445162606 160
1445162632 129
1445162633 3
1445162633 16
1445162633 16
1445162633 111
