1445162637 8
1445162637 147
1445162637 16
1445162637 102
1445162637 83
1445162637 8
1445162637 147
1445162638 160
1445162638 82
1445162638 67
1445162638 22
1445162638 102
1445162638 3
1445162638 75
1445162638 25
1445162638 25
1445162638 154
1445162641 102
1445162641 25
1445162641 25
1445162641 102
1445162651 75
1445162651 25
1445162652 102
1445162652 25
1445162652 25
1445162652 102
1445162663 75
1445162663 25
1445162664 102
1445162664 25
1445162664 25
1445162664 102
1445162673 75
1445162673 25
1445162675 102
1445162675 25
1445162675 25
1445162675 102
1445162685 75
1445162685 25
1445162687 102
1445162687 25
1445162687 25
1445162687 102
1445162696 75
1445162696 25
1445162698 102
1445162698 25
1445162698 25
1445162698 102
1445162707 75
1445162707 25
1445162708 102
1445162708 25
1445162708 25
1445162708 102
1445162717 75
1445162717 25
1445162754 20
1445162754 53
1445162754 15
1445162754 15
1445162754 44
1445162754 12
1445162754 91
1445162754 41
1445162754 141
1445162754 41
1445162754 9
1445162754 137
1445162754 128
1445162754 141
1445162754 36
1445162754 164
1445162754 106
1445162754 4
1445162754 106
1445162754 106
1445162754 144
1445162754 53
1445162754 53
1445162754 53
1445162754 51
1445162754 51
1445162754 152
1445162754 51
1445162754 136
1445162754 51
1445162754 152
1445162754 15
1445162754 170
1445162754 20
1445162754 53
1445162754 15
1445162754 15
1445162754 44
1445162754 12
1445162754 91
1445162754 31
1445162754 36
1445162754 164
1445162754 106
1445162754 4
1445162754 106
1445162754 106
1445162754 144
1445162754 53
1445162754 53
1445162754 53
1445162754 51
1445162754 51
1445162754 152
1445162754 51
1445162754 136
1445162754 51
1445162754 152
1445162754 15
1445162754 170
1445162774 33
1445162794 33
1445162814 33
1445162834 33
1445162854 33
1445162874 33
1445162894 33
1445162914 33
1445162934 33
1445162954 33
1445162974 33
1445162994 33
1445163014 33
1445163034 33
1445163054 33
1445163074 33
1445163094 33
1445163114 33
1445163134 33
1445163154 33
1445163174 33
1445163194 33
1445163214 33
1445163234 33
1445163254 33
1445163274 33
1445163294 33
1445163314 33
1445163334 33
1445163354 33
1445163374 33
1445163394 33
1445163414 33
