1445247836 20
1445247836 9
1445247836 16
1445247836 22
1445247836 6
1445247836 4
1445247837 2
1445247837 5
1445247838 7
1445247838 11
1445247839 8
1445247839 27
1445247839 13
1445247839 18
1445247839 24
1445247839 19
1445247839 12
1445247843 23
1445247843 17
1445247843 14
1445247843 27
1445247853 28
1445247853 15
1445247855 23
1445247855 17
1445247855 14
1445247855 27
1445247866 28
1445247866 15
1445247869 23
1445247869 17
1445247869 14
1445247869 27
1445247879 28
1445247879 15
1445247881 23
1445247881 17
1445247881 14
1445247881 27
1445247891 28
1445247891 15
1445247893 23
1445247893 17
1445247893 14
1445247893 27
1445247902 28
1445247902 15
1445247905 23
1445247905 17
1445247905 14
1445247905 27
1445247914 28
1445247914 15
1445247916 23
1445247916 17
1445247916 14
1445247916 27
1445247926 28
1445247926 15
1445247928 10
1445247928 23
1445247928 17
1445247928 14
1445247936 26
1445247936 25
1445247936 1
1445247967 3
1445247967 21
