1445247836 8
1445247836 147
1445247836 16
1445247836 102
1445247836 83
1445247836 8
1445247837 147
1445247837 160
1445247838 82
1445247838 67
1445247839 22
1445247839 102
1445247839 3
1445247839 75
1445247839 25
1445247839 25
1445247839 154
1445247843 102
1445247843 25
1445247843 25
1445247843 102
1445247853 75
1445247853 25
1445247855 102
1445247855 25
1445247855 25
1445247855 102
1445247866 75
1445247866 25
1445247869 102
1445247869 25
1445247869 25
1445247869 102
1445247879 75
1445247879 25
1445247881 102
1445247881 25
1445247881 25
1445247881 102
1445247891 75
1445247891 25
1445247893 102
1445247893 25
1445247893 25
1445247893 102
1445247902 75
1445247902 25
1445247905 102
1445247905 25
1445247905 25
1445247905 102
1445247914 75
1445247914 25
1445247916 102
1445247916 25
1445247916 25
1445247916 102
1445247926 75
1445247926 25
1445247928 67
1445247928 102
1445247928 25
1445247928 25
1445247936 75
1445247936 102
1445247936 160
1445247967 129
1445247967 3
