1445175193 8
1445175194 147
1445175194 16
1445175194 102
1445175194 83
1445175194 8
1445175194 147
1445175195 160
1445175196 82
1445175196 67
1445175196 22
1445175196 102
1445175196 3
1445175196 75
1445175196 25
1445175196 25
1445175196 154
1445175199 102
1445175199 25
1445175199 25
1445175199 102
1445175210 75
1445175210 25
1445175212 102
1445175212 25
1445175212 25
1445175212 102
1445175221 75
1445175221 25
1445175223 102
1445175223 25
1445175223 25
1445175223 102
1445175232 75
1445175232 25
1445175234 102
1445175234 25
1445175234 25
1445175234 102
1445175244 75
1445175244 25
1445175245 102
1445175245 25
1445175245 25
1445175245 102
1445175253 75
1445175253 25
1445175254 102
1445175254 25
1445175254 25
1445175254 102
1445175255 67
1445175263 75
1445175263 25
1445175263 102
1445175263 25
1445175263 25
1445175264 75
1445175264 102
1445175264 160
1445175294 129
1445175294 3
1445175295 16
1445175295 16
1445175295 111
