1445092103 22
1445092103 14
1445092103 15
1445092103 25
1445092103 6
1445092104 5
1445092104 2
1445092105 3
1445092106 7
1445092106 9
1445092107 8
1445092107 31
1445092107 10
1445092107 24
1445092107 23
1445092107 27
1445092107 13
1445092109 21
1445092109 20
1445092109 19
1445092109 31
1445092117 30
1445092117 18
1445092118 21
1445092118 20
1445092118 19
1445092118 31
1445092126 30
1445092126 18
1445092127 21
1445092127 20
1445092127 19
1445092127 31
1445092134 30
1445092134 18
1445092135 21
1445092135 20
1445092135 19
1445092135 31
1445092143 30
1445092143 18
1445092144 21
1445092144 20
1445092144 19
1445092144 31
1445092152 30
1445092152 18
1445092152 21
1445092152 20
1445092152 19
1445092152 31
1445092153 11
1445092160 30
1445092160 18
1445092160 21
1445092160 20
1445092160 19
1445092161 29
1445092161 28
1445092161 1
1445092190 4
1445092190 26
1445092190 17
1445092190 16
1445092190 12
