1445236021 8
1445236021 147
1445236021 16
1445236021 102
1445236021 83
1445236021 8
1445236021 147
1445236022 160
1445236022 82
1445236022 67
1445236023 22
1445236023 102
1445236023 3
1445236023 75
1445236023 25
1445236023 25
1445236023 154
1445236025 102
1445236025 25
1445236025 25
1445236025 102
1445236034 75
1445236034 25
1445236035 102
1445236035 25
1445236035 25
1445236035 102
1445236045 75
1445236045 25
1445236046 102
1445236046 25
1445236046 25
1445236046 102
1445236055 75
1445236055 25
1445236056 102
1445236056 25
1445236056 25
1445236056 102
1445236065 75
1445236065 25
1445236066 102
1445236066 25
1445236066 25
1445236066 102
1445236075 75
1445236075 25
1445236077 102
1445236077 25
1445236077 25
1445236077 102
1445236078 67
1445236087 75
1445236087 25
1445236087 102
1445236087 25
1445236087 25
1445236088 75
1445236088 102
1445236089 160
1445236133 129
1445236133 3
