1445068415 22
1445068415 11
1445068415 19
1445068416 23
1445068416 6
1445068416 3
1445068416 2
1445068417 5
1445068418 8
1445068418 13
1445068418 7
1445068418 31
1445068418 12
1445068418 25
1445068418 26
1445068418 28
1445068418 9
1445068422 27
1445068422 18
1445068422 20
1445068422 31
1445068434 30
1445068434 17
1445068437 27
1445068437 18
1445068437 20
1445068437 31
1445068448 30
1445068449 17
1445068452 27
1445068452 18
1445068452 20
1445068452 31
1445068463 30
1445068472 17
1445068474 27
1445068474 18
1445068474 20
1445068474 31
1445068484 30
1445068484 17
1445068487 27
1445068487 18
1445068487 20
1445068487 31
1445068498 30
1445068505 17
1445068508 27
1445068508 18
1445068508 20
1445068508 31
1445068519 30
1445068519 17
1445068522 27
1445068522 18
1445068522 20
1445068522 31
1445068533 30
1445068533 17
1445068535 10
1445068535 27
1445068535 18
1445068535 20
1445068545 29
1445068545 21
1445068545 1
1445068576 4
1445068576 24
1445068576 15
1445068576 16
1445068576 14
