1445235943 23
1445235943 13
1445235943 14
1445235943 24
1445235943 6
1445235944 4
1445235944 2
1445235944 3
1445235945 8
1445235945 10
1445235945 7
1445235945 28
1445235945 9
1445235945 20
1445235945 21
1445235945 18
1445235945 11
1445235947 22
1445235947 15
1445235947 17
1445235947 28
1445235958 26
1445235959 16
1445235960 22
1445235960 15
1445235960 17
1445235960 28
1445235969 26
1445235969 16
1445235970 22
1445235970 15
1445235970 17
1445235970 28
1445235980 26
1445235980 16
1445235981 22
1445235981 15
1445235981 17
1445235981 28
1445235991 26
1445235991 16
1445235992 22
1445235992 15
1445235992 17
1445235992 28
1445236001 26
1445236001 16
1445236002 22
1445236002 15
1445236002 17
1445236002 28
1445236003 12
1445236016 26
1445236021 16
1445236021 22
1445236021 15
1445236021 17
1445236022 27
1445236022 19
1445236022 1
1445236059 5
1445236059 25
