1445235943 8
1445235943 147
1445235943 16
1445235943 102
1445235943 83
1445235944 8
1445235944 147
1445235944 160
1445235945 82
1445235945 67
1445235945 22
1445235945 102
1445235945 3
1445235945 75
1445235945 25
1445235945 25
1445235945 154
1445235947 102
1445235947 25
1445235947 25
1445235947 102
1445235958 75
1445235959 25
1445235960 102
1445235960 25
1445235960 25
1445235960 102
1445235969 75
1445235969 25
1445235970 102
1445235970 25
1445235970 25
1445235970 102
1445235980 75
1445235980 25
1445235981 102
1445235981 25
1445235981 25
1445235981 102
1445235991 75
1445235991 25
1445235992 102
1445235992 25
1445235992 25
1445235992 102
1445236001 75
1445236001 25
1445236002 102
1445236002 25
1445236002 25
1445236002 102
1445236003 67
1445236016 75
1445236021 25
1445236021 102
1445236021 25
1445236021 25
1445236022 75
1445236022 102
1445236022 160
1445236059 129
1445236059 3
