1445175191 27
1445175192 11
1445175192 17
1445175192 25
1445175192 6
1445175192 3
1445175192 2
1445175193 5
1445175193 8
1445175194 10
1445175194 7
1445175194 30
1445175194 9
1445175194 26
1445175194 21
1445175194 28
1445175194 14
1445175197 23
1445175197 16
1445175197 20
1445175197 30
1445175209 31
1445175209 18
1445175211 23
1445175211 16
1445175211 20
1445175211 30
1445175221 31
1445175221 18
1445175223 23
1445175223 16
1445175223 20
1445175223 30
1445175234 31
1445175234 18
1445175235 23
1445175235 16
1445175235 20
1445175235 30
1445175245 31
1445175245 18
1445175247 23
1445175247 16
1445175247 20
1445175247 30
1445175255 31
1445175255 18
1445175256 23
1445175256 16
1445175256 20
1445175256 30
1445175257 12
1445175266 31
1445175266 18
1445175266 23
1445175266 16
1445175266 20
1445175268 29
1445175268 22
1445175268 1
1445175307 4
1445175307 24
1445175307 19
1445175307 15
1445175307 13
