1445175191 8
1445175192 147
1445175192 16
1445175192 102
1445175192 83
1445175192 8
1445175192 147
1445175193 160
1445175193 82
1445175194 67
1445175194 22
1445175194 102
1445175194 3
1445175194 75
1445175194 25
1445175194 25
1445175194 154
1445175197 102
1445175197 25
1445175197 25
1445175197 102
1445175209 75
1445175209 25
1445175211 102
1445175211 25
1445175211 25
1445175211 102
1445175221 75
1445175221 25
1445175223 102
1445175223 25
1445175223 25
1445175223 102
1445175234 75
1445175234 25
1445175235 102
1445175235 25
1445175235 25
1445175235 102
1445175245 75
1445175245 25
1445175247 102
1445175247 25
1445175247 25
1445175247 102
1445175255 75
1445175255 25
1445175256 102
1445175256 25
1445175256 25
1445175256 102
1445175257 67
1445175266 75
1445175266 25
1445175266 102
1445175266 25
1445175266 25
1445175268 75
1445175268 102
1445175268 160
1445175307 129
1445175307 3
1445175307 16
1445175307 16
1445175307 111
