1445076963 8
1445076963 147
1445076963 16
1445076963 102
1445076963 83
1445076964 8
1445076964 147
1445076965 160
1445076966 82
1445076966 67
1445076966 22
1445076966 102
1445076966 3
1445076966 75
1445076966 25
1445076966 25
1445076966 154
1445076978 102
1445076978 25
1445076978 25
1445076978 102
1445076989 75
1445076989 25
1445076991 102
1445076991 25
1445076991 25
1445076991 102
1445077001 75
1445077001 25
1445077005 102
1445077005 25
1445077005 25
1445077005 102
1445077016 75
1445077016 25
1445077019 102
1445077019 25
1445077019 25
1445077019 102
1445077031 75
1445077031 25
1445077037 102
1445077037 25
1445077037 25
1445077037 102
1445077048 75
1445077048 25
1445077057 102
1445077057 25
1445077057 25
1445077057 102
1445077069 75
1445077069 25
1445077075 102
1445077075 25
1445077075 25
1445077075 102
1445077088 75
1445077088 25
1445077095 67
1445077095 102
1445077095 25
1445077095 25
1445077103 75
1445077103 102
1445077103 160
1445077132 129
1445077133 3
1445077133 16
1445077133 16
1445077133 111
