1445089677 25
1445089678 9
1445089678 14
1445089678 21
1445089678 6
1445089678 3
1445089678 2
1445089680 5
1445089681 7
1445089681 10
1445089681 8
1445089681 26
1445089681 11
1445089681 23
1445089681 20
1445089681 24
1445089681 13
1445089683 19
1445089683 17
1445089683 16
1445089683 26
1445089692 28
1445089692 15
1445089694 19
1445089694 17
1445089694 16
1445089694 26
1445089702 28
1445089702 15
1445089703 19
1445089703 17
1445089703 16
1445089703 26
1445089712 28
1445089712 15
1445089713 19
1445089713 17
1445089713 16
1445089713 26
1445089722 28
1445089722 15
1445089723 19
1445089723 17
1445089723 16
1445089723 26
1445089734 28
1445089734 15
1445089735 19
1445089735 17
1445089735 16
1445089735 26
1445089736 12
1445089746 28
1445089746 15
1445089746 19
1445089746 17
1445089746 16
1445089747 27
1445089747 22
1445089747 1
1445089779 4
1445089779 18
