1445071665 19
1445071665 11
1445071665 16
1445071665 23
1445071665 6
1445071665 3
1445071666 2
1445071666 5
1445071667 7
1445071667 13
1445071667 8
1445071667 26
1445071667 10
1445071667 25
1445071667 24
1445071667 22
1445071667 9
1445071670 21
1445071670 15
1445071670 14
1445071670 26
1445071680 28
1445071680 17
1445071683 21
1445071683 15
1445071683 14
1445071683 26
1445071692 28
1445071692 17
1445071694 12
1445071694 21
1445071694 15
1445071694 14
1445071701 27
1445071701 20
1445071701 1
1445071714 4
1445071714 18
