1445071665 8
1445071665 147
1445071665 16
1445071665 102
1445071665 83
1445071665 8
1445071666 147
1445071666 160
1445071667 82
1445071667 67
1445071667 22
1445071667 102
1445071667 3
1445071667 75
1445071667 25
1445071667 25
1445071667 154
1445071670 102
1445071670 25
1445071670 25
1445071670 102
1445071680 75
1445071680 25
1445071683 102
1445071683 25
1445071683 25
1445071683 102
1445071692 75
1445071692 25
1445071694 67
1445071694 102
1445071694 25
1445071694 25
1445071701 75
1445071701 102
1445071701 160
1445071714 129
1445071714 3
