1445241001 21
1445241002 11
1445241002 14
1445241002 23
1445241002 6
1445241002 3
1445241002 2
1445241003 4
1445241004 7
1445241004 10
1445241004 8
1445241004 28
1445241004 13
1445241004 25
1445241004 24
1445241004 19
1445241004 9
1445241009 22
1445241009 16
1445241009 15
1445241009 28
1445241020 27
1445241020 17
1445241021 22
1445241021 16
1445241021 15
1445241021 28
1445241031 27
1445241031 17
1445241033 22
1445241033 16
1445241033 15
1445241033 28
1445241042 27
1445241042 17
1445241043 22
1445241043 16
1445241043 15
1445241043 28
1445241053 27
1445241053 17
1445241055 22
1445241055 16
1445241055 15
1445241055 28
1445241065 27
1445241065 17
1445241066 22
1445241066 16
1445241066 15
1445241066 28
1445241076 27
1445241076 17
1445241077 22
1445241077 16
1445241077 15
1445241077 28
1445241085 27
1445241085 17
1445241086 12
1445241086 22
1445241086 16
1445241086 15
1445241094 26
1445241094 20
1445241094 1
1445241125 5
1445241125 18
