1445241007 8
1445241007 147
1445241007 16
1445241007 102
1445241007 83
1445241007 8
1445241008 147
1445241009 160
1445241011 82
1445241011 67
1445241012 22
1445241012 102
1445241012 3
1445241012 75
1445241012 25
1445241012 25
1445241012 154
1445241029 102
1445241029 25
1445241029 25
1445241029 102
1445241054 75
1445241054 25
1445241059 102
1445241059 25
1445241059 25
1445241059 102
1445241087 75
1445241087 25
1445241092 102
1445241092 25
1445241092 25
1445241092 102
1445241116 75
1445241116 25
1445241122 102
1445241122 25
1445241122 25
1445241122 102
1445241146 75
1445241146 25
1445241153 102
1445241153 25
1445241153 25
1445241153 102
1445241178 75
1445241178 25
1445241185 102
1445241185 25
1445241185 25
1445241185 102
1445241213 75
1445241213 25
1445241218 102
1445241218 25
1445241218 25
1445241218 102
1445241241 75
1445241241 25
1445241244 67
1445241244 102
1445241244 25
1445241244 25
1445241263 75
1445241263 102
1445241263 160
1445241346 129
1445241346 3
1445241347 16
1445241347 16
1445241347 111
