1445235824 26
1445235825 14
1445235825 15
1445235825 23
1445235825 6
1445235825 4
1445235825 2
1445235826 5
1445235827 7
1445235827 11
1445235827 8
1445235827 29
1445235827 13
1445235827 22
1445235827 25
1445235827 27
1445235827 12
1445235830 24
1445235830 18
1445235830 16
1445235830 29
1445235839 31
1445235839 17
1445235840 24
1445235840 18
1445235840 16
1445235840 29
1445235850 31
1445235850 17
1445235851 24
1445235851 18
1445235851 16
1445235851 29
1445235861 31
1445235861 17
1445235863 24
1445235863 18
1445235863 16
1445235863 29
1445235872 31
1445235872 17
1445235873 24
1445235873 18
1445235873 16
1445235873 29
1445235883 31
1445235883 17
1445235885 24
1445235885 18
1445235885 16
1445235885 29
1445235885 10
1445235893 31
1445235893 17
1445235893 24
1445235893 18
1445235893 16
1445235895 30
1445235895 28
1445235895 1
1445235946 3
1445235946 21
1445235946 19
1445235946 20
1445235946 9
