1445248393 8
1445248393 147
1445248393 16
1445248393 102
1445248393 83
1445248393 8
1445248394 147
1445248395 160
1445248395 82
1445248395 67
1445248396 22
1445248396 102
1445248396 3
1445248396 75
1445248396 25
1445248396 25
1445248396 154
1445248400 102
1445248400 25
1445248400 25
1445248400 102
1445248410 75
1445248410 25
1445248413 102
1445248413 25
1445248413 25
1445248413 102
1445248422 75
1445248422 25
1445248424 102
1445248424 25
1445248424 25
1445248424 102
1445248433 75
1445248433 25
1445248435 102
1445248435 25
1445248435 25
1445248435 102
1445248444 75
1445248444 25
1445248447 102
1445248447 25
1445248447 25
1445248447 102
1445248457 75
1445248457 25
1445248459 102
1445248459 25
1445248459 25
1445248459 102
1445248468 75
1445248468 25
1445248470 102
1445248470 25
1445248470 25
1445248470 102
1445248479 75
1445248479 25
1445248480 67
1445248480 102
1445248480 25
1445248480 25
1445248488 75
1445248488 102
1445248488 160
1445248520 129
1445248520 3
