1445175363 23
1445175363 11
1445175363 16
1445175363 18
1445175363 6
1445175363 4
1445175363 2
1445175364 5
1445175364 7
1445175364 10
1445175364 8
1445175364 26
1445175364 13
1445175364 21
1445175364 19
1445175364 20
1445175364 9
1445175366 22
1445175366 14
1445175366 17
1445175366 26
1445175374 27
1445175374 15
1445175374 22
1445175374 14
1445175374 17
1445175374 26
1445175382 27
1445175382 15
1445175383 22
1445175383 14
1445175383 17
1445175383 26
1445175390 27
1445175390 15
1445175391 22
1445175391 14
1445175391 17
1445175391 26
1445175398 27
1445175398 15
1445175399 22
1445175399 14
1445175399 17
1445175399 26
1445175406 27
1445175406 15
1445175407 22
1445175407 14
1445175407 17
1445175407 26
1445175408 12
1445175415 27
1445175415 15
1445175415 22
1445175415 14
1445175415 17
1445175416 28
1445175416 24
1445175416 1
1445175436 3
1445175436 25
