1445094489 23
1445094490 10
1445094490 17
1445094490 24
1445094490 6
1445094490 3
1445094492 2
1445094495 5
1445094497 7
1445094498 13
1445094499 8
1445094499 29
1445094499 11
1445094499 27
1445094499 25
1445094499 21
1445094499 14
1445094505 26
1445094505 18
1445094505 20
1445094505 29
1445094533 30
1445094533 19
1445094537 26
1445094537 18
1445094537 20
1445094537 29
1445094566 30
1445094566 19
1445094569 26
1445094569 18
1445094569 20
1445094569 29
1445094597 30
1445094597 19
1445094601 26
1445094601 18
1445094601 20
1445094601 29
1445094630 30
1445094630 19
1445094633 26
1445094633 18
1445094633 20
1445094633 29
1445094661 30
1445094661 19
1445094664 26
1445094664 18
1445094664 20
1445094664 29
1445094666 12
1445094690 30
1445094690 19
1445094690 26
1445094690 18
1445094690 20
1445094694 31
1445094694 28
1445094694 1
1445094781 4
1445094781 22
1445094782 16
1445094782 15
1445094782 9
