1445241369 28
1445241369 14
1445241369 15
1445241369 27
1445241369 6
1445241369 5
1445241370 2
1445241371 3
1445241372 8
1445241372 13
1445241372 7
1445241372 30
1445241372 11
1445241372 22
1445241372 26
1445241372 25
1445241372 9
1445241376 23
1445241376 19
1445241376 18
1445241376 30
1445241387 29
1445241387 16
1445241390 23
1445241390 19
1445241390 18
1445241390 30
1445241400 29
1445241400 16
1445241402 23
1445241402 19
1445241402 18
1445241402 30
1445241412 29
1445241412 16
1445241414 23
1445241414 19
1445241414 18
1445241414 30
1445241422 29
1445241422 16
1445241425 23
1445241425 19
1445241425 18
1445241425 30
1445241434 29
1445241434 16
1445241437 23
1445241437 19
1445241437 18
1445241437 30
1445241446 29
1445241446 16
1445241449 23
1445241449 19
1445241449 18
1445241449 30
1445241461 29
1445241468 16
1445241470 12
1445241470 23
1445241470 19
1445241470 18
1445241478 31
1445241489 24
1445241489 1
1445241515 4
1445241515 21
1445241515 20
1445241515 17
1445241515 10
