1445241369 8
1445241369 147
1445241369 16
1445241369 102
1445241369 83
1445241369 8
1445241370 147
1445241371 160
1445241372 82
1445241372 67
1445241372 22
1445241372 102
1445241372 3
1445241372 75
1445241372 25
1445241372 25
1445241372 154
1445241376 102
1445241376 25
1445241376 25
1445241376 102
1445241387 75
1445241387 25
1445241390 102
1445241390 25
1445241390 25
1445241390 102
1445241400 75
1445241400 25
1445241402 102
1445241402 25
1445241402 25
1445241402 102
1445241412 75
1445241412 25
1445241414 102
1445241414 25
1445241414 25
1445241414 102
1445241422 75
1445241422 25
1445241425 102
1445241425 25
1445241425 25
1445241425 102
1445241434 75
1445241434 25
1445241437 102
1445241437 25
1445241437 25
1445241437 102
1445241446 75
1445241446 25
1445241449 102
1445241449 25
1445241449 25
1445241449 102
1445241461 75
1445241468 25
1445241470 67
1445241470 102
1445241470 25
1445241470 25
1445241478 75
1445241489 102
1445241489 160
1445241515 129
1445241515 3
1445241515 16
1445241515 16
1445241515 111
