1445067774 46
1445067774 39
1445067774 42
1445067774 45
1445067774 32
1445067775 24
1445067776 5
1445067780 26
1445067782 34
1445067782 37
1445067783 35
1445067783 30
1445067784 25
1445067784 14
1445067784 22
1445067784 23
1445067785 1
1445067785 16
1445067785 11
1445067787 29
1445067787 18
1445067873 14
1445067873 22
1445067873 23
1445067873 1
1445067873 16
1445067873 11
1445067883 14
1445067911 14
1445067911 15
1445067911 19
1445067911 1
1445067911 16
1445067911 11
1445067921 29
1445067922 21
1445067922 22
1445067922 23
1445067922 1
1445067922 16
1445067922 11
1445067931 29
1445067932 8
1445067942 14
1445067942 15
1445067942 19
1445067942 1
1445067942 16
1445067942 11
1445067955 14
1445067955 15
1445067955 19
1445067955 1
1445067955 16
1445067955 11
1445067956 14
1445067966 29
1445067966 6
1445067966 15
1445067966 19
1445067966 1
1445067966 16
1445067966 11
1445067978 14
1445067989 14
1445067989 22
1445067989 23
1445067989 1
1445067989 16
1445067989 11
1445067989 29
1445067989 17
1445068003 14
1445068003 22
1445068003 23
1445068004 1
1445068004 16
1445068004 11
1445068004 29
1445068004 13
1445068011 29
1445068011 10
1445068011 15
1445068011 19
1445068011 1
1445068011 16
1445068011 11
1445068035 29
1445068035 4
1445068049 29
1445068049 20
1445068061 29
1445068061 27
1445068061 9
1445068061 7
1445068061 33
1445068061 31
1445068061 44
1445068062 3
1445068062 12
1445068086 47
1445068086 53
1445068086 51
1445068086 49
1445068086 52
1445068086 43
1445068086 50
1445068175 28
1445068175 36
1445068175 2
1445068175 48
1445068175 40
1445068175 41
1445068175 38
