1445067774 8
1445067774 147
1445067774 16
1445067774 102
1445067774 83
1445067775 8
1445067776 147
1445067780 160
1445067782 82
1445067782 67
1445067783 154
1445067783 0
1445067784 58
1445067784 58
1445067784 78
1445067784 78
1445067785 60
1445067785 60
1445067785 167
1445067787 167
1445067787 66
1445067873 58
1445067873 78
1445067873 78
1445067873 60
1445067873 60
1445067873 167
1445067883 58
1445067911 58
1445067911 78
1445067911 78
1445067911 60
1445067911 60
1445067911 167
1445067921 167
1445067922 66
1445067922 78
1445067922 78
1445067922 60
1445067922 60
1445067922 167
1445067931 167
1445067932 1
1445067942 58
1445067942 78
1445067942 78
1445067942 60
1445067942 60
1445067942 167
1445067955 58
1445067955 78
1445067955 78
1445067955 60
1445067955 60
1445067955 167
1445067956 58
1445067966 167
1445067966 1
1445067966 78
1445067966 78
1445067966 60
1445067966 60
1445067966 167
1445067978 58
1445067989 58
1445067989 78
1445067989 78
1445067989 60
1445067989 60
1445067989 167
1445067989 167
1445067989 66
1445068003 58
1445068003 78
1445068003 78
1445068004 60
1445068004 60
1445068004 167
1445068004 167
1445068004 66
1445068011 167
1445068011 1
1445068011 78
1445068011 78
1445068011 60
1445068011 60
1445068011 167
1445068035 167
1445068035 1
1445068049 167
1445068049 66
1445068061 167
1445068061 58
1445068061 1
1445068061 0
1445068061 120
1445068061 120
1445068061 102
1445068062 160
1445068062 60
1445068086 90
1445068086 158
1445068086 117
1445068086 117
1445068086 149
1445068086 97
1445068086 97
1445068175 129
1445068175 129
1445068175 167
1445068175 3
1445068175 16
1445068175 16
1445068175 111
