1445088274 8
1445088274 147
1445088274 16
1445088274 102
1445088274 83
1445088275 8
1445088278 147
1445088282 160
1445088284 82
1445088285 67
1445088285 22
1445088286 102
1445088286 3
1445088286 75
1445088286 25
1445088286 25
1445088286 154
1445088292 102
1445088292 25
1445088292 25
1445088292 102
1445088332 75
1445088333 25
1445088339 102
1445088339 25
1445088339 25
1445088339 102
1445088378 75
1445088378 25
1445088383 102
1445088383 25
1445088383 25
1445088383 102
1445088421 75
1445088422 25
1445088427 102
1445088427 25
1445088427 25
1445088427 102
