1445094505 17
1445094505 7
1445094505 14
1445094505 18
1445094505 4
1445094506 2
1445094507 1
1445094508 3
1445094511 5
1445094512 8
1445094514 6
1445094515 23
1445094515 11
1445094515 19
1445094515 16
1445094515 20
1445094515 10
1445094539 21
1445094539 15
1445094539 12
1445094539 23
1445094582 22
1445094583 13
1445094588 21
1445094588 15
1445094588 12
1445094588 23
1445094630 22
1445094630 13
1445094634 21
1445094634 15
1445094634 12
1445094634 23
1445094675 22
1445094676 13
1445094680 21
1445094680 15
1445094680 12
1445094680 23
1445094716 22
1445094716 13
1445094720 21
1445094720 15
1445094720 12
1445094720 23
1445094755 22
1445094755 13
1445094759 21
1445094759 15
1445094759 12
1445094759 23
1445094760 9
