1445088259 28
1445088260 12
1445088260 17
1445088260 23
1445088260 6
1445088260 4
1445088260 2
1445088262 5
1445088263 8
1445088263 9
1445088264 7
1445088264 31
1445088264 13
1445088264 24
1445088264 25
1445088264 22
1445088264 14
1445088266 26
1445088266 18
1445088266 19
1445088266 31
1445088278 30
1445088278 16
1445088279 26
1445088279 18
1445088279 19
1445088279 31
1445088288 30
1445088288 16
1445088289 26
1445088289 18
1445088289 19
1445088289 31
1445088298 30
1445088298 16
1445088299 26
1445088299 18
1445088299 19
1445088299 31
1445088307 30
1445088307 16
1445088308 26
1445088308 18
1445088308 19
1445088308 31
1445088316 30
1445088316 16
1445088317 26
1445088317 18
1445088317 19
1445088317 31
1445088318 10
1445088325 30
1445088325 16
1445088325 26
1445088325 18
1445088325 19
1445088326 29
1445088326 27
1445088326 1
1445088352 3
1445088352 21
1445088352 20
1445088352 15
1445088352 11
