1445092117 25
1445092117 12
1445092117 16
1445092117 23
1445092117 6
1445092117 5
1445092118 2
1445092119 3
1445092120 7
1445092120 13
1445092120 8
1445092120 29
1445092120 9
1445092120 27
1445092120 21
1445092120 22
1445092120 14
1445092122 26
1445092122 18
1445092122 20
1445092122 29
1445092133 31
1445092133 19
1445092135 26
1445092135 18
1445092135 20
1445092135 29
1445092147 31
1445092147 19
1445092148 26
1445092148 18
1445092148 20
1445092148 29
1445092158 31
1445092158 19
1445092159 26
1445092159 18
1445092159 20
1445092159 29
1445092168 31
1445092168 19
1445092169 10
1445092169 26
1445092169 18
1445092169 20
1445092176 30
1445092176 24
1445092176 1
1445092199 4
1445092199 28
1445092199 15
1445092199 17
1445092199 11
