1445072795 8
1445072795 147
1445072795 16
1445072796 102
1445072796 83
1445072796 8
1445072796 147
1445072797 160
1445072798 82
1445072798 67
1445072798 22
1445072798 102
1445072798 3
1445072798 75
1445072798 25
1445072798 25
1445072798 154
1445072802 102
1445072802 25
1445072802 25
1445072802 102
1445072814 75
1445072814 25
1445072817 102
1445072817 25
1445072817 25
1445072817 102
1445072828 75
1445072828 25
1445072830 67
1445072830 102
1445072830 25
1445072830 25
1445072837 75
1445072837 102
1445072837 160
1445072849 129
1445072850 3
