1445067958 23
1445067958 13
1445067958 17
1445067958 21
1445067958 6
1445067959 3
1445067959 2
1445067960 5
1445067961 8
1445067961 12
1445067962 7
1445067962 28
1445067962 9
1445067962 25
1445067962 22
1445067962 20
1445067962 10
1445067969 18
1445067969 16
1445067969 15
1445067969 28
1445067980 27
1445067980 14
1445067983 18
1445067983 16
1445067983 15
1445067983 28
1445067993 27
1445067993 14
1445067997 18
1445067997 16
1445067997 15
1445067997 28
1445068008 27
1445068008 14
1445068012 18
1445068012 16
1445068012 15
1445068012 28
1445068021 27
1445068021 14
1445068024 18
1445068024 16
1445068024 15
1445068024 28
1445068033 27
1445068033 14
1445068038 18
1445068038 16
1445068038 15
1445068038 28
1445068048 27
1445068048 14
1445068053 18
1445068053 16
1445068053 15
1445068053 28
1445068063 27
1445068063 14
1445068068 11
1445068068 18
1445068068 16
1445068068 15
1445068081 26
1445068081 19
1445068081 1
1445068115 4
1445068115 24
