1445067958 8
1445067958 147
1445067958 16
1445067958 102
1445067958 83
1445067959 8
1445067959 147
1445067960 160
1445067961 82
1445067961 67
1445067962 22
1445067962 102
1445067962 3
1445067962 75
1445067962 25
1445067962 25
1445067962 154
1445067969 102
1445067969 25
1445067969 25
1445067969 102
1445067980 75
1445067980 25
1445067983 102
1445067983 25
1445067983 25
1445067983 102
1445067993 75
1445067993 25
1445067997 102
1445067997 25
1445067997 25
1445067997 102
1445068008 75
1445068008 25
1445068012 102
1445068012 25
1445068012 25
1445068012 102
1445068021 75
1445068021 25
1445068024 102
1445068024 25
1445068024 25
1445068024 102
1445068033 75
1445068033 25
1445068038 102
1445068038 25
1445068038 25
1445068038 102
1445068048 75
1445068048 25
1445068053 102
1445068053 25
1445068053 25
1445068053 102
1445068063 75
1445068063 25
1445068068 67
1445068068 102
1445068068 25
1445068068 25
1445068081 75
1445068081 102
1445068081 160
1445068115 129
1445068115 3
