1445162517 27
1445162517 11
1445162517 19
1445162517 22
1445162517 6
1445162517 3
1445162518 2
1445162518 5
1445162519 7
1445162519 10
1445162519 8
1445162519 30
1445162519 14
1445162519 24
1445162519 26
1445162519 23
1445162519 12
1445162523 21
1445162523 16
1445162523 20
1445162523 30
1445162534 29
1445162534 15
1445162537 21
1445162537 16
1445162537 20
1445162537 30
1445162549 29
1445162549 15
1445162551 21
1445162551 16
1445162551 20
1445162551 30
1445162562 29
1445162562 15
1445162565 21
1445162565 16
1445162565 20
1445162565 30
1445162576 29
1445162576 15
1445162578 21
1445162578 16
1445162578 20
1445162578 30
1445162589 29
1445162590 15
1445162593 21
1445162593 16
1445162593 20
1445162593 30
1445162604 29
1445162604 15
1445162607 21
1445162607 16
1445162607 20
1445162607 30
1445162617 29
1445162617 15
1445162618 9
1445162618 21
1445162618 16
1445162618 20
1445162626 31
1445162626 25
1445162626 1
1445162659 4
1445162659 28
1445162660 17
1445162660 18
1445162660 13
