1445162517 8
1445162517 147
1445162517 16
1445162517 102
1445162517 83
1445162517 8
1445162518 147
1445162518 160
1445162519 82
1445162519 67
1445162519 22
1445162519 102
1445162519 3
1445162519 75
1445162519 25
1445162519 25
1445162519 154
1445162523 102
1445162523 25
1445162523 25
1445162523 102
1445162534 75
1445162534 25
1445162537 102
1445162537 25
1445162537 25
1445162537 102
1445162549 75
1445162549 25
1445162551 102
1445162551 25
1445162551 25
1445162551 102
1445162562 75
1445162562 25
1445162565 102
1445162565 25
1445162565 25
1445162565 102
1445162576 75
1445162576 25
1445162578 102
1445162578 25
1445162578 25
1445162578 102
1445162589 75
1445162590 25
1445162593 102
1445162593 25
1445162593 25
1445162593 102
1445162604 75
1445162604 25
1445162607 102
1445162607 25
1445162607 25
1445162607 102
1445162617 75
1445162617 25
1445162618 67
1445162618 102
1445162618 25
1445162618 25
1445162626 75
1445162626 102
1445162626 160
1445162659 129
1445162659 3
1445162660 16
1445162660 16
1445162660 111
