1445067959 8
1445067959 147
1445067959 16
1445067959 102
1445067959 83
1445067959 8
1445067960 147
1445067961 160
1445067962 82
1445067962 67
1445067963 22
1445067963 102
1445067963 3
1445067963 75
1445067963 25
1445067963 25
1445067963 154
1445067969 102
1445067969 25
1445067969 25
1445067969 102
1445067982 75
1445067982 25
1445067985 102
1445067985 25
1445067985 25
1445067985 102
1445067997 75
1445067998 25
1445068003 102
1445068003 25
1445068003 25
1445068003 102
1445068013 75
1445068013 25
1445068016 102
1445068016 25
1445068016 25
1445068016 102
1445068025 75
1445068025 25
1445068028 102
1445068028 25
1445068028 25
1445068028 102
1445068039 75
1445068039 25
1445068045 102
1445068045 25
1445068045 25
1445068045 102
1445068057 75
1445068057 25
1445068065 102
1445068065 25
1445068065 25
1445068065 102
1445068078 75
1445068078 25
1445068085 67
1445068085 102
1445068085 25
1445068085 25
1445068093 75
1445068093 102
1445068093 160
1445068123 129
1445068123 3
