1445163708 18
1445163708 12
1445163708 14
1445163708 22
1445163708 6
1445163709 4
1445163710 2
1445163712 3
1445163714 5
1445163715 10
1445163719 7
1445163719 26
1445163719 9
1445163719 19
1445163719 23
1445163719 21
1445163720 11
1445163733 20
1445163733 16
1445163733 13
1445163733 26
1445163776 24
1445163776 15
1445163782 20
1445163782 16
1445163782 13
1445163782 26
1445163817 24
1445163817 15
1445163822 20
1445163822 16
1445163822 13
1445163822 26
1445163849 24
1445163849 15
1445163852 20
1445163852 16
1445163852 13
1445163852 26
1445163871 24
1445163871 15
1445163874 20
1445163874 16
1445163874 13
1445163874 26
1445163886 24
1445163886 15
1445163889 20
1445163889 16
1445163889 13
1445163889 26
1445163902 24
1445163902 15
1445163904 20
1445163904 16
1445163904 13
1445163904 26
1445163917 24
1445163917 15
1445163919 8
1445163919 20
1445163919 16
1445163919 13
1445163932 25
1445163932 17
1445163932 1
