1445248525 27
1445248525 11
1445248525 20
1445248525 23
1445248525 6
1445248525 3
1445248525 2
1445248526 4
1445248526 7
1445248526 13
1445248527 8
1445248527 29
1445248527 9
1445248527 22
1445248527 24
1445248527 21
1445248527 10
1445248529 28
1445248529 18
1445248529 19
1445248529 29
1445248538 31
1445248538 16
1445248539 28
1445248539 18
1445248539 19
1445248539 29
1445248549 31
1445248549 16
1445248550 28
1445248550 18
1445248550 19
1445248550 29
1445248559 31
1445248559 16
1445248560 28
1445248560 18
1445248560 19
1445248560 29
1445248568 31
1445248568 16
1445248569 28
1445248569 18
1445248569 19
1445248569 29
1445248578 31
1445248578 16
1445248579 28
1445248579 18
1445248579 19
1445248579 29
1445248588 31
1445248589 16
1445248590 28
1445248590 18
1445248590 19
1445248590 29
1445248599 31
1445248599 16
1445248600 14
1445248600 28
1445248600 18
1445248600 19
1445248607 30
1445248607 25
1445248607 1
1445248640 5
1445248640 26
1445248640 15
1445248640 17
1445248640 12
