1445248525 8
1445248525 147
1445248525 16
1445248525 102
1445248525 83
1445248525 8
1445248525 147
1445248526 160
1445248526 82
1445248526 67
1445248527 22
1445248527 102
1445248527 3
1445248527 75
1445248527 25
1445248527 25
1445248527 154
1445248529 102
1445248529 25
1445248529 25
1445248529 102
1445248538 75
1445248538 25
1445248539 102
1445248539 25
1445248539 25
1445248539 102
1445248549 75
1445248549 25
1445248550 102
1445248550 25
1445248550 25
1445248550 102
1445248559 75
1445248559 25
1445248560 102
1445248560 25
1445248560 25
1445248560 102
1445248568 75
1445248568 25
1445248569 102
1445248569 25
1445248569 25
1445248569 102
1445248578 75
1445248578 25
1445248579 102
1445248579 25
1445248579 25
1445248579 102
1445248588 75
1445248589 25
1445248590 102
1445248590 25
1445248590 25
1445248590 102
1445248599 75
1445248599 25
1445248600 67
1445248600 102
1445248600 25
1445248600 25
1445248607 75
1445248607 102
1445248607 160
1445248640 129
1445248640 3
1445248640 16
1445248640 16
1445248640 111
