1445088589 8
1445088589 147
1445088589 16
1445088589 102
1445088589 83
1445088589 8
1445088590 147
1445088590 160
1445088591 82
1445088591 67
1445088591 22
1445088591 102
1445088591 3
1445088591 75
1445088591 25
1445088591 25
1445088591 154
1445088593 102
1445088593 25
1445088593 25
1445088593 102
1445088604 75
1445088607 25
1445088608 102
1445088608 25
1445088608 25
1445088608 102
1445088618 75
1445088626 25
1445088627 102
1445088627 25
1445088627 25
1445088627 102
1445088637 75
1445088637 25
1445088638 102
1445088638 25
1445088638 25
1445088638 102
1445088646 75
1445088646 25
1445088648 102
1445088648 25
1445088648 25
1445088648 102
1445088657 75
1445088657 25
1445088658 102
1445088658 25
1445088658 25
1445088658 102
1445088659 67
1445088667 75
1445088667 25
1445088667 102
1445088667 25
1445088667 25
1445088668 75
1445088668 102
1445088668 160
1445088696 129
1445088696 3
