1445067489 8
1445067489 147
1445067489 16
1445067489 102
1445067489 83
1445067489 8
1445067490 147
1445067490 160
1445067491 82
1445067491 67
1445067491 22
1445067491 102
1445067491 3
1445067491 75
1445067491 25
1445067491 25
1445067491 154
1445067498 102
1445067498 25
1445067498 25
1445067498 102
1445067511 75
1445067514 25
1445067525 102
1445067525 25
1445067525 25
1445067525 102
1445067535 75
1445067535 25
1445067548 102
1445067548 25
1445067548 25
1445067548 102
1445067559 75
1445067559 25
1445067567 102
1445067567 25
1445067567 25
1445067567 102
1445067578 75
1445067578 25
1445067586 102
1445067586 25
1445067586 25
1445067586 102
1445067597 75
1445067597 25
1445067606 102
1445067606 25
1445067606 25
1445067606 102
1445067616 75
1445067616 25
1445067623 102
1445067623 25
1445067623 25
1445067623 102
1445067634 75
1445067634 25
1445067638 67
1445067638 102
1445067638 25
1445067638 25
1445067646 20
1445067646 53
1445067646 15
1445067646 15
1445067646 44
1445067646 12
1445067646 91
1445067646 31
1445067646 36
1445067646 164
1445067646 106
1445067646 4
1445067646 106
1445067646 106
1445067646 144
1445067646 53
1445067646 53
1445067646 53
1445067646 51
1445067646 51
1445067646 152
1445067646 51
1445067646 136
1445067646 51
1445067646 152
1445067646 15
1445067646 170
1445067648 75
1445067648 102
1445067648 160
1445067668 169
1445067677 129
1445067688 33
1445067708 33
1445067728 33
1445067748 33
1445067768 33
1445067788 33
1445067808 33
1445067828 33
1445067848 33
1445067868 33
1445067888 33
1445067908 33
1445067928 33
1445067948 33
1445067968 33
1445067989 33
1445068009 33
1445068029 33
1445068049 33
1445068069 33
1445068089 33
1445068109 33
1445068129 33
1445068149 33
1445068169 33
1445068189 33
1445068209 33
1445068229 33
1445068249 33
1445068269 33
1445068289 33
1445068309 33
1445068329 33
1445068349 33
1445068369 33
