1445094487 24
1445094488 13
1445094488 15
1445094488 22
1445094488 6
1445094488 3
1445094489 2
1445094490 5
1445094491 7
1445094491 10
1445094492 8
1445094492 31
1445094492 12
1445094492 27
1445094492 28
1445094492 26
1445094492 14
1445094495 21
1445094495 19
1445094495 20
1445094495 31
1445094504 30
1445094504 18
1445094505 21
1445094505 19
1445094505 20
1445094505 31
1445094513 30
1445094513 18
1445094514 21
1445094514 19
1445094514 20
1445094514 31
1445094522 30
1445094522 18
1445094523 21
1445094523 19
1445094523 20
1445094523 31
1445094532 30
1445094532 18
1445094533 21
1445094533 19
1445094533 20
1445094533 31
1445094544 30
1445094544 18
1445094545 21
1445094545 19
1445094545 20
1445094545 31
1445094545 11
1445094553 30
1445094553 18
1445094553 21
1445094553 19
1445094553 20
1445094554 29
1445094554 25
1445094554 1
1445094579 4
1445094579 23
1445094579 16
1445094579 17
1445094579 9
