1445235879 25
1445235879 10
1445235879 15
1445235879 23
1445235879 6
1445235879 3
1445235880 2
1445235880 5
1445235881 8
1445235881 14
1445235881 7
1445235881 29
1445235881 11
1445235881 21
1445235881 26
1445235881 24
1445235881 12
1445235882 22
1445235882 20
1445235882 16
1445235882 29
1445235891 30
1445235891 18
1445235892 22
1445235892 20
1445235892 16
1445235892 29
1445235900 30
1445235900 18
1445235901 22
1445235901 20
1445235901 16
1445235901 29
1445235909 30
1445235909 18
1445235910 22
1445235910 20
1445235910 16
1445235910 29
1445235919 30
1445235919 18
1445235919 22
1445235919 20
1445235919 16
1445235919 29
1445235928 30
1445235928 18
1445235929 22
1445235929 20
1445235929 16
1445235929 29
1445235929 13
1445235939 30
1445235939 18
1445235939 22
1445235939 20
1445235939 16
1445235940 31
1445235940 28
1445235941 1
1445235979 4
1445235979 27
1445235979 17
1445235979 19
1445235979 9
