1445235879 8
1445235879 147
1445235879 16
1445235879 102
1445235879 83
1445235879 8
1445235880 147
1445235880 160
1445235881 82
1445235881 67
1445235881 22
1445235881 102
1445235881 3
1445235881 75
1445235881 25
1445235881 25
1445235881 154
1445235882 102
1445235882 25
1445235882 25
1445235882 102
1445235891 75
1445235891 25
1445235892 102
1445235892 25
1445235892 25
1445235892 102
1445235900 75
1445235900 25
1445235901 102
1445235901 25
1445235901 25
1445235901 102
1445235909 75
1445235909 25
1445235910 102
1445235910 25
1445235910 25
1445235910 102
1445235919 75
1445235919 25
1445235919 102
1445235919 25
1445235919 25
1445235919 102
1445235928 75
1445235928 25
1445235929 102
1445235929 25
1445235929 25
1445235929 102
1445235929 67
1445235939 75
1445235939 25
1445235939 102
1445235939 25
1445235939 25
1445235940 75
1445235940 102
1445235941 160
1445235979 129
1445235979 3
1445235979 16
1445235979 16
1445235979 111
