1445096115 22
1445096115 13
1445096115 15
1445096115 20
1445096115 6
1445096115 5
1445096116 2
1445096117 4
1445096117 7
1445096117 12
1445096118 8
1445096118 27
1445096118 11
1445096118 19
1445096118 25
1445096118 24
1445096118 9
1445096119 21
1445096119 14
1445096119 16
1445096119 27
1445096128 28
1445096128 17
1445096129 21
1445096129 14
1445096129 16
1445096129 27
1445096136 28
1445096136 17
1445096138 21
1445096138 14
1445096138 16
1445096138 27
1445096147 28
1445096147 17
1445096148 21
1445096148 14
1445096148 16
1445096148 27
1445096155 28
1445096155 17
1445096156 21
1445096156 14
1445096156 16
1445096156 27
1445096163 28
1445096163 17
1445096164 21
1445096164 14
1445096164 16
1445096164 27
1445096164 10
1445096173 28
1445096173 17
1445096173 21
1445096173 14
1445096173 16
1445096174 26
1445096174 18
1445096174 1
1445096200 3
1445096200 23
