1445096115 8
1445096115 147
1445096115 16
1445096115 102
1445096115 83
1445096115 8
1445096116 147
1445096117 160
1445096117 82
1445096117 67
1445096118 22
1445096118 102
1445096118 3
1445096118 75
1445096118 25
1445096118 25
1445096118 154
1445096119 102
1445096119 25
1445096119 25
1445096119 102
1445096128 75
1445096128 25
1445096129 102
1445096129 25
1445096129 25
1445096129 102
1445096136 75
1445096136 25
1445096138 102
1445096138 25
1445096138 25
1445096138 102
1445096147 75
1445096147 25
1445096148 102
1445096148 25
1445096148 25
1445096148 102
1445096155 75
1445096155 25
1445096156 102
1445096156 25
1445096156 25
1445096156 102
1445096163 75
1445096163 25
1445096164 102
1445096164 25
1445096164 25
1445096164 102
1445096164 67
1445096173 75
1445096173 25
1445096173 102
1445096173 25
1445096173 25
1445096174 75
1445096174 102
1445096174 160
1445096200 129
1445096200 3
