1445175202 8
1445175202 147
1445175202 16
1445175202 102
1445175202 83
1445175202 8
1445175203 147
1445175206 160
1445175207 82
1445175207 67
1445175208 22
1445175209 102
1445175209 3
1445175209 75
1445175209 25
1445175209 25
1445175209 154
1445175217 102
1445175217 25
1445175217 25
1445175217 102
1445175248 75
1445175248 25
1445175253 102
1445175253 25
1445175253 25
1445175253 102
1445175281 75
1445175281 25
1445175286 102
1445175286 25
1445175286 25
1445175286 102
1445175315 75
1445175315 25
1445175319 102
1445175319 25
1445175319 25
1445175319 102
1445175348 75
1445175348 25
1445175352 102
1445175352 25
1445175352 25
1445175352 102
1445175382 75
1445175382 25
1445175387 102
1445175387 25
1445175387 25
1445175387 102
1445175389 67
1445175416 75
1445175416 25
1445175416 102
1445175416 25
1445175416 25
1445175420 75
1445175420 102
1445175421 160
1445175510 129
1445175511 3
1445175511 16
1445175511 16
1445175511 111
