1445088354 8
1445088355 147
1445088355 16
1445088355 102
1445088355 83
1445088355 8
1445088355 147
1445088357 160
1445088358 82
1445088358 67
1445088358 22
1445088358 102
1445088358 3
1445088358 75
1445088358 25
1445088358 25
1445088358 154
1445088361 102
1445088361 25
1445088361 25
1445088361 102
1445088370 75
1445088370 25
1445088371 102
1445088371 25
1445088371 25
1445088371 102
1445088379 75
1445088379 25
1445088380 102
1445088380 25
1445088380 25
1445088380 102
1445088389 75
1445088389 25
1445088390 102
1445088390 25
1445088390 25
1445088390 102
1445088400 75
1445088400 25
1445088402 102
1445088402 25
1445088402 25
1445088402 102
1445088410 75
1445088410 25
1445088411 102
1445088411 25
1445088411 25
1445088411 102
1445088419 75
1445088419 25
1445088419 67
1445088419 102
1445088419 25
1445088419 25
1445088422 75
1445088423 102
1445088423 160
1445088452 129
1445088452 3
