1445235999 24
1445236000 13
1445236000 16
1445236000 28
1445236000 6
1445236000 5
1445236002 2
1445236005 4
1445236007 8
1445236008 11
1445236011 7
1445236011 31
1445236011 14
1445236011 21
1445236011 25
1445236011 23
1445236011 9
1445236029 22
1445236029 17
1445236029 15
1445236029 31
1445236062 30
1445236062 19
1445236076 22
1445236076 17
1445236076 15
1445236076 31
1445236109 30
1445236110 19
1445236127 22
1445236127 17
1445236127 15
1445236127 31
1445236167 30
1445236167 19
1445236178 22
1445236178 17
1445236178 15
1445236178 31
1445236215 30
1445236215 19
1445236225 22
1445236225 17
1445236225 15
1445236225 31
1445236262 30
1445236262 19
1445236267 22
1445236267 17
1445236267 15
1445236267 31
1445236271 12
1445236306 30
1445236306 19
1445236306 22
1445236306 17
1445236306 15
1445236311 29
1445236315 27
1445236317 1
1445236390 3
1445236391 26
1445236391 20
1445236391 18
1445236391 10
