1445071665 25
1445071665 12
1445071665 17
1445071665 23
1445071665 6
1445071665 5
1445071666 2
1445071666 3
1445071667 8
1445071667 9
1445071667 7
1445071667 26
1445071667 10
1445071667 24
1445071667 22
1445071667 20
1445071667 13
1445071670 18
1445071670 16
1445071670 15
1445071670 26
1445071680 28
1445071680 14
1445071682 18
1445071682 16
1445071682 15
1445071682 26
1445071692 28
1445071692 14
1445071695 18
1445071695 16
1445071695 15
1445071695 26
1445071704 28
1445071704 14
1445071706 18
1445071706 16
1445071706 15
1445071706 26
1445071717 28
1445071717 14
1445071720 18
1445071720 16
1445071720 15
1445071720 26
1445071730 28
1445071730 14
1445071732 18
1445071732 16
1445071732 15
1445071732 26
1445071740 28
1445071740 14
1445071742 18
1445071742 16
1445071742 15
1445071742 26
1445071752 28
1445071752 14
1445071753 11
1445071753 18
1445071753 16
1445071753 15
1445071759 27
1445071759 19
1445071759 1
1445071791 4
1445071791 21
