1445076845 8
1445076845 147
1445076845 16
1445076845 102
1445076845 83
1445076846 8
1445076846 147
1445076847 160
1445076848 82
1445076848 67
1445076848 22
1445076848 102
1445076848 3
1445076848 75
1445076848 25
1445076848 25
1445076848 154
1445076851 102
1445076851 25
1445076851 25
1445076851 102
1445076854 20
1445076854 53
1445076854 15
1445076854 15
1445076854 44
1445076854 12
1445076854 91
1445076854 31
1445076854 36
1445076854 164
1445076854 106
1445076854 4
1445076854 106
1445076854 106
1445076854 144
1445076854 53
1445076854 53
1445076854 53
1445076854 51
1445076854 51
1445076854 152
1445076854 51
1445076854 136
1445076854 51
1445076854 152
1445076854 15
1445076854 170
1445076860 75
1445076860 25
1445076862 102
1445076862 25
1445076862 25
1445076862 102
1445076871 75
1445076871 25
1445076873 102
1445076873 25
1445076873 25
1445076873 102
1445076877 33
1445076883 75
1445076883 25
1445076884 102
1445076884 25
1445076884 25
1445076884 102
1445076894 75
1445076894 25
1445076896 102
1445076896 25
1445076896 25
1445076896 102
1445076897 33
1445076905 75
1445076905 25
1445076906 102
1445076906 25
1445076906 25
1445076906 102
1445076915 75
1445076915 25
1445076916 102
1445076916 25
1445076916 25
1445076916 102
1445076917 33
1445076925 75
1445076925 25
1445076937 33
1445076957 33
1445076977 33
1445076997 33
1445077017 33
1445077037 33
1445077057 33
1445077077 33
1445077097 33
1445077117 33
1445077137 33
1445077157 33
1445077177 33
1445077197 33
1445077217 33
1445077237 33
1445077257 33
1445077277 33
1445077297 33
1445077317 33
1445077337 33
1445077357 33
1445077377 33
1445077397 33
1445077417 33
1445077437 33
1445077457 33
1445077477 33
1445077497 33
1445077517 33
1445077537 33
1445077557 33
1445077577 33
1445077597 33
1445077617 33
1445077637 33
