1445175460 24
1445175460 9
1445175460 16
1445175460 20
1445175460 6
1445175460 4
1445175460 2
1445175461 3
1445175462 7
1445175462 13
1445175462 8
1445175462 27
1445175462 12
1445175462 25
1445175462 18
1445175462 21
1445175462 11
1445175464 23
1445175464 15
1445175464 14
1445175464 27
1445175474 28
1445175474 17
1445175475 23
1445175475 15
1445175475 14
1445175475 27
1445175484 28
1445175484 17
1445175485 23
1445175485 15
1445175485 14
1445175485 27
1445175493 28
1445175493 17
1445175494 23
1445175494 15
1445175494 14
1445175494 27
1445175502 28
1445175502 17
1445175503 23
1445175503 15
1445175503 14
1445175503 27
1445175511 28
1445175511 17
1445175512 23
1445175512 15
1445175512 14
1445175512 27
1445175513 10
1445175520 28
1445175520 17
1445175520 23
1445175520 15
1445175520 14
1445175521 26
1445175521 19
1445175521 1
1445175545 5
1445175545 22
