1445092287 24
1445092287 9
1445092287 16
1445092287 19
1445092287 6
1445092288 3
1445092288 2
1445092289 5
1445092291 7
1445092291 13
1445092291 8
1445092291 26
1445092291 10
1445092291 25
1445092291 20
1445092291 22
1445092291 11
1445092295 18
1445092295 17
1445092295 15
1445092295 26
1445092304 28
1445092304 14
1445092305 18
1445092305 17
1445092305 15
1445092305 26
1445092314 28
1445092314 14
1445092314 18
1445092314 17
1445092314 15
1445092314 26
1445092322 28
1445092322 14
1445092323 18
1445092323 17
1445092323 15
1445092323 26
1445092332 28
1445092332 14
1445092333 18
1445092333 17
1445092333 15
1445092333 26
1445092341 28
1445092341 14
1445092342 18
1445092342 17
1445092342 15
1445092342 26
1445092342 12
1445092349 28
1445092349 14
1445092349 18
1445092349 17
1445092349 15
1445092351 27
1445092351 21
1445092351 1
1445092381 4
1445092381 23
