1445092287 8
1445092287 147
1445092287 16
1445092287 102
1445092287 83
1445092288 8
1445092288 147
1445092289 160
1445092291 82
1445092291 67
1445092291 22
1445092291 102
1445092291 3
1445092291 75
1445092291 25
1445092291 25
1445092291 154
1445092295 102
1445092295 25
1445092295 25
1445092295 102
1445092304 75
1445092304 25
1445092305 102
1445092305 25
1445092305 25
1445092305 102
1445092314 75
1445092314 25
1445092314 102
1445092314 25
1445092314 25
1445092314 102
1445092322 75
1445092322 25
1445092323 102
1445092323 25
1445092323 25
1445092323 102
1445092332 75
1445092332 25
1445092333 102
1445092333 25
1445092333 25
1445092333 102
1445092341 75
1445092341 25
1445092342 102
1445092342 25
1445092342 25
1445092342 102
1445092342 67
1445092349 75
1445092349 25
1445092349 102
1445092349 25
1445092349 25
1445092351 75
1445092351 102
1445092351 160
1445092381 129
1445092381 3
