1445162517 24
1445162517 11
1445162517 14
1445162517 20
1445162517 6
1445162517 5
1445162517 2
1445162518 3
1445162518 7
1445162518 13
1445162518 8
1445162518 27
1445162518 10
1445162518 18
1445162518 19
1445162518 22
1445162518 12
1445162522 23
1445162522 17
1445162522 16
1445162522 27
1445162532 28
1445162532 15
1445162534 23
1445162534 17
1445162534 16
1445162534 27
1445162543 28
1445162543 15
1445162544 23
1445162544 17
1445162544 16
1445162544 27
1445162553 28
1445162553 15
1445162555 23
1445162555 17
1445162555 16
1445162555 27
1445162568 28
1445162568 15
1445162570 23
1445162570 17
1445162570 16
1445162570 27
1445162581 28
1445162581 15
1445162582 23
1445162582 17
1445162582 16
1445162582 27
1445162591 28
1445162591 15
1445162592 23
1445162592 17
1445162592 16
1445162592 27
1445162601 28
1445162601 15
1445162602 9
1445162602 23
1445162602 17
1445162602 16
1445162609 26
1445162609 25
1445162609 1
1445162643 4
1445162643 21
