1445162517 8
1445162517 147
1445162517 16
1445162517 102
1445162517 83
1445162517 8
1445162517 147
1445162518 160
1445162518 82
1445162518 67
1445162518 22
1445162518 102
1445162518 3
1445162518 75
1445162518 25
1445162518 25
1445162518 154
1445162522 102
1445162522 25
1445162522 25
1445162522 102
1445162532 75
1445162532 25
1445162534 102
1445162534 25
1445162534 25
1445162534 102
1445162543 75
1445162543 25
1445162544 102
1445162544 25
1445162544 25
1445162544 102
1445162553 75
1445162553 25
1445162555 102
1445162555 25
1445162555 25
1445162555 102
1445162568 75
1445162568 25
1445162570 102
1445162570 25
1445162570 25
1445162570 102
1445162581 75
1445162581 25
1445162582 102
1445162582 25
1445162582 25
1445162582 102
1445162591 75
1445162591 25
1445162592 102
1445162592 25
1445162592 25
1445162592 102
1445162601 75
1445162601 25
1445162602 67
1445162602 102
1445162602 25
1445162602 25
1445162609 75
1445162609 102
1445162609 160
1445162643 129
1445162643 3
