1445162520 22
1445162520 12
1445162520 18
1445162520 26
1445162520 7
1445162520 6
1445162521 4
1445162523 5
1445162525 10
1445162525 21
1445162529 8
1445162529 41
1445162529 16
1445162529 27
1445162529 24
1445162529 25
1445162529 15
1445162537 23
1445162537 17
1445162537 19
1445162537 41
1445162567 30
1445162567 20
1445162572 23
1445162572 17
1445162572 19
1445162572 41
1445162599 30
1445162599 20
1445162604 23
1445162604 17
1445162604 19
1445162604 41
1445162637 30
1445162637 20
1445162641 23
1445162641 17
1445162641 19
1445162641 41
1445162670 30
1445162671 20
1445162675 23
1445162675 17
1445162675 19
1445162675 41
1445162702 30
1445162702 20
1445162724 1
1445162724 56
1445162724 45
1445162724 45
1445162724 36
1445162724 53
1445162724 29
1445162724 108
1445162724 9
1445162724 62
1445162724 60
1445162724 75
1445162724 72
1445162724 76
1445162724 38
1445162724 54
1445162724 55
1445162724 55
1445162724 111
1445162724 111
1445162724 40
1445162724 109
1445162724 114
1445162724 105
1445162724 32
1445162724 34
1445162724 -1
1445162728 3
1445162729 3
1445162730 3
1445162731 3
1445162732 3
1445162733 3
1445162734 3
1445162735 3
1445162736 3
1445162737 3
1445162737 2
1445162737 82
1445162737 88
1445162737 94
1445162737 93
1445162737 47
1445162737 56
1445162737 45
1445162737 45
1445162737 36
1445162737 53
1445162737 29
1445162737 108
1445162737 13
1445162737 44
1445162737 64
1445162737 50
1445162737 57
1445162737 57
1445162737 33
1445162737 42
1445162737 39
1445162737 49
1445162737 45
1445162737 -1
1445162737 -1
1445162741 3
1445162742 3
1445162743 3
1445162744 3
1445162745 3
1445162746 3
1445162747 3
1445162748 3
1445162749 3
1445162750 3
1445162750 2
1445162750 82
1445162750 88
1445162750 94
1445162750 93
1445162750 47
1445162750 56
1445162750 45
1445162750 45
1445162750 36
1445162750 53
1445162750 29
1445162750 108
1445162750 13
1445162750 44
1445162750 64
1445162750 50
1445162750 57
1445162750 57
1445162750 33
1445162750 42
1445162750 39
1445162750 49
1445162750 45
1445162750 -1
1445162750 -1
1445162750 11
1445162750 -1
1445162750 -1
1445162750 -1
1445162750 -1
1445162750 -1
1445162750 59
1445162750 -1
1445162750 91
1445162750 103
1445162750 73
1445162750 48
1445162750 92
1445162750 124
1445162750 -1
1445162750 -1
1445162750 -1
1445162750 81
1445162750 66
1445162750 58
1445162750 51
1445162750 121
1445162750 123
1445162750 -1
1445162750 -1
1445162750 -1
1445162750 -1
1445162750 115
1445162750 118
1445162750 118
1445162750 78
1445162750 63
1445162750 46
1445162750 121
1445162750 125
1445162750 124
1445162750 -1
1445162750 -1
1445162750 -1
1445162750 91
1445162750 83
1445162750 67
1445162750 96
1445162750 96
1445162750 107
1445162750 113
1445162750 80
1445162750 121
1445162750 117
1445162750 124
1445162750 -1
1445162750 -1
1445162750 -1
1445162750 91
1445162750 83
1445162750 99
1445162750 98
1445162750 112
1445162750 107
1445162750 113
1445162750 80
1445162750 121
1445162750 95
1445162750 124
1445162750 -1
1445162750 -1
1445162750 -1
1445162750 97
1445162750 106
1445162750 110
1445162750 -1
1445162750 -1
1445162750 -1
1445162750 -1
1445162750 -1
1445162750 85
1445162750 74
1445162750 126
1445162750 -1
1445162750 -1
1445162750 -1
1445162750 -1
1445162750 122
1445162750 -1
1445162750 -1
1445162750 -1
1445162750 -1
1445162750 -1
1445162750 -1
1445162750 -1
1445162750 -1
1445162750 100
1445162750 -1
1445162750 97
1445162750 116
1445162750 116
1445162750 84
1445162750 127
1445162750 -1
1445162750 -1
1445162750 -1
1445162750 89
1445162750 -1
1445162750 97
1445162750 120
1445162750 101
1445162750 -1
1445162750 -1
1445162750 -1
1445162750 -1
1445162750 -1
1445162750 86
1445162750 61
1445162750 68
1445162750 79
1445162750 87
1445162750 104
1445162750 43
1445162750 69
1445162750 71
1445162750 35
1445162750 28
1445162750 37
1445162750 31
1445162750 102
1445162750 90
1445162750 52
1445162750 70
1445162750 65
1445162750 77
1445162750 119
1445162750 -1
1445162750 14
