1445162520 8
1445162520 147
1445162520 16
1445162520 102
1445162520 83
1445162520 8
1445162521 147
1445162523 160
1445162525 82
1445162525 67
1445162529 22
1445162529 102
1445162529 3
1445162529 75
1445162529 25
1445162529 25
1445162529 154
1445162537 102
1445162537 25
1445162537 25
1445162537 102
1445162567 75
1445162567 25
1445162572 102
1445162572 25
1445162572 25
1445162572 102
1445162599 75
1445162599 25
1445162604 102
1445162604 25
1445162604 25
1445162604 102
1445162637 75
1445162637 25
1445162641 102
1445162641 25
1445162641 25
1445162641 102
1445162670 75
1445162671 25
1445162675 102
1445162675 25
1445162675 25
1445162675 102
1445162702 75
1445162702 25
1445162724 20
1445162724 53
1445162724 15
1445162724 15
1445162724 44
1445162724 12
1445162724 91
1445162724 31
1445162724 36
1445162724 164
1445162724 106
1445162724 4
1445162724 106
1445162724 106
1445162724 144
1445162724 53
1445162724 53
1445162724 53
1445162724 51
1445162724 51
1445162724 152
1445162724 51
1445162724 136
1445162724 51
1445162724 152
1445162724 15
1445162724 170
1445162728 82
1445162729 82
1445162730 82
1445162731 82
1445162732 82
1445162733 82
1445162734 82
1445162735 82
1445162736 82
1445162737 82
1445162737 39
1445162737 71
1445162737 148
1445162737 62
1445162737 62
1445162737 53
1445162737 53
1445162737 15
1445162737 15
1445162737 44
1445162737 12
1445162737 91
1445162737 31
1445162737 18
1445162737 11
1445162737 4
1445162737 131
1445162737 131
1445162737 131
1445162737 152
1445162737 152
1445162737 15
1445162737 152
1445162737 15
1445162737 170
1445162737 170
1445162741 82
1445162742 82
1445162743 82
1445162744 82
1445162745 82
1445162746 82
1445162747 82
1445162748 82
1445162749 82
1445162750 82
1445162750 39
1445162750 71
1445162750 148
1445162750 62
1445162750 62
1445162750 53
1445162750 53
1445162750 15
1445162750 15
1445162750 44
1445162750 12
1445162750 91
1445162750 31
1445162750 18
1445162750 11
1445162750 4
1445162750 131
1445162750 131
1445162750 131
1445162750 152
1445162750 152
1445162750 15
1445162750 152
1445162750 15
1445162750 170
1445162750 170
1445162750 134
1445162750 170
1445162750 170
1445162750 170
1445162750 170
1445162750 170
1445162750 161
1445162750 170
1445162750 87
1445162750 10
1445162750 163
1445162750 91
1445162750 126
1445162750 40
1445162750 170
1445162750 170
1445162750 170
1445162750 68
1445162750 142
1445162750 19
1445162750 142
1445162750 31
1445162750 46
1445162750 170
1445162750 170
1445162750 170
1445162750 170
1445162750 146
1445162750 0
1445162750 0
1445162750 2
1445162750 2
1445162750 91
1445162750 31
1445162750 54
1445162750 40
1445162750 170
1445162750 170
1445162750 170
1445162750 87
1445162750 10
1445162750 163
1445162750 163
1445162750 163
1445162750 74
1445162750 74
1445162750 47
1445162750 31
1445162750 63
1445162750 40
1445162750 170
1445162750 170
1445162750 170
1445162750 87
1445162750 10
1445162750 92
1445162750 92
1445162750 74
1445162750 74
1445162750 74
1445162750 47
1445162750 31
1445162750 140
1445162750 40
1445162750 170
1445162750 170
1445162750 170
1445162750 107
1445162750 135
1445162750 112
1445162750 170
1445162750 170
1445162750 170
1445162750 170
1445162750 170
1445162750 159
1445162750 157
1445162750 24
1445162750 170
1445162750 170
1445162750 170
1445162750 170
1445162750 108
1445162750 170
1445162750 170
1445162750 170
1445162750 170
1445162750 170
1445162750 170
1445162750 170
1445162750 170
1445162750 28
1445162750 170
1445162750 107
1445162750 57
1445162750 57
1445162750 57
1445162750 56
1445162750 170
1445162750 170
1445162750 170
1445162750 28
1445162750 170
1445162750 107
1445162750 69
1445162750 57
1445162750 170
1445162750 170
1445162750 170
1445162750 170
1445162750 170
1445162750 164
1445162750 100
1445162750 32
1445162750 32
1445162750 100
1445162750 100
1445162750 144
1445162750 53
1445162750 53
1445162750 30
1445162750 30
1445162750 30
1445162750 30
1445162750 126
1445162750 19
1445162750 126
1445162750 23
1445162750 23
1445162750 19
1445162750 124
1445162750 170
1445162750 3
