1445092197 8
1445092197 147
1445092197 16
1445092197 102
1445092197 83
1445092198 8
1445092198 147
1445092199 160
1445092199 82
1445092199 67
1445092199 22
1445092200 102
1445092200 3
1445092200 75
1445092200 25
1445092200 25
1445092200 154
1445092202 102
1445092202 25
1445092202 25
1445092202 102
1445092211 75
1445092211 25
1445092212 102
1445092212 25
1445092212 25
1445092212 102
1445092220 75
1445092220 25
1445092221 102
1445092221 25
1445092221 25
1445092221 102
1445092230 75
1445092230 25
1445092230 102
1445092230 25
1445092230 25
1445092230 102
1445092238 75
1445092238 25
1445092239 102
1445092239 25
1445092239 25
1445092239 102
1445092247 75
1445092247 25
1445092248 102
1445092248 25
1445092248 25
1445092248 102
1445092248 67
1445092255 75
1445092255 25
1445092255 102
1445092255 25
1445092255 25
1445092256 75
1445092256 102
1445092256 160
1445092280 129
1445092280 3
1445092280 16
1445092280 16
1445092280 111
