1445076717 23
1445076718 11
1445076718 17
1445076718 22
1445076718 6
1445076718 5
1445076718 2
1445076719 3
1445076720 7
1445076720 10
1445076720 8
1445076721 27
1445076721 13
1445076721 19
1445076721 24
1445076721 21
1445076721 12
1445076724 18
1445076724 16
1445076724 15
1445076724 27
1445076733 28
1445076733 14
1445076734 18
1445076734 16
1445076734 15
1445076734 27
1445076744 28
1445076744 14
1445076745 18
1445076745 16
1445076745 15
1445076745 27
1445076755 28
1445076755 14
1445076756 18
1445076756 16
1445076756 15
1445076756 27
1445076767 28
1445076767 14
1445076769 18
1445076769 16
1445076769 15
1445076769 27
1445076778 28
1445076778 14
1445076779 18
1445076779 16
1445076779 15
1445076779 27
1445076788 28
1445076788 14
1445076790 18
1445076790 16
1445076790 15
1445076790 27
1445076800 28
1445076800 14
1445076800 9
1445076800 18
1445076800 16
1445076800 15
1445076808 26
1445076808 20
1445076808 1
1445076840 4
1445076841 25
