1445076717 8
1445076718 147
1445076718 16
1445076718 102
1445076718 83
1445076718 8
1445076718 147
1445076719 160
1445076720 82
1445076720 67
1445076720 22
1445076721 102
1445076721 3
1445076721 75
1445076721 25
1445076721 25
1445076721 154
1445076724 102
1445076724 25
1445076724 25
1445076724 102
1445076733 75
1445076733 25
1445076734 102
1445076734 25
1445076734 25
1445076734 102
1445076744 75
1445076744 25
1445076745 102
1445076745 25
1445076745 25
1445076745 102
1445076755 75
1445076755 25
1445076756 102
1445076756 25
1445076756 25
1445076756 102
1445076767 75
1445076767 25
1445076769 102
1445076769 25
1445076769 25
1445076769 102
1445076778 75
1445076778 25
1445076779 102
1445076779 25
1445076779 25
1445076779 102
1445076788 75
1445076788 25
1445076790 102
1445076790 25
1445076790 25
1445076790 102
1445076800 75
1445076800 25
1445076800 67
1445076800 102
1445076800 25
1445076800 25
1445076808 75
1445076808 102
1445076808 160
1445076840 129
1445076841 3
