1445248394 24
1445248394 10
1445248394 16
1445248394 18
1445248394 6
1445248394 4
1445248395 2
1445248396 3
1445248397 8
1445248397 9
1445248397 7
1445248397 26
1445248397 11
1445248397 19
1445248397 25
1445248397 20
1445248397 13
1445248402 21
1445248402 15
1445248402 17
1445248402 26
1445248411 28
1445248411 14
1445248413 21
1445248413 15
1445248413 17
1445248413 26
1445248423 28
1445248423 14
1445248425 21
1445248425 15
1445248425 17
1445248425 26
1445248434 28
1445248434 14
1445248436 21
1445248436 15
1445248436 17
1445248436 26
1445248444 28
1445248444 14
1445248446 21
1445248446 15
1445248446 17
1445248446 26
1445248455 28
1445248455 14
1445248456 21
1445248456 15
1445248456 17
1445248456 26
1445248464 28
1445248464 14
1445248466 21
1445248466 15
1445248466 17
1445248466 26
1445248475 28
1445248475 14
1445248475 12
1445248475 21
1445248475 15
1445248475 17
1445248482 27
1445248482 22
1445248482 1
1445248519 5
1445248519 23
