1445088709 21
1445088709 13
1445088709 14
1445088709 24
1445088709 6
1445088709 4
1445088709 2
1445088710 5
1445088710 7
1445088710 10
1445088711 8
1445088711 28
1445088711 9
1445088711 22
1445088711 18
1445088711 25
1445088711 11
1445088717 23
1445088717 15
1445088717 16
1445088717 28
1445088726 26
1445088729 17
1445088738 23
1445088738 15
1445088738 16
1445088738 28
1445088747 26
1445088747 17
1445088752 23
1445088752 15
1445088752 16
1445088752 28
1445088763 26
1445088763 17
1445088766 23
1445088766 15
1445088766 16
1445088766 28
1445088775 26
1445088775 17
1445088778 23
1445088778 15
1445088778 16
1445088778 28
1445088787 26
1445088787 17
1445088789 23
1445088789 15
1445088789 16
1445088789 28
1445088790 12
1445088798 26
1445088798 17
1445088798 23
1445088798 15
1445088798 16
1445088799 27
1445088799 19
1445088799 1
1445088821 3
1445088821 20
