1445088709 8
1445088709 147
1445088709 16
1445088709 102
1445088709 83
1445088709 8
1445088709 147
1445088710 160
1445088710 82
1445088710 67
1445088711 22
1445088711 102
1445088711 3
1445088711 75
1445088711 25
1445088711 25
1445088711 154
1445088717 102
1445088717 25
1445088717 25
1445088717 102
1445088726 75
1445088729 25
1445088738 102
1445088738 25
1445088738 25
1445088738 102
1445088747 75
1445088747 25
1445088752 102
1445088752 25
1445088752 25
1445088752 102
1445088763 75
1445088763 25
1445088766 102
1445088766 25
1445088766 25
1445088766 102
1445088775 75
1445088775 25
1445088778 102
1445088778 25
1445088778 25
1445088778 102
1445088787 75
1445088787 25
1445088789 102
1445088789 25
1445088789 25
1445088789 102
1445088790 67
1445088798 75
1445088798 25
1445088798 102
1445088798 25
1445088798 25
1445088799 75
1445088799 102
1445088799 160
1445088821 129
1445088821 3
