1445067501 22
1445067501 11
1445067501 16
1445067501 25
1445067501 6
1445067501 4
1445067503 2
1445067505 5
1445067507 7
1445067507 13
1445067510 8
1445067510 30
1445067510 12
1445067510 24
1445067510 28
1445067510 26
1445067510 14
1445067575 23
1445067575 19
1445067575 20
1445067575 30
1445067601 31
1445067601 15
1445067650 23
1445067650 19
1445067650 20
1445067650 30
1445067681 31
1445067681 15
1445067693 23
1445067693 19
1445067693 20
1445067693 30
1445067730 31
1445067731 15
1445067738 23
1445067738 19
1445067738 20
1445067738 30
1445067776 31
1445067776 15
1445067784 23
1445067784 19
1445067784 20
1445067784 30
1445067816 31
1445067816 15
1445067822 23
1445067822 19
1445067822 20
1445067822 30
1445067854 31
1445067854 15
1445067860 23
1445067860 19
1445067860 20
1445067860 30
1445067888 31
1445067888 15
1445067893 9
1445067893 23
1445067893 19
1445067893 20
1445067912 29
1445067912 21
1445067912 1
1445067991 3
1445068002 27
1445068002 18
1445068002 17
1445068002 10
