1445089516 21
1445089516 10
1445089516 15
1445089516 19
1445089516 6
1445089516 3
1445089517 2
1445089517 4
1445089518 8
1445089518 13
1445089519 7
1445089519 26
1445089519 9
1445089519 25
1445089519 24
1445089519 18
1445089519 12
1445089521 23
1445089521 14
1445089521 17
1445089521 26
1445089533 28
1445089533 16
1445089535 23
1445089535 14
1445089535 17
1445089535 26
1445089544 28
1445089544 16
1445089547 23
1445089547 14
1445089547 17
1445089547 26
1445089556 28
1445089556 16
1445089557 23
1445089557 14
1445089557 17
1445089557 26
1445089566 28
1445089566 16
1445089567 23
1445089567 14
1445089567 17
1445089567 26
1445089577 28
1445089577 16
1445089578 23
1445089578 14
1445089578 17
1445089578 26
1445089579 11
1445089588 28
1445089588 16
1445089588 23
1445089588 14
1445089588 17
1445089589 27
1445089589 22
1445089589 1
1445089611 5
1445089611 20
