1445175425 8
1445175425 147
1445175425 16
1445175425 102
1445175425 83
1445175425 8
1445175426 147
1445175426 160
1445175427 82
1445175427 67
1445175427 22
1445175427 102
1445175427 3
1445175427 75
1445175427 25
1445175427 25
1445175427 154
1445175428 102
1445175428 25
1445175428 25
1445175428 102
1445175436 75
1445175436 25
1445175437 102
1445175437 25
1445175437 25
1445175437 102
1445175445 75
1445175445 25
1445175446 102
1445175446 25
1445175446 25
1445175446 102
1445175454 75
1445175454 25
1445175455 102
1445175455 25
1445175455 25
1445175455 102
1445175463 75
1445175463 25
1445175464 102
1445175464 25
1445175464 25
1445175464 102
1445175473 75
1445175473 25
1445175474 102
1445175474 25
1445175474 25
1445175474 102
1445175475 67
1445175483 75
1445175483 25
1445175483 102
1445175483 25
1445175483 25
1445175484 75
1445175484 102
1445175484 160
1445175507 129
1445175507 3
1445175507 16
1445175507 16
1445175507 111
