1445093096 22
1445093096 13
1445093096 15
1445093096 24
1445093096 6
1445093096 5
1445093097 2
1445093098 3
1445093099 7
1445093099 12
1445093099 8
1445093100 28
1445093100 11
1445093100 20
1445093100 21
1445093100 25
1445093100 9
1445093102 23
1445093102 17
1445093102 14
1445093102 28
1445093114 26
1445093114 16
1445093115 23
1445093115 17
1445093115 14
1445093115 28
1445093123 26
1445093123 16
1445093124 23
1445093124 17
1445093124 14
1445093124 28
1445093134 26
1445093134 16
1445093135 23
1445093135 17
1445093135 14
1445093135 28
1445093143 26
1445093143 16
1445093144 10
1445093144 23
1445093144 17
1445093144 14
1445093152 27
1445093152 18
1445093152 1
1445093177 4
1445093177 19
