1445175196 18
1445175197 12
1445175197 15
1445175197 19
1445175197 5
1445175197 3
1445175198 2
1445175200 4
1445175202 6
1445175203 9
1445175207 7
1445175207 25
1445175207 8
1445175207 22
1445175207 21
1445175207 23
1445175207 10
1445175214 20
1445175214 14
1445175214 16
1445175214 25
1445175245 24
1445175245 13
1445175250 20
1445175250 14
1445175250 16
1445175250 25
1445175289 24
1445175289 13
1445175294 20
1445175294 14
1445175294 16
1445175294 25
1445175332 24
1445175332 13
1445175338 20
1445175338 14
1445175338 16
1445175338 25
1445175378 24
1445175378 13
1445175383 20
1445175383 14
1445175383 16
1445175383 25
1445175422 24
1445175422 13
1445175426 20
1445175426 14
1445175426 16
1445175426 25
1445175428 11
1445175456 24
1445175456 13
1445175456 20
1445175456 14
1445175456 16
1445175461 26
1445175461 17
1445175462 1
