1445175196 8
1445175197 147
1445175197 16
1445175197 102
1445175197 83
1445175197 8
1445175198 147
1445175200 160
1445175202 82
1445175203 67
1445175207 22
1445175207 102
1445175207 3
1445175207 75
1445175207 25
1445175207 25
1445175207 154
1445175214 102
1445175214 25
1445175214 25
1445175214 102
1445175245 75
1445175245 25
1445175250 102
1445175250 25
1445175250 25
1445175250 102
1445175289 75
1445175289 25
1445175294 102
1445175294 25
1445175294 25
1445175294 102
1445175332 75
1445175332 25
1445175338 102
1445175338 25
1445175338 25
1445175338 102
1445175378 75
1445175378 25
1445175383 102
1445175383 25
1445175383 25
1445175383 102
1445175422 75
1445175422 25
1445175426 102
1445175426 25
1445175426 25
1445175426 102
1445175428 67
1445175456 75
1445175456 25
1445175456 102
1445175456 25
1445175456 25
1445175461 75
1445175461 102
1445175462 160
