1445235786 8
1445235786 147
1445235786 16
1445235786 102
1445235786 83
1445235786 8
1445235787 147
1445235787 160
1445235788 82
1445235788 67
1445235788 22
1445235788 102
1445235788 3
1445235788 75
1445235788 25
1445235788 25
1445235788 154
1445235790 102
1445235790 25
1445235790 25
1445235790 102
1445235797 75
1445235797 25
1445235798 102
1445235798 25
1445235798 25
1445235798 102
1445235806 75
1445235806 25
1445235807 102
1445235807 25
1445235807 25
1445235807 102
1445235815 75
1445235815 25
1445235815 102
1445235815 25
1445235815 25
1445235815 102
1445235823 75
1445235823 25
1445235824 102
1445235824 25
1445235824 25
1445235824 102
1445235832 75
1445235832 25
1445235833 102
1445235833 25
1445235833 25
1445235833 102
1445235834 67
1445235843 75
1445235843 25
1445235843 102
1445235843 25
1445235843 25
1445235844 75
1445235844 102
1445235844 160
1445235877 129
1445235877 3
