1445076778 23
1445076778 11
1445076778 14
1445076778 21
1445076778 6
1445076778 4
1445076778 3
1445076779 5
1445076779 8
1445076779 13
1445076779 7
1445076780 28
1445076780 10
1445076780 19
1445076780 22
1445076780 18
1445076780 12
1445076783 20
1445076783 17
1445076783 16
1445076783 28
1445076794 26
1445076794 15
1445076796 20
1445076796 17
1445076796 16
1445076796 28
1445076806 26
1445076806 15
1445076808 20
1445076808 17
1445076808 16
1445076808 28
1445076818 26
1445076818 15
1445076820 20
1445076820 17
1445076820 16
1445076820 28
1445076833 26
1445076833 15
1445076835 20
1445076835 17
1445076835 16
1445076835 28
1445076847 26
1445076847 15
1445076850 20
1445076850 17
1445076850 16
1445076850 28
1445076852 1
1445076852 34
1445076852 35
1445076852 35
1445076852 30
1445076852 36
1445076852 25
1445076852 45
1445076852 9
1445076852 37
1445076852 40
1445076852 39
1445076852 41
1445076852 38
1445076852 29
1445076852 33
1445076852 32
1445076852 32
1445076852 44
1445076852 44
1445076852 24
1445076852 42
1445076852 43
1445076852 46
1445076852 31
1445076852 27
1445076852 -1
1445076861 26
1445076861 15
1445076863 20
1445076863 17
1445076863 16
1445076863 28
1445076873 26
1445076873 15
1445076875 2
1445076895 2
1445076915 2
1445076935 2
1445076955 2
1445076975 2
1445076995 2
1445077015 2
1445077035 2
1445077055 2
1445077075 2
1445077095 2
1445077115 2
1445077135 2
1445077155 2
1445077175 2
1445077195 2
1445077215 2
1445077235 2
1445077255 2
1445077275 2
1445077295 2
1445077315 2
1445077335 2
1445077355 2
1445077375 2
1445077395 2
1445077415 2
1445077435 2
1445077455 2
1445077475 2
1445077495 2
1445077515 2
1445077535 2
1445077555 2
1445077575 2
1445077595 2
1445077615 2
1445077635 2
