1445094497 8
1445094497 147
1445094497 16
1445094497 102
1445094497 83
1445094498 8
1445094498 147
1445094500 160
1445094502 82
1445094502 67
1445094507 22
1445094507 102
1445094507 3
1445094507 75
1445094507 25
1445094507 25
1445094507 154
1445094522 102
1445094522 25
1445094522 25
1445094522 102
1445094553 75
1445094553 25
1445094559 102
1445094559 25
1445094559 25
1445094559 102
1445094588 75
1445094588 25
1445094596 102
1445094596 25
1445094596 25
1445094596 102
1445094625 75
1445094626 25
1445094631 102
1445094631 25
1445094631 25
1445094631 102
1445094659 75
1445094659 25
1445094669 102
1445094669 25
1445094669 25
1445094669 102
1445094694 75
1445094694 25
1445094710 102
1445094710 25
1445094710 25
1445094710 102
1445094711 67
1445094738 75
1445094739 25
1445094739 102
1445094739 25
1445094739 25
1445094742 75
1445094742 102
1445094743 160
1445094839 129
1445094839 3
1445094840 16
1445094840 16
1445094840 111
