1445235716 8
1445235716 147
1445235716 16
1445235716 102
1445235716 83
1445235717 8
1445235718 147
1445235719 160
1445235721 82
1445235721 67
1445235723 22
1445235723 102
1445235723 3
1445235723 75
1445235723 25
1445235723 25
1445235723 154
1445235735 102
1445235735 25
1445235735 25
1445235735 102
1445235760 75
1445235761 25
1445235764 102
1445235764 25
1445235764 25
1445235764 102
1445235797 75
1445235797 25
1445235803 102
1445235803 25
1445235803 25
1445235803 102
1445235837 75
1445235837 25
1445235846 102
1445235846 25
1445235846 25
1445235846 102
1445235878 75
1445235878 25
1445235893 102
1445235893 25
1445235893 25
1445235893 102
1445235924 75
1445235924 25
1445235935 102
1445235935 25
1445235935 25
1445235935 102
1445235939 67
1445235960 75
1445235960 25
1445235960 102
1445235960 25
1445235960 25
1445235965 75
1445235965 102
1445235966 160
