1445095251 20
1445095251 10
1445095251 17
1445095251 25
1445095251 6
1445095252 4
1445095252 2
1445095254 3
1445095255 7
1445095255 13
1445095255 8
1445095256 28
1445095256 12
1445095256 21
1445095256 22
1445095256 24
1445095256 11
1445095258 18
1445095258 16
1445095258 14
1445095258 28
1445095266 26
1445095266 15
1445095267 18
1445095267 16
1445095267 14
1445095267 28
1445095275 26
1445095275 15
1445095276 18
1445095276 16
1445095276 14
1445095276 28
1445095285 26
1445095285 15
1445095286 18
1445095286 16
1445095286 14
1445095286 28
1445095294 26
1445095294 15
1445095295 18
1445095295 16
1445095295 14
1445095295 28
1445095303 26
1445095303 15
1445095304 18
1445095304 16
1445095304 14
1445095304 28
1445095305 9
1445095312 26
1445095312 15
1445095312 18
1445095312 16
1445095312 14
1445095313 27
1445095313 23
1445095313 1
1445095338 5
1445095338 19
