1445076792 8
1445076792 147
1445076792 16
1445076792 102
1445076792 83
1445076793 8
1445076798 147
1445076799 160
1445076800 82
1445076800 67
1445076802 22
1445076802 102
1445076802 3
1445076802 75
1445076802 25
1445076802 25
1445076802 154
1445076840 102
1445076840 25
1445076840 25
1445076840 102
1445076878 75
1445076878 25
1445076888 102
1445076888 25
1445076888 25
1445076888 102
1445076915 75
1445076916 25
1445076920 102
1445076920 25
1445076920 25
1445076920 102
1445076948 75
1445076948 25
1445076957 102
1445076957 25
1445076957 25
1445076957 102
