1445241369 23
1445241369 10
1445241369 17
1445241369 22
1445241369 6
1445241369 4
1445241370 2
1445241371 5
1445241372 7
1445241372 12
1445241372 8
1445241372 31
1445241372 14
1445241372 28
1445241372 27
1445241372 24
1445241372 9
1445241376 21
1445241376 19
1445241376 20
1445241376 31
1445241387 29
1445241387 16
1445241390 21
1445241390 19
1445241390 20
1445241390 31
1445241400 29
1445241400 16
1445241403 21
1445241403 19
1445241403 20
1445241403 31
1445241412 29
1445241412 16
1445241414 21
1445241414 19
1445241414 20
1445241414 31
1445241423 29
1445241423 16
1445241426 21
1445241426 19
1445241426 20
1445241426 31
1445241436 29
1445241436 16
1445241439 21
1445241439 19
1445241439 20
1445241439 31
1445241448 29
1445241448 16
1445241451 21
1445241451 19
1445241451 20
1445241451 31
1445241462 29
1445241472 16
1445241473 11
1445241473 21
1445241473 19
1445241473 20
1445241481 30
1445241482 26
1445241482 1
1445241510 3
1445241510 25
1445241511 18
1445241511 15
1445241511 13
