1445241369 8
1445241369 147
1445241369 16
1445241369 102
1445241369 83
1445241369 8
1445241370 147
1445241371 160
1445241372 82
1445241372 67
1445241372 22
1445241372 102
1445241372 3
1445241372 75
1445241372 25
1445241372 25
1445241372 154
1445241376 102
1445241376 25
1445241376 25
1445241376 102
1445241387 75
1445241387 25
1445241390 102
1445241390 25
1445241390 25
1445241390 102
1445241400 75
1445241400 25
1445241403 102
1445241403 25
1445241403 25
1445241403 102
1445241412 75
1445241412 25
1445241414 102
1445241414 25
1445241414 25
1445241414 102
1445241423 75
1445241423 25
1445241426 102
1445241426 25
1445241426 25
1445241426 102
1445241436 75
1445241436 25
1445241439 102
1445241439 25
1445241439 25
1445241439 102
1445241448 75
1445241448 25
1445241451 102
1445241451 25
1445241451 25
1445241451 102
1445241462 75
1445241472 25
1445241473 67
1445241473 102
1445241473 25
1445241473 25
1445241481 75
1445241482 102
1445241482 160
1445241510 129
1445241510 3
1445241511 16
1445241511 16
1445241511 111
