1445072795 19
1445072795 11
1445072795 14
1445072795 25
1445072795 6
1445072796 5
1445072796 2
1445072797 4
1445072798 7
1445072798 12
1445072798 8
1445072798 28
1445072798 13
1445072798 21
1445072798 22
1445072798 18
1445072798 9
1445072802 20
1445072802 17
1445072802 15
1445072802 28
1445072813 27
1445072813 16
1445072815 20
1445072815 17
1445072815 15
1445072815 28
1445072826 27
1445072826 16
1445072828 20
1445072828 17
1445072828 15
1445072828 28
1445072838 27
1445072838 16
1445072840 20
1445072840 17
1445072840 15
1445072840 28
1445072850 27
1445072850 16
1445072852 20
1445072852 17
1445072852 15
1445072852 28
1445072863 27
1445072863 16
1445072864 20
1445072864 17
1445072864 15
1445072864 28
1445072875 27
1445072875 16
1445072876 20
1445072876 17
1445072876 15
1445072876 28
1445072886 27
1445072886 16
1445072887 10
1445072887 20
1445072887 17
1445072887 15
1445072895 26
1445072895 23
1445072895 1
1445072917 3
1445072917 24
