1445162975 78
1445162976 78
1445162976 78
1445162976 78
1445162977 78
1445162977 78
1445162978 29
1445162978 78
1445162978 78
1445162978 78
1445162978 78
1445162978 78
1445162978 78
1445162978 78
1445162978 38
1445162978 38
1445162978 38
1445162978 13
1445162978 78
1445162978 54
1445162979 45
1445162979 46
1445162979 78
1445162979 78
1445162979 78
1445162979 78
1445162979 78
1445162979 78
1445162979 35
1445162979 42
1445162979 17
1445162979 65
1445162979 53
1445162979 78
1445162979 50
1445162979 24
1445162979 48
1445162979 10
1445162979 9
1445162979 56
1445162979 57
1445162979 55
1445162979 79
1445162979 4
1445162980 76
1445162980 78
1445162980 49
1445162980 35
1445162980 78
1445162980 42
1445162980 65
1445162980 53
1445162980 78
1445162980 78
1445162980 78
1445162981 36
1445162981 43
1445162981 78
1445162981 78
1445162981 37
1445162981 78
1445162981 78
1445162981 78
1445162981 6
1445162981 6
1445162981 78
1445162981 6
1445162981 6
1445162981 78
1445162981 6
1445162981 6
1445162981 78
1445162981 6
1445162981 6
1445162981 78
1445162981 6
1445162981 6
1445162981 78
1445162981 6
1445162981 6
1445162981 78
1445162981 6
1445162981 6
1445162981 78
1445162981 6
1445162981 6
1445162981 78
1445162981 6
1445162981 6
1445162981 78
1445162981 6
1445162981 6
1445162981 78
1445162981 78
1445162981 78
1445162981 78
1445162981 78
1445162981 78
1445162981 78
1445162981 78
1445162981 78
1445162981 78
1445162981 78
1445162981 78
1445162981 78
1445162981 41
1445162981 2
1445162981 44
1445162982 78
1445162982 3
1445162982 78
1445162982 78
1445162982 30
1445162982 78
1445162983 78
1445162983 78
1445162983 30
1445162983 78
1445162984 78
1445162984 78
1445162984 30
1445162984 78
1445162985 78
1445162985 78
1445162985 30
1445162985 78
1445162986 78
1445162986 78
1445162986 30
1445162986 78
1445162987 78
1445162987 78
1445162987 30
1445162987 78
1445162988 78
1445162988 78
1445162988 30
1445162988 78
1445162989 78
1445162989 78
1445162989 30
1445162989 78
1445162990 78
1445162990 78
1445162990 30
1445162990 78
1445162991 78
1445162991 78
1445162991 30
1445162991 78
1445162992 78
1445162992 78
1445162992 30
1445162992 78
1445162993 78
1445162993 78
1445162993 30
1445162993 78
1445162994 78
1445162994 78
1445162994 30
1445162994 78
1445162995 78
1445162995 78
1445162995 30
1445162995 78
1445162996 78
1445162996 78
1445162996 30
1445162996 78
1445162997 78
1445162997 78
1445162997 30
1445162997 78
1445162998 78
1445162998 78
1445162998 30
1445162998 78
1445162999 78
1445162999 78
1445162999 30
1445162999 78
1445163000 78
1445163000 78
1445163000 30
1445163000 78
1445163001 78
1445163001 78
1445163001 30
1445163001 78
1445163002 78
1445163002 78
1445163002 30
1445163002 78
1445163003 78
1445163003 78
1445163003 30
1445163003 78
1445163004 78
1445163004 78
1445163004 30
1445163004 78
1445163005 78
1445163005 78
1445163005 30
1445163005 78
1445163006 78
1445163006 78
1445163006 30
1445163006 78
1445163007 78
1445163007 78
1445163007 30
1445163007 78
1445163008 78
1445163008 78
1445163008 30
1445163008 78
1445163009 78
1445163009 78
1445163009 30
1445163009 78
1445163010 78
1445163010 78
1445163010 30
1445163010 78
1445163011 78
1445163011 78
1445163011 30
1445163011 78
1445163012 78
1445163012 78
1445163012 30
1445163012 78
1445163013 78
1445163013 78
1445163013 30
1445163013 78
1445163014 78
1445163014 78
1445163014 30
1445163014 78
1445163015 78
1445163015 78
1445163015 30
1445163015 78
1445163016 78
1445163016 78
1445163016 30
1445163016 78
1445163017 78
1445163017 78
1445163017 30
1445163017 78
1445163018 78
1445163018 78
1445163018 30
1445163018 78
1445163019 78
1445163019 78
1445163019 30
1445163019 78
1445163020 78
1445163020 78
1445163020 30
1445163020 78
1445163021 78
1445163021 78
1445163021 30
1445163021 78
1445163022 78
1445163022 78
1445163022 30
1445163022 78
1445163023 78
1445163023 78
1445163023 30
1445163023 78
1445163024 78
1445163024 78
1445163024 30
1445163024 78
1445163025 78
1445163025 78
1445163025 30
1445163025 78
1445163026 78
1445163026 78
1445163026 30
1445163026 78
1445163027 78
1445163027 78
1445163027 30
1445163027 78
1445163028 78
1445163028 78
1445163028 30
1445163028 78
1445163029 78
1445163029 78
1445163029 30
1445163029 78
1445163030 78
1445163030 78
1445163030 30
1445163030 78
1445163031 78
1445163031 78
1445163031 30
1445163031 78
1445163032 78
1445163032 78
1445163032 30
1445163032 78
1445163033 78
1445163033 78
1445163033 30
1445163033 78
1445163034 78
1445163034 78
1445163034 30
1445163034 78
1445163035 78
1445163035 78
1445163035 30
1445163035 78
1445163036 78
1445163036 78
1445163036 30
1445163036 78
1445163037 78
1445163037 78
1445163037 30
1445163037 78
1445163038 78
1445163038 78
1445163038 30
1445163038 78
1445163039 78
1445163039 78
1445163039 30
1445163039 78
1445163040 78
1445163040 78
1445163040 30
1445163040 78
1445163041 78
1445163041 78
1445163041 30
1445163041 78
1445163042 78
1445163042 78
1445163042 30
1445163042 78
1445163043 78
1445163043 78
1445163043 30
1445163043 78
1445163044 78
1445163044 78
1445163044 30
1445163044 78
1445163045 78
1445163045 78
1445163045 30
1445163045 78
1445163046 78
1445163046 78
1445163046 30
1445163046 78
1445163047 78
1445163047 78
1445163047 30
1445163047 78
1445163048 78
1445163048 78
1445163048 30
1445163048 78
1445163049 78
1445163049 78
1445163049 30
1445163049 78
1445163050 78
1445163050 78
1445163050 30
1445163050 78
1445163051 78
1445163051 78
1445163051 30
1445163051 78
1445163052 78
1445163052 78
1445163052 30
1445163052 78
1445163053 78
1445163053 78
1445163053 30
1445163053 78
1445163054 78
1445163054 78
1445163054 30
1445163054 78
1445163055 78
1445163055 78
1445163055 30
1445163055 78
1445163055 78
1445163055 6
1445163055 78
1445163055 78
1445163055 78
1445163055 78
1445163055 78
1445163055 78
1445163055 78
1445163055 78
1445163055 8
1445163055 78
1445163055 78
1445163055 78
1445163055 78
1445163055 78
1445163056 3
1445163056 30
1445163056 78
1445163057 30
1445163057 78
1445163058 22
1445163058 20
1445163058 21
1445163058 30
1445163058 78
1445163059 30
1445163059 78
1445163060 30
1445163060 78
1445163061 30
1445163061 78
1445163062 30
1445163062 78
1445163063 30
1445163063 78
1445163064 30
1445163064 78
1445163065 32
1445163065 30
1445163065 78
1445163066 30
1445163066 78
1445163067 30
1445163067 78
1445163068 32
1445163068 30
1445163068 78
1445163069 30
1445163069 78
1445163070 30
1445163070 78
1445163071 30
1445163071 78
1445163071 32
1445163072 30
1445163072 78
1445163073 30
1445163073 78
1445163074 30
1445163074 78
1445163074 32
1445163075 30
1445163075 78
1445163076 30
1445163076 78
1445163077 30
1445163077 78
1445163077 32
1445163078 30
1445163078 78
1445163079 30
1445163079 78
1445163080 30
1445163080 78
1445163080 32
1445163081 30
1445163081 78
1445163082 30
1445163082 78
1445163083 30
1445163083 78
1445163083 32
1445163084 30
1445163084 78
1445163085 30
1445163085 78
1445163086 30
1445163086 78
1445163086 32
1445163087 30
1445163087 78
1445163088 30
1445163088 78
1445163089 30
1445163089 78
1445163089 32
1445163090 30
1445163090 78
1445163091 30
1445163091 78
1445163092 30
1445163092 78
1445163092 32
1445163093 30
1445163093 78
1445163094 30
1445163094 78
1445163095 30
1445163095 78
1445163095 32
1445163096 30
1445163096 78
1445163097 30
1445163097 78
1445163098 30
1445163098 78
1445163098 32
1445163099 30
1445163099 78
1445163100 30
1445163100 78
1445163101 30
1445163101 78
1445163102 32
1445163102 30
1445163102 78
1445163103 30
1445163103 78
1445163104 30
1445163104 78
1445163105 32
1445163105 30
1445163105 78
1445163106 30
1445163106 78
1445163107 30
1445163107 78
1445163108 32
1445163108 30
1445163108 78
1445163109 30
1445163109 78
1445163110 30
1445163110 78
1445163111 32
1445163111 30
1445163111 78
1445163112 30
1445163112 78
1445163113 30
1445163113 78
1445163114 32
1445163114 30
1445163114 78
1445163115 30
1445163115 78
1445163116 30
1445163116 78
1445163117 32
1445163117 30
1445163117 78
1445163118 30
1445163118 78
1445163119 30
1445163119 78
1445163120 32
1445163120 30
1445163120 78
1445163121 30
1445163121 78
1445163122 30
1445163122 78
1445163123 32
1445163123 30
1445163123 78
1445163124 30
1445163124 78
1445163125 30
1445163125 78
1445163126 32
1445163126 30
1445163126 78
1445163127 30
1445163127 78
1445163128 30
1445163128 78
1445163129 32
1445163129 30
1445163129 78
1445163130 30
1445163130 78
1445163131 30
1445163131 78
1445163132 32
1445163132 30
1445163132 78
1445163133 30
1445163133 78
1445163134 30
1445163134 78
1445163135 32
1445163135 30
1445163135 78
1445163136 30
1445163136 78
1445163137 30
1445163137 78
1445163138 32
1445163138 30
1445163138 78
1445163139 30
1445163139 78
1445163140 30
1445163140 78
1445163141 32
1445163141 30
1445163141 78
1445163142 30
1445163142 78
1445163143 30
1445163143 78
1445163144 32
1445163144 30
1445163144 78
1445163145 30
1445163145 78
1445163146 32
1445163146 30
1445163146 78
1445163147 32
1445163147 30
1445163147 78
1445163148 30
1445163148 78
1445163149 30
1445163149 78
1445163150 32
1445163150 30
1445163150 78
1445163151 30
1445163151 78
1445163152 30
1445163152 78
1445163153 32
1445163153 30
1445163153 78
1445163154 30
1445163154 78
1445163155 30
1445163155 78
1445163156 32
1445163156 30
1445163156 78
1445163157 30
1445163157 78
1445163158 30
1445163158 78
1445163159 32
1445163159 30
1445163159 78
1445163160 30
1445163160 78
1445163161 30
1445163161 78
1445163162 32
1445163162 30
1445163162 78
1445163163 30
1445163163 78
1445163164 30
1445163164 78
1445163165 32
1445163165 30
1445163165 78
1445163166 30
1445163166 78
1445163168 30
1445163168 78
1445163168 32
1445163169 30
1445163169 78
1445163170 30
1445163170 78
1445163171 32
1445163171 30
1445163171 78
1445163172 30
1445163172 78
1445163173 30
1445163173 78
1445163174 32
1445163174 30
1445163174 78
1445163175 30
1445163175 78
1445163176 30
1445163176 78
1445163177 32
1445163177 30
1445163177 78
1445163178 30
1445163178 78
1445163179 30
1445163179 78
1445163180 32
1445163180 30
1445163180 78
1445163181 30
1445163181 78
1445163182 30
1445163182 78
1445163183 32
1445163183 30
1445163183 78
1445163184 32
1445163184 34
1445163184 78
1445163184 78
1445163184 78
1445163184 8
1445163184 30
1445163184 78
1445163184 78
1445163184 78
1445163184 78
1445163184 78
1445163185 78
1445163185 30
1445163185 78
1445163185 15
1445163186 78
1445163186 78
1445163186 78
1445163186 70
1445163186 77
1445163186 -1
1445163186 78
1445163186 30
1445163186 15
1445163186 78
1445163186 6
1445163186 78
1445163186 78
1445163186 78
1445163186 8
1445163186 78
1445163186 78
1445163186 78
1445163186 78
1445163186 78
1445163187 3
1445163187 30
1445163187 15
1445163188 30
1445163188 15
1445163189 30
1445163189 15
1445163189 22
1445163189 20
1445163189 21
1445163190 30
1445163190 15
1445163191 30
1445163191 15
1445163192 30
1445163192 15
1445163193 30
1445163193 15
1445163194 30
1445163194 15
1445163195 30
1445163195 15
1445163196 30
1445163196 15
1445163197 32
1445163197 30
1445163197 15
1445163198 30
1445163198 15
1445163199 30
1445163199 15
1445163200 32
1445163200 30
1445163200 15
1445163201 30
1445163201 15
1445163202 30
1445163202 15
1445163203 32
1445163203 30
1445163203 15
1445163204 30
1445163204 15
1445163205 30
1445163205 15
1445163206 32
1445163206 30
1445163206 15
1445163207 30
1445163207 15
1445163208 30
1445163208 15
1445163209 32
1445163209 30
1445163209 15
1445163210 30
1445163210 15
1445163211 30
1445163211 15
1445163212 32
1445163212 30
1445163212 15
1445163213 30
1445163213 15
1445163214 30
1445163214 15
1445163215 32
1445163215 30
1445163215 15
1445163216 30
1445163216 15
1445163217 30
1445163217 15
1445163218 32
1445163218 30
1445163218 15
1445163219 30
1445163219 15
1445163220 30
1445163220 15
1445163221 32
1445163221 30
1445163221 15
1445163222 30
1445163222 15
1445163223 30
1445163223 15
1445163224 32
1445163224 30
1445163224 15
1445163225 30
1445163225 15
1445163226 30
1445163226 15
1445163227 32
1445163227 30
1445163227 15
1445163228 30
1445163228 15
1445163229 30
1445163229 15
1445163230 32
1445163230 30
1445163230 15
1445163231 30
1445163231 15
1445163232 30
1445163232 15
1445163233 32
1445163233 30
1445163233 15
1445163234 30
1445163234 15
1445163235 30
1445163235 15
1445163236 32
1445163237 30
1445163237 15
1445163238 30
1445163238 15
1445163239 30
1445163239 15
1445163239 32
1445163240 30
1445163240 15
1445163241 30
1445163241 15
1445163242 30
1445163242 15
1445163242 32
1445163243 30
1445163243 15
1445163244 30
1445163244 15
1445163245 30
1445163245 15
1445163245 32
1445163246 30
1445163246 15
1445163247 30
1445163247 15
1445163248 30
1445163248 15
1445163248 32
1445163249 30
1445163249 15
1445163250 30
1445163250 15
1445163251 30
1445163251 15
1445163251 32
1445163252 30
1445163252 15
1445163253 30
1445163253 15
1445163254 30
1445163254 15
1445163254 32
1445163255 30
1445163255 15
1445163256 30
1445163256 15
1445163257 30
1445163257 15
1445163257 32
1445163258 30
1445163258 15
1445163259 30
1445163259 15
1445163260 30
1445163260 15
1445163260 32
1445163261 30
1445163261 15
1445163262 30
1445163262 15
1445163263 30
1445163263 15
1445163263 32
1445163264 30
1445163264 15
1445163265 30
1445163265 15
1445163266 30
1445163266 15
1445163266 32
1445163266 32
1445163267 30
1445163267 15
1445163268 30
1445163268 15
1445163269 30
1445163269 15
1445163269 32
1445163270 30
1445163270 15
1445163271 30
1445163271 15
1445163272 30
1445163272 15
1445163272 32
1445163273 30
1445163273 15
1445163274 30
1445163274 15
1445163275 30
1445163275 15
1445163275 32
1445163276 30
1445163276 15
1445163277 30
1445163277 15
1445163278 30
1445163278 15
1445163278 32
1445163279 30
1445163279 15
1445163280 30
1445163280 15
1445163281 30
1445163281 15
1445163281 32
1445163282 30
1445163282 15
1445163283 30
1445163283 15
1445163284 30
1445163284 15
1445163284 32
1445163285 30
1445163285 15
1445163286 30
1445163286 15
1445163287 30
1445163287 15
1445163287 32
1445163288 30
1445163288 15
1445163289 30
1445163289 15
1445163290 30
1445163290 15
1445163290 32
1445163291 30
1445163291 15
1445163292 30
1445163292 15
1445163293 30
1445163293 15
1445163293 32
1445163294 30
1445163294 15
1445163295 30
1445163295 15
1445163296 30
1445163296 15
1445163296 32
1445163297 30
1445163297 15
1445163298 30
1445163298 15
1445163299 30
1445163299 15
1445163299 32
1445163300 30
1445163300 15
1445163300 32
1445163300 34
1445163300 78
1445163300 78
1445163300 78
1445163300 8
1445163300 78
1445163300 78
1445163300 78
1445163300 78
1445163301 78
1445163301 30
1445163301 15
1445163302 78
1445163302 78
1445163302 78
1445163302 70
1445163302 77
1445163302 -1
1445163302 78
1445163302 30
1445163302 15
1445163302 78
1445163302 6
1445163302 78
1445163302 78
1445163302 78
1445163302 8
1445163302 78
1445163302 78
1445163302 78
1445163302 78
1445163302 78
1445163303 3
1445163303 30
1445163303 15
1445163304 30
1445163304 15
1445163305 30
1445163305 15
1445163305 22
1445163305 20
1445163305 21
1445163306 30
1445163306 15
1445163307 30
1445163307 15
1445163308 30
1445163308 15
1445163309 30
1445163309 15
1445163310 30
1445163310 15
1445163311 30
1445163311 15
1445163312 30
1445163312 15
1445163313 32
1445163313 30
1445163313 15
1445163314 30
1445163314 15
1445163315 30
1445163315 15
1445163316 32
1445163316 30
1445163316 15
1445163317 30
1445163317 15
1445163318 30
1445163318 15
1445163319 32
1445163319 30
1445163319 15
1445163320 30
1445163320 15
1445163321 30
1445163321 15
1445163322 32
1445163322 30
1445163322 15
1445163323 30
1445163323 15
1445163324 30
1445163324 15
1445163325 32
1445163325 30
1445163325 15
1445163326 30
1445163326 15
1445163327 30
1445163327 15
1445163328 32
1445163328 30
1445163328 15
1445163329 30
1445163329 15
1445163330 30
1445163330 15
1445163331 32
1445163331 30
1445163331 15
1445163332 30
1445163332 15
1445163333 30
1445163333 15
1445163334 32
1445163334 30
1445163334 15
1445163335 30
1445163335 15
1445163336 30
1445163336 15
1445163337 32
1445163337 30
1445163337 15
1445163338 30
1445163338 15
1445163339 30
1445163339 15
1445163340 32
1445163340 30
1445163340 15
1445163341 30
1445163341 15
1445163342 30
1445163342 15
1445163343 32
1445163343 30
1445163343 15
1445163344 30
1445163344 15
1445163345 30
1445163345 15
1445163346 32
1445163346 30
1445163346 15
1445163347 30
1445163347 15
1445163348 30
1445163348 15
1445163349 32
1445163349 30
1445163349 15
1445163350 30
1445163350 15
1445163351 30
1445163351 15
1445163352 32
1445163352 30
1445163352 15
1445163353 30
1445163353 15
1445163354 30
1445163354 15
1445163355 32
1445163355 30
1445163355 15
1445163356 30
1445163356 15
1445163357 30
1445163357 15
1445163358 32
1445163358 30
1445163358 15
1445163359 30
1445163359 15
1445163360 30
1445163360 15
1445163361 32
1445163361 30
1445163361 15
1445163362 30
1445163362 15
1445163363 30
1445163363 15
1445163364 32
1445163364 30
1445163364 15
1445163365 30
1445163365 15
1445163366 30
1445163366 15
1445163367 32
1445163368 30
1445163368 15
1445163369 30
1445163369 15
1445163370 30
1445163370 15
1445163370 32
1445163371 30
1445163371 15
1445163372 30
1445163372 15
1445163373 30
1445163373 15
1445163373 32
1445163374 30
1445163374 15
1445163375 30
1445163375 15
1445163376 30
1445163376 15
1445163376 32
1445163377 30
1445163377 15
1445163378 30
1445163378 15
1445163379 30
1445163379 15
1445163379 32
1445163380 30
1445163380 15
1445163381 30
1445163381 15
1445163382 30
1445163382 15
1445163382 32
1445163383 30
1445163383 15
1445163384 30
1445163384 15
1445163385 30
1445163385 15
1445163385 32
1445163386 30
1445163386 15
1445163387 30
1445163387 15
1445163388 30
1445163388 15
1445163388 32
1445163389 30
1445163389 15
1445163390 30
1445163390 15
1445163391 30
1445163391 15
1445163391 32
1445163392 30
1445163392 15
1445163392 32
1445163393 30
1445163393 15
1445163394 30
1445163394 15
1445163394 32
1445163395 30
1445163395 15
1445163396 30
1445163396 15
1445163397 30
1445163397 15
1445163397 32
1445163398 30
1445163398 15
1445163399 30
1445163399 15
1445163400 30
1445163400 15
1445163400 32
1445163401 30
1445163401 15
1445163402 30
1445163402 15
1445163403 30
1445163403 15
1445163403 32
1445163404 30
1445163404 15
1445163405 30
1445163405 15
1445163406 30
1445163406 15
1445163406 32
1445163407 30
1445163407 15
1445163408 30
1445163408 15
1445163409 30
1445163409 15
1445163409 32
1445163410 30
1445163410 15
1445163411 30
1445163411 15
1445163412 30
1445163412 15
1445163412 32
1445163413 30
1445163413 15
1445163414 30
1445163414 15
1445163415 30
1445163415 15
1445163416 32
1445163416 30
1445163416 15
1445163417 30
1445163417 15
1445163418 30
1445163418 15
1445163419 32
1445163419 30
1445163419 15
1445163420 30
1445163420 15
1445163421 30
1445163421 15
1445163422 32
1445163422 30
1445163422 15
1445163423 30
1445163423 15
1445163424 30
1445163424 15
1445163424 78
1445163424 78
1445163425 32
1445163425 3
1445163425 78
1445163425 78
1445163425 78
1445163425 78
1445163425 78
1445163425 6
1445163425 78
1445163425 78
1445163425 78
1445163425 78
1445163425 78
1445163425 6
1445163425 78
1445163425 6
1445163425 78
1445163425 6
1445163425 78
1445163425 6
1445163425 78
1445163425 6
1445163425 78
1445163425 6
1445163425 78
1445163425 78
1445163425 78
1445163425 78
1445163425 78
1445163425 78
1445163425 78
1445163425 8
1445163425 78
1445163425 78
1445163425 78
1445163425 78
1445163425 78
1445163425 78
1445163425 78
1445163425 78
1445163425 8
1445163425 8
1445163425 8
1445163425 8
1445163425 8
1445163425 8
1445163425 78
1445163425 78
1445163425 78
1445163425 78
1445163425 78
1445163425 78
1445163425 78
1445163425 78
1445163425 78
1445163425 78
1445163425 78
1445163425 78
1445163425 78
1445163425 78
1445163425 78
1445163425 78
1445163425 78
1445163425 78
1445163425 78
1445163425 78
1445163425 78
1445163425 78
1445163425 78
1445163425 78
1445163425 78
1445163425 78
1445163425 78
1445163425 78
1445163425 78
1445163425 78
1445163425 78
1445163425 78
1445163425 78
1445163425 78
1445163425 78
1445163426 3
1445163426 78
1445163426 78
1445163426 78
1445163426 78
1445163426 6
1445163426 78
1445163426 78
1445163426 78
1445163426 8
1445163427 78
1445163427 78
1445163427 78
1445163427 78
1445163427 78
1445163427 3
1445163428 32
1445163428 22
1445163428 20
1445163428 21
1445163429 22
1445163429 20
1445163429 21
1445163429 22
1445163429 20
1445163429 21
1445163429 22
1445163429 20
1445163429 21
1445163429 22
1445163429 22
1445163429 22
1445163429 20
1445163429 21
1445163429 22
1445163429 20
1445163429 21
1445163429 20
1445163429 21
1445163429 20
1445163429 21
1445163429 27
1445163430 27
1445163431 32
1445163431 27
1445163432 27
1445163433 32
1445163433 34
1445163433 78
1445163433 78
1445163433 78
1445163433 8
1445163433 78
1445163433 78
1445163433 78
1445163433 78
1445163433 78
1445163433 27
1445163434 78
1445163434 78
1445163434 78
1445163434 70
1445163434 77
1445163434 -1
1445163434 27
1445163435 32
1445163435 27
1445163436 78
1445163436 78
1445163436 78
1445163436 6
1445163436 6
1445163436 78
1445163436 32
1445163436 78
1445163436 3
1445163436 32
1445163436 27
1445163437 32
1445163437 32
1445163437 32
1445163437 32
1445163437 32
1445163437 27
1445163438 32
1445163438 78
1445163438 14
1445163438 78
1445163438 78
1445163438 11
1445163438 78
1445163438 78
1445163438 78
1445163438 16
1445163439 27
1445163439 78
1445163439 78
1445163439 78
1445163439 78
1445163439 32
1445163440 3
1445163440 32
1445163440 27
1445163440 32
1445163440 32
1445163440 32
1445163440 32
1445163440 32
1445163441 27
1445163441 32
1445163442 27
1445163442 32
1445163443 32
1445163443 27
1445163443 32
1445163443 32
1445163443 32
1445163443 32
1445163443 32
1445163444 27
1445163444 22
1445163444 20
1445163444 21
1445163445 32
1445163445 27
1445163446 32
1445163446 32
1445163446 32
1445163446 32
1445163446 32
1445163446 32
1445163446 32
1445163446 27
1445163447 27
1445163448 32
1445163448 27
1445163449 32
1445163449 32
1445163449 32
1445163449 32
1445163449 32
1445163449 32
1445163449 32
1445163449 27
1445163450 27
1445163451 32
1445163451 78
1445163451 78
1445163451 6
1445163451 6
1445163451 78
1445163451 78
1445163451 27
1445163451 78
1445163451 3
1445163452 32
1445163452 32
1445163452 32
1445163452 32
1445163452 32
1445163452 32
1445163452 32
1445163452 27
1445163453 27
1445163454 32
1445163454 27
1445163455 32
1445163455 32
1445163455 32
1445163455 32
1445163455 32
1445163455 32
1445163455 32
1445163455 27
1445163456 27
1445163457 32
1445163457 27
1445163458 32
1445163458 32
1445163458 32
1445163458 32
1445163458 32
1445163458 32
1445163458 32
1445163458 27
1445163459 27
1445163460 32
1445163460 27
1445163461 32
1445163461 32
1445163461 32
1445163461 32
1445163461 32
1445163461 32
1445163461 32
1445163461 27
1445163462 27
1445163463 32
1445163463 32
1445163463 27
1445163463 32
1445163464 32
1445163464 32
1445163464 32
1445163464 32
1445163464 32
1445163464 32
1445163464 32
1445163465 27
1445163466 27
1445163466 32
1445163467 27
1445163467 32
1445163467 32
1445163467 32
1445163467 32
1445163467 32
1445163467 32
1445163467 32
1445163467 32
1445163468 27
1445163469 27
1445163469 32
1445163470 27
1445163470 32
1445163470 32
1445163470 32
1445163470 32
1445163470 32
1445163470 32
1445163470 32
1445163470 32
1445163471 27
1445163472 27
1445163472 32
1445163473 27
1445163473 32
1445163473 32
1445163473 32
1445163473 32
1445163473 32
1445163473 32
1445163473 32
1445163474 32
1445163474 27
1445163475 27
1445163475 32
1445163476 32
1445163476 32
1445163476 27
1445163476 32
1445163476 32
1445163476 32
1445163476 32
1445163476 32
1445163477 27
1445163477 32
1445163478 32
1445163478 27
1445163479 32
1445163479 32
1445163479 27
1445163479 32
1445163479 32
1445163479 32
1445163479 32
1445163479 32
1445163480 27
1445163481 32
1445163481 34
1445163481 78
1445163481 78
1445163481 78
1445163481 8
1445163481 78
1445163481 78
1445163481 78
1445163481 78
1445163481 78
1445163481 32
1445163481 32
1445163481 27
1445163482 32
1445163482 32
1445163482 78
1445163482 78
1445163482 78
1445163482 70
1445163482 77
1445163482 -1
1445163482 27
1445163482 32
1445163482 32
1445163482 32
1445163482 32
1445163483 27
1445163484 32
1445163484 27
1445163485 32
1445163485 32
1445163485 32
1445163485 32
1445163485 32
1445163485 32
1445163485 32
1445163485 27
1445163486 27
1445163487 32
1445163487 27
1445163488 32
1445163488 32
1445163488 32
1445163488 32
1445163488 32
1445163488 32
1445163488 27
1445163488 32
1445163489 27
1445163490 32
1445163490 27
1445163491 32
1445163491 32
1445163491 32
1445163491 32
1445163491 32
1445163491 32
1445163491 27
1445163492 32
1445163492 27
1445163493 32
1445163493 27
1445163494 32
1445163494 32
1445163494 32
1445163494 32
1445163494 32
1445163494 32
1445163495 27
1445163495 32
1445163496 27
1445163496 32
1445163497 27
1445163497 32
1445163497 32
1445163497 32
1445163497 32
1445163497 32
1445163497 32
1445163498 27
1445163498 32
1445163499 27
1445163499 32
1445163500 27
1445163500 32
1445163500 32
1445163501 32
1445163501 32
1445163501 32
1445163501 32
1445163501 27
1445163502 32
1445163502 27
1445163502 32
1445163503 27
1445163503 32
1445163503 32
1445163504 32
1445163504 32
1445163504 32
1445163504 32
1445163504 27
1445163505 27
1445163505 32
1445163505 32
1445163506 27
1445163506 32
1445163506 32
1445163507 32
1445163507 32
1445163507 32
1445163507 32
1445163507 27
1445163508 27
1445163509 32
1445163509 32
1445163509 27
1445163509 32
1445163509 32
1445163510 32
1445163510 32
1445163510 32
1445163510 32
1445163510 27
1445163511 27
1445163512 32
1445163512 32
1445163512 32
1445163512 32
1445163512 27
1445163513 32
1445163513 32
1445163513 32
1445163513 32
1445163514 27
1445163515 27
1445163515 32
1445163515 32
1445163515 32
1445163516 27
1445163516 32
1445163516 32
1445163516 32
1445163516 32
1445163516 32
1445163517 27
1445163518 27
1445163518 32
1445163518 32
1445163518 32
1445163519 27
1445163519 32
1445163519 32
1445163519 32
1445163519 32
1445163519 32
1445163520 27
1445163521 32
1445163521 27
1445163521 32
1445163522 32
1445163522 32
1445163522 27
1445163522 32
1445163522 32
1445163522 32
1445163522 32
1445163523 32
1445163523 27
1445163523 32
1445163524 32
1445163524 27
1445163524 32
1445163524 32
1445163524 32
1445163525 32
1445163525 32
1445163525 32
1445163525 32
1445163525 32
1445163525 32
1445163525 27
1445163526 32
1445163526 27
1445163526 32
1445163527 32
1445163527 27
1445163528 32
1445163528 32
1445163528 32
1445163528 32
1445163528 32
1445163528 32
1445163528 27
1445163529 27
1445163530 32
1445163530 32
1445163530 27
1445163531 32
1445163531 32
1445163531 32
1445163531 32
1445163531 32
1445163531 32
1445163531 27
1445163532 27
1445163533 32
1445163533 32
1445163533 27
1445163534 32
1445163534 32
1445163534 32
1445163534 32
1445163534 32
1445163534 32
1445163534 27
1445163535 27
1445163536 32
1445163536 27
1445163537 32
1445163537 32
1445163537 32
1445163537 32
1445163537 32
1445163537 32
1445163537 32
1445163537 27
1445163538 27
1445163539 32
1445163539 27
1445163540 32
1445163540 32
1445163540 32
1445163540 32
1445163540 32
1445163540 32
1445163540 32
1445163540 27
1445163541 27
1445163542 32
1445163542 27
1445163543 32
1445163543 32
1445163543 32
1445163543 32
1445163543 32
1445163543 32
1445163543 27
1445163544 32
1445163544 27
1445163545 32
1445163546 27
1445163546 32
1445163546 32
1445163546 32
1445163546 32
1445163546 32
1445163546 32
1445163547 27
1445163547 32
1445163548 27
1445163548 32
1445163549 27
1445163549 32
1445163549 32
1445163549 32
1445163549 32
1445163549 32
1445163549 32
1445163550 27
1445163551 32
1445163551 27
1445163551 32
1445163552 32
1445163552 32
1445163552 27
1445163552 32
1445163552 32
1445163552 32
1445163552 32
1445163553 27
1445163553 32
1445163553 34
1445163553 78
1445163553 78
1445163553 78
1445163554 8
1445163554 78
1445163554 78
1445163554 78
1445163554 6
1445163554 78
1445163554 78
1445163554 78
1445163554 8
1445163554 78
1445163554 78
1445163554 27
1445163554 78
1445163554 78
1445163554 78
1445163554 78
1445163554 78
1445163554 78
1445163554 78
1445163554 8
1445163554 32
1445163554 32
1445163554 78
1445163555 78
1445163555 3
1445163555 78
1445163555 5
1445163555 78
1445163555 32
1445163555 32
1445163555 32
1445163555 34
1445163555 78
1445163555 78
1445163555 27
1445163555 78
1445163555 8
1445163555 32
1445163555 32
1445163555 78
1445163555 78
1445163555 78
1445163555 78
1445163555 32
1445163555 34
1445163555 78
1445163555 78
1445163555 78
1445163555 8
1445163556 78
1445163556 78
1445163556 78
1445163556 78
1445163556 78
1445163556 78
1445163556 78
1445163556 78
1445163556 70
1445163556 77
1445163556 -1
1445163556 78
1445163556 70
1445163556 77
1445163556 -1
1445163556 78
1445163556 27
1445163557 78
1445163557 78
1445163557 78
1445163557 78
1445163557 70
1445163557 77
1445163557 -1
1445163557 78
1445163557 78
1445163557 70
1445163557 77
1445163557 -1
1445163557 27
1445163558 32
1445163558 32
1445163558 32
1445163558 32
1445163558 27
1445163558 32
1445163559 27
1445163560 27
1445163561 32
1445163561 32
1445163561 34
1445163561 78
1445163561 78
1445163561 78
1445163561 8
1445163561 78
1445163561 78
1445163561 78
1445163561 78
1445163561 78
1445163561 78
1445163561 78
1445163561 78
1445163561 16
1445163561 32
1445163561 78
1445163561 78
1445163561 78
1445163561 27
1445163561 32
1445163561 78
1445163561 5
1445163561 78
1445163561 32
1445163562 32
1445163562 34
1445163562 78
1445163562 78
1445163562 78
1445163562 8
1445163562 78
1445163562 78
1445163562 78
1445163562 78
1445163562 70
1445163562 77
1445163562 -1
1445163562 78
1445163562 78
1445163562 78
1445163562 78
1445163562 27
1445163563 1
1445163563 39
1445163563 71
1445163563 74
1445163563 75
1445163563 69
1445163563 72
1445163563 67
1445163563 68
1445163563 60
1445163563 62
1445163563 61
1445163563 64
1445163563 78
1445163563 78
1445163563 78
1445163563 78
1445163563 70
1445163563 77
1445163563 -1
1445163563 27
1445163564 32
1445163564 78
1445163564 78
1445163564 78
1445163564 70
1445163564 77
1445163564 -1
1445163564 32
1445163564 34
1445163564 78
1445163564 78
1445163564 78
1445163564 8
1445163564 78
1445163564 78
1445163564 78
1445163564 78
1445163564 27
1445163565 78
1445163565 32
1445163565 32
1445163566 78
1445163566 78
1445163566 78
1445163566 70
1445163566 77
1445163566 -1
1445163567 32
1445163570 32
1445163573 32
1445163576 32
1445163579 32
1445163582 32
1445163585 32
1445163588 32
1445163591 32
1445163594 32
1445163597 32
1445163600 32
1445163603 32
1445163606 32
1445163609 32
1445163612 32
1445163615 32
1445163618 25
1445163618 78
1445163618 78
1445163618 26
1445163618 78
1445163618 32
1445163618 34
1445163618 78
1445163618 78
1445163618 78
1445163618 8
1445163618 78
1445163618 78
1445163618 78
1445163618 78
1445163618 78
1445163618 78
1445163618 78
1445163619 78
1445163619 78
1445163619 78
1445163619 78
1445163619 78
1445163619 78
1445163619 40
1445163619 78
1445163619 28
1445163619 78
1445163619 78
1445163619 78
1445163619 70
1445163619 77
1445163619 -1
1445163620 12
1445163620 58
1445163621 18
1445163621 58
1445163621 7
1445163621 66
1445163622 18
1445163622 66
1445163622 19
1445163622 33
1445163622 80
1445163622 19
1445163622 31
1445163622 73
1445163622 19
1445163622 23
1445163622 59
1445163622 47
1445163622 78
1445163622 78
1445163622 78
1445163623 78
1445163623 78
1445163624 52
1445163624 51
1445163624 78
1445163624 63
