1445175193 19
1445175194 10
1445175194 13
1445175194 20
1445175194 5
1445175194 3
1445175195 2
1445175197 4
1445175199 6
1445175199 9
1445175205 7
1445175206 24
1445175206 11
1445175206 23
1445175206 18
1445175206 17
1445175206 8
1445175212 22
1445175212 15
1445175212 14
1445175212 24
1445175245 25
1445175245 16
1445175249 22
1445175249 15
1445175249 14
1445175249 24
1445175279 25
1445175279 16
1445175283 22
1445175283 15
1445175283 14
1445175283 24
1445175312 25
1445175312 16
1445175316 22
1445175316 15
1445175316 14
1445175316 24
1445175346 25
1445175346 16
1445175350 22
1445175350 15
1445175350 14
1445175350 24
1445175380 25
1445175380 16
1445175384 22
1445175384 15
1445175384 14
1445175384 24
1445175386 12
1445175414 25
1445175414 16
1445175414 22
1445175414 15
1445175414 14
1445175418 26
1445175418 21
1445175419 1
