1445175193 8
1445175194 147
1445175194 16
1445175194 102
1445175194 83
1445175194 8
1445175195 147
1445175197 160
1445175199 82
1445175199 67
1445175205 22
1445175206 102
1445175206 3
1445175206 75
1445175206 25
1445175206 25
1445175206 154
1445175212 102
1445175212 25
1445175212 25
1445175212 102
1445175245 75
1445175245 25
1445175249 102
1445175249 25
1445175249 25
1445175249 102
1445175279 75
1445175279 25
1445175283 102
1445175283 25
1445175283 25
1445175283 102
1445175312 75
1445175312 25
1445175316 102
1445175316 25
1445175316 25
1445175316 102
1445175346 75
1445175346 25
1445175350 102
1445175350 25
1445175350 25
1445175350 102
1445175380 75
1445175380 25
1445175384 102
1445175384 25
1445175384 25
1445175384 102
1445175386 67
1445175414 75
1445175414 25
1445175414 102
1445175414 25
1445175414 25
1445175418 75
1445175418 102
1445175419 160
