1445094583 24
1445094584 12
1445094584 15
1445094584 21
1445094584 6
1445094584 3
1445094585 2
1445094587 4
1445094588 8
1445094588 13
1445094589 7
1445094589 26
1445094589 11
1445094589 25
1445094589 18
1445094589 20
1445094589 9
1445094591 19
1445094591 16
1445094591 17
1445094591 26
1445094600 27
1445094600 14
1445094601 19
1445094601 16
1445094601 17
1445094601 26
1445094609 27
1445094609 14
1445094610 19
1445094610 16
1445094610 17
1445094610 26
1445094618 27
1445094618 14
1445094619 19
1445094619 16
1445094619 17
1445094619 26
1445094627 27
1445094627 14
1445094629 19
1445094629 16
1445094629 17
1445094629 26
1445094638 27
1445094638 14
1445094638 19
1445094638 16
1445094638 17
1445094638 26
1445094639 10
1445094646 27
1445094646 14
1445094646 19
1445094646 16
1445094646 17
1445094647 28
1445094647 23
1445094647 1
1445094676 5
1445094676 22
