1445094583 8
1445094584 147
1445094584 16
1445094584 102
1445094584 83
1445094584 8
1445094585 147
1445094587 160
1445094588 82
1445094588 67
1445094589 22
1445094589 102
1445094589 3
1445094589 75
1445094589 25
1445094589 25
1445094589 154
1445094591 102
1445094591 25
1445094591 25
1445094591 102
1445094600 75
1445094600 25
1445094601 102
1445094601 25
1445094601 25
1445094601 102
1445094609 75
1445094609 25
1445094610 102
1445094610 25
1445094610 25
1445094610 102
1445094618 75
1445094618 25
1445094619 102
1445094619 25
1445094619 25
1445094619 102
1445094627 75
1445094627 25
1445094629 102
1445094629 25
1445094629 25
1445094629 102
1445094638 75
1445094638 25
1445094638 102
1445094638 25
1445094638 25
1445094638 102
1445094639 67
1445094646 75
1445094646 25
1445094646 102
1445094646 25
1445094646 25
1445094647 75
1445094647 102
1445094647 160
1445094676 129
1445094676 3
