1445076580 19
1445076581 10
1445076581 12
1445076581 18
1445076581 4
1445076581 3
1445076582 1
1445076584 2
1445076586 6
1445076586 7
1445076591 5
1445076592 21
1445076592 9
1445076592 15
1445076592 20
1445076592 16
1445076592 8
1445076615 17
1445076615 13
1445076615 11
1445076615 21
1445076660 22
1445076660 14
1445076667 17
1445076667 13
1445076667 11
1445076667 21
1445076711 22
1445076711 14
1445076719 17
1445076719 13
1445076719 11
1445076719 21
1445076763 22
1445076763 14
1445076770 17
1445076770 13
1445076770 11
1445076770 21
1445076813 22
1445076813 14
1445076821 17
1445076821 13
1445076821 11
1445076821 21
