1445247563 24
1445247563 13
1445247563 15
1445247563 21
1445247563 6
1445247564 3
1445247564 2
1445247565 5
1445247566 8
1445247566 14
1445247566 7
1445247566 29
1445247566 12
1445247566 28
1445247566 26
1445247566 25
1445247566 11
1445247571 23
1445247571 16
1445247571 20
1445247571 29
1445247581 30
1445247581 19
1445247584 23
1445247584 16
1445247584 20
1445247584 29
1445247594 30
1445247594 19
1445247596 9
1445247596 23
1445247596 16
1445247596 20
1445247604 31
1445247604 27
1445247604 1
1445247615 4
1445247625 22
1445247626 18
1445247626 17
1445247626 10
