1445247563 8
1445247563 147
1445247563 16
1445247563 102
1445247563 83
1445247564 8
1445247564 147
1445247565 160
1445247566 82
1445247566 67
1445247566 22
1445247566 102
1445247566 3
1445247566 75
1445247566 25
1445247566 25
1445247566 154
1445247571 102
1445247571 25
1445247571 25
1445247571 102
1445247581 75
1445247581 25
1445247584 102
1445247584 25
1445247584 25
1445247584 102
1445247594 75
1445247594 25
1445247596 67
1445247596 102
1445247596 25
1445247596 25
1445247604 75
1445247604 102
1445247604 160
1445247615 129
1445247625 3
1445247626 16
1445247626 16
1445247626 111
