1445089677 25
1445089677 10
1445089677 17
1445089677 21
1445089677 6
1445089677 4
1445089677 2
1445089678 5
1445089680 7
1445089680 12
1445089680 8
1445089680 27
1445089680 13
1445089680 22
1445089680 20
1445089680 19
1445089680 9
1445089683 23
1445089683 14
1445089683 15
1445089683 27
1445089692 28
1445089692 16
1445089692 23
1445089692 14
1445089692 15
1445089692 27
1445089700 28
1445089700 16
1445089701 23
1445089701 14
1445089701 15
1445089701 27
1445089709 28
1445089709 16
1445089710 23
1445089710 14
1445089710 15
1445089710 27
1445089719 28
1445089719 16
1445089720 23
1445089720 14
1445089720 15
1445089720 27
1445089728 28
1445089728 16
1445089729 23
1445089729 14
1445089729 15
1445089729 27
1445089739 28
1445089739 16
1445089740 11
1445089740 23
1445089740 14
1445089740 15
1445089743 26
1445089743 24
1445089743 1
1445089772 3
1445089772 18
