1445089677 8
1445089677 147
1445089677 16
1445089677 102
1445089677 83
1445089677 8
1445089677 147
1445089678 160
1445089680 82
1445089680 67
1445089680 22
1445089680 102
1445089680 3
1445089680 75
1445089680 25
1445089680 25
1445089680 154
1445089683 102
1445089683 25
1445089683 25
1445089683 102
1445089692 75
1445089692 25
1445089692 102
1445089692 25
1445089692 25
1445089692 102
1445089700 75
1445089700 25
1445089701 102
1445089701 25
1445089701 25
1445089701 102
1445089709 75
1445089709 25
1445089710 102
1445089710 25
1445089710 25
1445089710 102
1445089719 75
1445089719 25
1445089720 102
1445089720 25
1445089720 25
1445089720 102
1445089728 75
1445089728 25
1445089729 102
1445089729 25
1445089729 25
1445089729 102
1445089739 75
1445089739 25
1445089740 67
1445089740 102
1445089740 25
1445089740 25
1445089743 75
1445089743 102
1445089743 160
1445089772 129
1445089772 3
