1445092341 18
1445092341 13
1445092341 15
1445092341 25
1445092341 6
1445092341 5
1445092342 2
1445092344 4
1445092345 7
1445092345 9
1445092346 8
1445092346 28
1445092346 11
1445092346 19
1445092346 24
1445092346 22
1445092346 10
1445092356 20
1445092356 14
1445092356 17
1445092356 28
1445092375 27
1445092375 16
1445092384 20
1445092384 14
1445092384 17
1445092384 28
1445092401 27
1445092401 16
1445092409 20
1445092409 14
1445092409 17
1445092409 28
1445092420 27
1445092420 16
1445092428 20
1445092428 14
1445092428 17
1445092428 28
1445092438 27
1445092438 16
1445092447 20
1445092447 14
1445092447 17
1445092447 28
1445092458 27
1445092458 16
1445092469 20
1445092469 14
1445092469 17
1445092469 28
1445092470 12
1445092479 27
1445092479 16
1445092479 20
1445092479 14
1445092479 17
1445092480 26
1445092480 23
1445092480 1
1445092505 3
1445092505 21
