1445175201 20
1445175201 9
1445175201 13
1445175201 17
1445175201 4
1445175202 3
1445175203 1
1445175204 2
1445175207 6
1445175207 10
1445175210 5
1445175211 21
1445175211 8
1445175211 16
1445175211 15
1445175211 18
1445175211 7
1445175227 19
1445175227 14
1445175227 12
1445175227 21
1445175268 22
1445175268 11
1445175272 19
1445175272 14
1445175272 12
1445175272 21
1445175313 22
1445175313 11
1445175317 19
1445175317 14
1445175317 12
1445175317 21
1445175357 22
1445175357 11
1445175361 19
1445175361 14
1445175361 12
1445175361 21
1445175400 22
1445175401 11
1445175405 19
1445175405 14
1445175405 12
1445175405 21
