1445176037 25
1445176037 13
1445176037 15
1445176037 20
1445176037 6
1445176037 3
1445176038 2
1445176038 5
1445176039 7
1445176039 9
1445176039 8
1445176039 26
1445176039 10
1445176039 22
1445176039 19
1445176039 24
1445176039 12
1445176040 21
1445176040 16
1445176040 14
1445176040 26
1445176048 27
1445176048 17
1445176049 21
1445176049 16
1445176049 14
1445176049 26
1445176056 27
1445176056 17
1445176057 21
1445176057 16
1445176057 14
1445176057 26
1445176064 27
1445176064 17
1445176065 21
1445176065 16
1445176065 14
1445176065 26
1445176073 27
1445176073 17
1445176074 21
1445176074 16
1445176074 14
1445176074 26
1445176081 27
1445176081 17
1445176083 21
1445176083 16
1445176083 14
1445176083 26
1445176083 11
1445176089 27
1445176089 17
1445176089 21
1445176089 16
1445176089 14
1445176090 28
1445176090 23
1445176090 1
1445176119 4
1445176119 18
