1445176037 8
1445176037 147
1445176037 16
1445176037 102
1445176037 83
1445176037 8
1445176038 147
1445176038 160
1445176039 82
1445176039 67
1445176039 22
1445176039 102
1445176039 3
1445176039 75
1445176039 25
1445176039 25
1445176039 154
1445176040 102
1445176040 25
1445176040 25
1445176040 102
1445176048 75
1445176048 25
1445176049 102
1445176049 25
1445176049 25
1445176049 102
1445176056 75
1445176056 25
1445176057 102
1445176057 25
1445176057 25
1445176057 102
1445176064 75
1445176064 25
1445176065 102
1445176065 25
1445176065 25
1445176065 102
1445176073 75
1445176073 25
1445176074 102
1445176074 25
1445176074 25
1445176074 102
1445176081 75
1445176081 25
1445176083 102
1445176083 25
1445176083 25
1445176083 102
1445176083 67
1445176089 75
1445176089 25
1445176089 102
1445176089 25
1445176089 25
1445176090 75
1445176090 102
1445176090 160
1445176119 129
1445176119 3
