1445248068 8
1445248068 147
1445248068 16
1445248068 102
1445248068 83
1445248069 8
1445248070 147
1445248072 160
1445248073 82
1445248073 67
1445248074 22
1445248075 102
1445248075 3
1445248075 75
1445248075 25
1445248075 25
1445248075 154
1445248082 102
1445248082 25
1445248082 25
1445248082 102
1445248105 75
1445248106 25
1445248112 102
1445248112 25
1445248112 25
1445248112 102
1445248141 75
1445248141 25
1445248145 102
1445248145 25
1445248145 25
1445248145 102
1445248175 75
1445248175 25
1445248180 102
1445248180 25
1445248180 25
1445248180 102
1445248208 75
1445248208 25
1445248214 102
1445248214 25
1445248214 25
1445248214 102
1445248242 75
1445248243 25
1445248248 102
1445248248 25
1445248248 25
1445248248 102
1445248276 75
1445248276 25
1445248281 102
1445248281 25
1445248281 25
1445248281 102
1445248309 75
1445248310 25
1445248315 67
1445248315 102
1445248315 25
1445248315 25
1445248337 75
1445248337 102
1445248337 160
1445248437 129
1445248440 3
1445248440 16
1445248440 16
1445248440 111
