1445241057 8
1445241057 147
1445241057 16
1445241057 102
1445241057 83
1445241057 8
1445241058 147
1445241058 160
1445241059 82
1445241059 67
1445241059 22
1445241060 102
1445241060 3
1445241060 75
1445241060 25
1445241060 25
1445241060 154
1445241063 102
1445241063 25
1445241063 25
1445241063 102
1445241074 75
1445241074 25
1445241075 102
1445241075 25
1445241075 25
1445241075 102
1445241084 75
1445241084 25
1445241086 67
1445241086 102
1445241086 25
1445241086 25
1445241093 75
1445241093 102
1445241093 160
1445241104 129
1445241105 3
1445241105 16
1445241105 16
1445241105 111
