1445094694 21
1445094695 12
1445094695 16
1445094695 28
1445094695 6
1445094695 5
1445094695 2
1445094696 4
1445094696 7
1445094696 9
1445094696 8
1445094697 29
1445094697 10
1445094697 27
1445094697 22
1445094697 25
1445094697 14
1445094699 24
1445094699 19
1445094699 17
1445094699 29
1445094708 30
1445094708 18
1445094708 24
1445094708 19
1445094708 17
1445094708 29
1445094719 30
1445094719 18
1445094720 24
1445094720 19
1445094720 17
1445094720 29
1445094728 30
1445094728 18
1445094729 24
1445094729 19
1445094729 17
1445094729 29
1445094737 30
1445094737 18
1445094737 24
1445094737 19
1445094737 17
1445094737 29
1445094745 30
1445094745 18
1445094746 24
1445094746 19
1445094746 17
1445094746 29
1445094746 13
1445094753 30
1445094753 18
1445094753 24
1445094753 19
1445094753 17
1445094754 31
1445094754 23
1445094754 1
1445094787 3
1445094788 26
1445094788 15
1445094788 20
1445094788 11
