1445241379 8
1445241379 147
1445241379 16
1445241380 102
1445241380 83
1445241380 8
1445241382 147
1445241384 160
1445241388 82
1445241389 67
1445241396 22
1445241396 102
1445241396 3
1445241396 75
1445241396 25
1445241396 25
1445241396 154
1445241432 102
1445241432 25
1445241432 25
1445241432 102
1445241473 75
1445241473 25
1445241479 102
1445241479 25
1445241479 25
1445241479 102
1445241516 75
1445241516 25
1445241522 102
1445241522 25
1445241522 25
1445241522 102
1445241550 75
1445241550 25
1445241554 102
1445241554 25
1445241554 25
1445241554 102
1445241580 75
1445241580 25
1445241584 102
1445241584 25
1445241584 25
1445241584 102
1445241602 75
1445241602 25
1445241605 102
1445241605 25
1445241605 25
1445241605 102
1445241620 75
1445241620 25
1445241623 102
1445241623 25
1445241623 25
1445241623 102
1445241635 75
1445241635 25
1445241637 67
1445241637 102
1445241637 25
1445241637 25
1445241646 75
1445241646 102
1445241646 160
1445241673 129
1445241674 3
