1445162530 28
1445162530 14
1445162530 17
1445162531 27
1445162531 6
1445162531 5
1445162532 2
1445162534 3
1445162536 7
1445162537 12
1445162538 8
1445162538 30
1445162538 10
1445162538 22
1445162538 23
1445162538 24
1445162538 13
1445162548 26
1445162548 18
1445162548 16
1445162548 30
1445162586 31
1445162586 15
1445162592 26
1445162592 18
1445162592 16
1445162592 30
1445162628 31
1445162628 15
1445162632 11
1445162632 26
1445162632 18
1445162632 16
1445162661 29
1445162661 25
1445162661 1
1445162708 4
1445162709 21
1445162709 19
1445162709 20
1445162709 9
