1445241271 8
1445241271 147
1445241271 16
1445241271 102
1445241271 83
1445241271 8
1445241272 147
1445241272 160
1445241273 82
1445241273 67
1445241273 22
1445241274 102
1445241274 3
1445241274 75
1445241274 25
1445241274 25
1445241274 154
1445241277 102
1445241277 25
1445241277 25
1445241277 102
1445241288 75
1445241288 25
1445241291 102
1445241291 25
1445241291 25
1445241291 102
1445241301 75
1445241302 25
1445241305 102
1445241305 25
1445241305 25
1445241305 102
1445241314 75
1445241314 25
1445241316 102
1445241316 25
1445241316 25
1445241316 102
1445241327 75
1445241327 25
1445241330 102
1445241330 25
1445241330 25
1445241330 102
1445241341 75
1445241341 25
1445241343 102
1445241343 25
1445241343 25
1445241343 102
1445241352 75
1445241352 25
1445241355 102
1445241355 25
1445241355 25
1445241355 102
1445241364 75
1445241364 25
1445241366 67
1445241366 102
1445241366 25
1445241366 25
1445241378 75
1445241378 102
1445241378 160
1445241403 129
1445241403 3
1445241403 16
1445241403 16
1445241403 111
