1445241016 19
1445241016 11
1445241016 14
1445241016 20
1445241016 4
1445241016 2
1445241019 1
1445241021 3
1445241022 6
1445241023 9
1445241034 5
1445241035 22
1445241035 7
1445241035 18
1445241035 16
1445241035 17
1445241035 10
1445241065 21
1445241065 13
1445241065 15
1445241065 22
1445241124 23
1445241125 12
1445241135 21
1445241135 13
1445241135 15
1445241135 22
1445241193 23
1445241193 12
1445241204 21
1445241204 13
1445241204 15
1445241204 22
1445241259 23
1445241259 12
1445241268 21
1445241268 13
1445241268 15
1445241268 22
1445241311 23
1445241311 12
1445241318 21
1445241318 13
1445241318 15
1445241318 22
1445241360 23
1445241360 12
1445241366 21
1445241366 13
1445241366 15
1445241366 22
1445241397 23
1445241397 12
1445241419 21
1445241419 13
1445241419 15
1445241419 22
1445241455 23
1445241455 12
1445241460 8
1445241460 21
1445241460 13
1445241460 15
