1445241016 8
1445241016 147
1445241016 16
1445241016 102
1445241016 83
1445241016 8
1445241019 147
1445241021 160
1445241022 82
1445241023 67
1445241034 22
1445241035 102
1445241035 3
1445241035 75
1445241035 25
1445241035 25
1445241035 154
1445241065 102
1445241065 25
1445241065 25
1445241065 102
1445241124 75
1445241125 25
1445241135 102
1445241135 25
1445241135 25
1445241135 102
1445241193 75
1445241193 25
1445241204 102
1445241204 25
1445241204 25
1445241204 102
1445241259 75
1445241259 25
1445241268 102
1445241268 25
1445241268 25
1445241268 102
1445241311 75
1445241311 25
1445241318 102
1445241318 25
1445241318 25
1445241318 102
1445241360 75
1445241360 25
1445241366 102
1445241366 25
1445241366 25
1445241366 102
1445241397 75
1445241397 25
1445241419 102
1445241419 25
1445241419 25
1445241419 102
1445241455 75
1445241455 25
1445241460 67
1445241460 102
1445241460 25
1445241460 25
