1445162651 8
1445162651 147
1445162651 16
1445162651 102
1445162651 83
1445162651 8
1445162652 147
1445162653 160
1445162653 82
1445162653 67
1445162653 154
1445162653 0
1445162653 58
1445162654 78
1445162654 78
1445162654 78
1445162654 78
1445162654 58
1445162654 60
1445162654 60
1445162654 60
1445162654 60
1445162654 167
1445162654 167
1445162654 167
1445162654 1
1445162654 78
1445162654 78
1445162654 60
1445162654 60
1445162654 167
1445162655 167
1445162655 1
1445162655 78
1445162655 78
1445162655 60
1445162655 60
1445162655 167
1445162655 167
1445162655 60
1445162655 167
1445162655 167
1445162655 1
1445162655 167
1445162655 1
1445162656 78
1445162656 58
1445162656 78
1445162656 60
1445162656 60
1445162656 167
1445162656 167
1445162656 1
1445162657 78
1445162657 78
1445162657 58
1445162657 60
1445162657 60
1445162657 167
1445162657 167
1445162657 1
1445162657 78
1445162657 78
1445162657 60
1445162657 60
1445162657 167
1445162658 167
1445162658 60
1445162658 167
1445162658 167
1445162658 1
1445162660 58
1445162660 78
1445162660 78
1445162660 60
1445162660 60
1445162660 167
1445162660 167
1445162660 1
1445162660 58
1445162660 0
1445162664 120
1445162664 120
1445162664 102
1445162664 160
1445162664 60
1445162722 129
1445162722 129
1445162722 167
1445162722 3
1445162722 16
1445162722 16
1445162722 111
