1445071674 22
1445071675 12
1445071675 14
1445071675 17
1445071675 5
1445071675 4
1445071676 2
1445071678 3
1445071679 6
1445071679 9
1445071680 7
1445071680 25
1445071680 10
1445071680 20
1445071680 21
1445071680 23
1445071680 11
1445071697 19
1445071697 13
1445071697 15
1445071697 25
1445071717 26
1445071717 16
1445071726 19
1445071726 13
1445071726 15
1445071726 25
1445071748 26
1445071748 16
1445071758 19
1445071758 13
1445071758 15
1445071758 25
1445071772 26
1445071772 16
1445071792 19
1445071792 13
1445071792 15
1445071792 25
1445071814 26
1445071814 16
1445071827 19
1445071827 13
1445071827 15
1445071827 25
1445071851 26
1445071851 16
1445071876 19
1445071876 13
1445071876 15
1445071876 25
1445071894 26
1445071894 16
1445071906 19
1445071906 13
1445071906 15
1445071906 25
1445071931 26
1445071931 16
1445071957 8
1445071957 19
1445071957 13
1445071957 15
1445071977 24
1445071977 18
1445071977 1
