1445091997 35
1445091997 35
1445091997 35
1445091997 35
1445091999 35
1445091999 35
1445091999 35
1445091999 35
1445091999 35
1445091999 35
1445091999 35
1445091999 35
1445091999 35
1445091999 35
1445091999 35
1445091999 35
1445091999 35
1445091999 35
1445091999 35
1445091999 35
1445091999 35
1445091999 35
1445091999 35
1445092000 35
1445092000 35
1445092000 35
1445092000 35
1445092000 35
1445092000 35
1445092000 35
1445092000 35
1445092000 35
1445092000 35
1445092000 35
1445092000 8
1445092000 35
1445092000 35
1445092000 35
1445092000 35
1445092000 35
1445092000 35
1445092000 35
1445092000 64
1445092000 5
1445092000 64
1445092000 35
1445092001 35
1445092001 35
1445092001 35
1445092001 35
1445092001 35
1445092001 35
1445092001 35
1445092001 35
1445092001 35
1445092001 35
1445092001 35
1445092001 35
1445092001 35
1445092001 35
1445092001 35
1445092001 35
1445092001 35
1445092001 35
1445092001 35
1445092001 35
1445092001 35
1445092001 35
1445092001 35
1445092001 35
1445092001 35
1445092001 35
1445092001 35
1445092001 35
1445092001 35
1445092001 35
1445092001 35
1445092001 35
1445092001 35
1445092001 35
1445092001 35
1445092001 35
1445092001 35
1445092001 35
1445092001 35
1445092001 35
1445092001 35
1445092001 35
1445092001 35
1445092001 35
1445092001 35
1445092001 35
1445092001 35
1445092001 35
1445092001 35
1445092001 35
1445092001 35
1445092001 35
1445092001 35
1445092001 35
1445092001 35
1445092001 35
1445092001 35
1445092001 35
1445092001 35
1445092001 35
1445092001 35
1445092001 35
1445092002 35
1445092002 35
1445092002 35
1445092002 35
1445092003 35
1445092003 35
1445092003 35
1445092003 35
1445092003 35
1445092003 35
1445092003 35
1445092003 35
1445092003 35
1445092003 35
1445092003 35
1445092003 35
1445092003 35
1445092003 35
1445092003 35
1445092003 35
1445092003 35
1445092003 35
1445092003 35
1445092003 35
1445092003 35
1445092004 35
1445092004 35
1445092004 35
1445092004 35
1445092004 35
1445092004 35
1445092004 35
1445092004 35
1445092004 35
1445092004 35
1445092004 35
1445092004 35
1445092004 35
1445092004 35
1445092004 35
1445092004 35
1445092004 35
1445092004 35
1445092004 35
1445092004 35
1445092004 35
1445092004 35
1445092004 35
1445092004 35
1445092004 35
1445092004 35
1445092004 35
1445092004 35
1445092004 35
1445092004 35
1445092004 35
1445092004 35
1445092004 35
1445092004 35
1445092004 35
1445092004 35
1445092004 35
1445092004 35
1445092004 35
1445092004 35
1445092004 35
1445092004 35
1445092004 35
1445092004 35
1445092004 35
1445092004 35
1445092004 35
1445092004 35
1445092004 35
1445092004 35
1445092004 35
1445092004 35
1445092004 35
1445092004 35
1445092004 35
1445092004 35
1445092004 35
1445092004 35
1445092004 35
1445092004 35
1445092004 35
1445092004 35
1445092004 35
1445092004 35
1445092004 35
1445092004 35
1445092004 35
1445092004 35
1445092004 35
1445092004 35
1445092004 35
1445092004 35
1445092004 35
1445092004 35
1445092004 35
1445092004 35
1445092004 35
1445092004 35
1445092004 35
1445092004 35
1445092004 35
1445092004 35
1445092004 35
1445092004 35
1445092004 35
1445092004 35
1445092004 35
1445092004 35
1445092004 35
1445092004 35
1445092004 35
1445092004 35
1445092004 35
1445092004 35
1445092004 35
1445092004 35
1445092004 35
1445092004 35
1445092004 35
1445092004 35
1445092005 35
1445092005 35
1445092006 35
1445092006 35
1445092007 35
1445092007 35
1445092007 35
1445092007 35
1445092007 35
1445092007 35
1445092008 35
1445092008 35
1445092008 35
1445092009 35
1445092009 35
1445092010 35
1445092010 35
1445092010 35
1445092010 35
1445092010 35
1445092010 35
1445092010 35
1445092010 35
1445092011 35
1445092011 35
1445092011 35
1445092011 35
1445092011 35
1445092011 35
1445092011 35
1445092011 35
1445092011 35
1445092011 35
1445092011 35
1445092011 35
1445092011 35
1445092011 35
1445092011 35
1445092012 35
1445092012 35
1445092015 35
1445092015 35
1445092015 35
1445092018 35
1445092018 35
1445092018 35
1445092021 35
1445092021 35
1445092021 35
1445092024 35
1445092024 35
1445092024 35
1445092024 35
1445092025 35
1445092025 35
1445092025 35
1445092027 35
1445092027 35
1445092027 35
1445092027 35
1445092027 35
1445092027 35
1445092028 35
1445092029 35
1445092029 35
1445092030 35
1445092030 35
1445092030 35
1445092030 35
1445092030 35
1445092031 35
1445092031 35
1445092031 35
1445092032 35
1445092033 35
1445092033 35
1445092033 35
1445092033 35
1445092033 35
1445092034 35
1445092034 35
1445092034 35
1445092035 35
1445092036 35
1445092036 35
1445092036 35
1445092036 35
1445092037 35
1445092037 35
1445092037 35
1445092038 35
1445092038 35
1445092038 35
1445092039 35
1445092039 35
1445092039 35
1445092039 35
1445092040 35
1445092041 35
1445092041 35
1445092041 35
1445092041 35
1445092042 35
1445092042 35
1445092042 35
1445092042 35
1445092043 35
1445092044 35
1445092044 35
1445092044 35
1445092044 35
1445092045 35
1445092045 35
1445092045 35
1445092045 35
1445092045 35
1445092046 35
1445092047 35
1445092048 35
1445092048 35
1445092048 35
1445092048 35
1445092048 35
1445092048 35
1445092048 35
1445092049 35
1445092050 35
1445092051 35
1445092051 35
1445092051 35
1445092051 35
1445092051 35
1445092051 35
1445092051 35
1445092052 35
1445092052 35
1445092053 35
1445092054 35
1445092054 35
1445092054 35
1445092054 35
1445092055 35
1445092055 35
1445092055 35
1445092055 35
1445092055 35
1445092056 35
1445092057 35
1445092057 35
1445092057 35
1445092057 35
1445092057 35
1445092058 35
1445092058 35
1445092058 35
1445092058 35
1445092059 35
1445092059 35
1445092059 35
1445092060 35
1445092060 35
1445092060 35
1445092061 35
1445092061 35
1445092062 35
1445092062 35
1445092062 35
1445092062 35
1445092063 35
1445092063 35
1445092063 35
1445092064 35
1445092064 35
1445092065 35
1445092065 35
1445092066 35
1445092066 35
1445092066 35
1445092066 35
1445092066 35
1445092066 35
1445092067 35
1445092067 35
1445092068 35
1445092069 35
1445092069 35
1445092069 35
1445092069 35
1445092069 35
1445092070 35
1445092070 35
1445092070 35
1445092071 35
1445092071 35
1445092072 35
1445092072 35
1445092073 35
1445092073 35
1445092073 35
1445092073 35
1445092073 35
1445092073 35
1445092074 35
1445092075 35
1445092075 35
1445092075 35
1445092076 35
1445092076 35
1445092076 35
1445092076 35
1445092077 35
1445092077 35
1445092078 35
1445092078 35
1445092078 35
1445092078 35
1445092079 35
1445092080 35
1445092080 35
1445092080 35
1445092080 35
1445092080 35
1445092081 35
1445092081 35
1445092081 35
1445092082 35
1445092082 35
1445092083 35
1445092083 35
1445092084 35
1445092084 35
1445092084 35
1445092084 35
1445092084 35
1445092085 35
1445092085 35
1445092085 35
1445092087 35
1445092087 35
1445092087 35
1445092087 35
1445092087 35
1445092087 35
1445092087 35
1445092087 35
1445092087 35
1445092087 35
1445092087 35
1445092087 35
1445092087 35
1445092087 35
1445092087 35
1445092087 35
1445092087 35
1445092087 35
1445092087 35
1445092087 35
1445092087 35
1445092088 35
1445092088 35
1445092088 35
1445092088 35
1445092088 35
1445092088 35
1445092088 35
1445092088 35
1445092088 35
1445092088 35
1445092088 35
1445092088 35
1445092088 35
1445092088 35
1445092088 113
1445092088 119
1445092088 170
1445092089 35
1445092090 35
1445092090 35
1445092091 35
1445092091 35
1445092091 35
1445092092 35
1445092092 35
1445092092 35
1445092092 35
1445092094 35
1445092094 35
1445092094 35
1445092094 35
1445092094 35
1445092095 35
1445092095 35
1445092096 35
1445092097 35
1445092097 35
1445092097 35
1445092097 35
1445092097 35
1445092097 35
1445092097 35
1445092097 35
1445092097 35
1445092097 35
1445092097 35
1445092097 35
1445092097 35
1445092097 35
1445092098 35
1445092098 35
1445092098 35
1445092098 35
1445092098 35
1445092098 35
1445092098 35
1445092098 35
1445092098 35
1445092098 35
1445092098 35
1445092098 35
1445092098 35
1445092098 35
1445092098 35
1445092098 35
1445092098 113
1445092098 119
1445092098 170
1445092098 35
1445092098 35
1445092098 113
1445092098 119
1445092098 170
1445092099 35
1445092099 35
1445092101 35
1445092101 35
1445092101 35
1445092101 35
1445092102 35
1445092102 35
1445092103 35
1445092104 35
1445092104 35
1445092104 35
1445092105 35
1445092105 35
1445092106 35
1445092106 35
1445092108 35
1445092108 35
1445092108 35
1445092108 35
1445092109 35
1445092109 35
1445092110 35
1445092111 35
1445092111 35
1445092111 35
1445092112 35
1445092113 35
1445092113 35
1445092113 35
1445092115 35
1445092115 35
1445092115 35
1445092115 35
1445092116 35
1445092116 35
1445092117 35
1445092118 35
1445092118 35
1445092119 35
1445092119 35
1445092119 35
1445092120 35
1445092120 35
1445092122 35
1445092122 35
1445092122 35
1445092123 35
1445092123 35
1445092123 35
1445092124 35
1445092125 35
1445092125 35
1445092126 35
1445092126 35
1445092126 35
1445092127 35
1445092127 35
1445092128 35
1445092129 35
1445092129 35
1445092130 35
1445092130 35
1445092130 35
1445092131 35
1445092132 35
1445092132 35
1445092133 35
1445092133 35
1445092133 35
1445092134 35
1445092134 35
1445092136 35
1445092136 35
1445092136 35
1445092137 35
1445092137 35
1445092137 35
1445092138 35
1445092139 35
1445092139 35
1445092140 35
1445092140 35
1445092141 35
1445092141 35
1445092141 35
1445092142 35
1445092143 35
1445092143 35
1445092144 35
1445092144 35
1445092144 35
1445092145 35
1445092146 35
1445092146 35
1445092147 35
1445092147 35
1445092147 35
1445092148 35
1445092148 35
1445092148 35
1445092148 35
1445092148 35
1445092148 35
1445092148 35
1445092148 35
1445092148 35
1445092148 35
1445092148 35
1445092148 35
1445092148 35
1445092148 35
1445092148 35
1445092148 35
1445092148 35
1445092148 35
1445092148 35
1445092148 35
1445092148 35
1445092148 35
1445092148 35
1445092148 35
1445092148 35
1445092149 35
1445092149 35
1445092149 89
1445092149 35
1445092149 35
1445092149 35
1445092149 35
1445092149 35
1445092149 35
1445092149 89
1445092149 35
1445092149 35
1445092149 35
1445092149 35
1445092149 35
1445092149 35
1445092149 89
1445092149 35
1445092149 35
1445092149 35
1445092149 35
1445092149 35
1445092149 35
1445092149 35
1445092150 35
1445092150 35
1445092151 35
1445092151 35
1445092151 35
1445092151 36
1445092151 164
1445092151 106
1445092151 4
1445092151 106
1445092151 106
1445092151 61
1445092151 15
1445092151 61
1445092151 61
1445092151 61
1445092151 61
1445092151 35
1445092152 35
1445092152 36
1445092152 164
1445092152 106
1445092152 4
1445092152 106
1445092152 106
1445092152 61
1445092152 15
1445092152 61
1445092152 61
1445092152 61
1445092152 61
1445092153 35
1445092153 35
1445092153 36
1445092153 164
1445092153 106
1445092153 4
1445092153 106
1445092153 106
1445092153 61
1445092153 15
1445092153 61
1445092153 61
1445092153 61
1445092153 61
1445092154 35
1445092154 35
1445092154 35
1445092155 35
1445092157 35
1445092158 35
1445092158 35
1445092158 35
1445092161 35
1445092161 35
1445092161 35
1445092162 35
1445092164 35
1445092165 35
1445092165 35
1445092165 35
1445092168 35
1445092168 35
1445092168 35
1445092169 35
1445092171 35
1445092171 35
1445092172 35
1445092172 35
1445092175 35
1445092175 35
1445092176 35
1445092176 35
1445092178 35
1445092179 35
1445092179 35
1445092179 35
1445092181 35
1445092182 35
1445092183 35
1445092183 35
1445092185 35
1445092186 35
1445092186 35
1445092186 35
1445092188 35
1445092189 35
1445092190 35
1445092190 35
1445092192 35
1445092193 35
1445092193 35
1445092193 35
1445092195 35
1445092196 35
1445092196 35
1445092197 35
1445092197 35
1445092199 35
1445092199 35
1445092199 35
1445092200 35
1445092201 35
1445092201 35
1445092203 35
1445092203 35
1445092204 35
1445092204 35
1445092206 35
1445092206 35
1445092207 35
1445092208 35
1445092210 35
1445092210 35
1445092211 35
1445092211 35
1445092213 35
1445092213 35
1445092214 35
1445092215 35
1445092217 35
1445092217 35
1445092217 35
1445092218 35
1445092220 35
1445092220 35
1445092221 35
1445092222 35
1445092224 35
1445092224 35
1445092224 35
1445092225 35
1445092227 35
1445092227 35
1445092228 35
1445092228 35
1445092228 35
1445092228 35
1445092228 35
1445092228 35
1445092228 35
1445092228 35
1445092228 35
1445092228 35
1445092228 35
1445092229 35
1445092229 35
1445092230 35
1445092230 35
1445092230 35
1445092230 113
1445092230 119
1445092230 170
1445092230 35
1445092230 35
1445092230 35
1445092230 35
1445092230 35
1445092230 35
1445092230 35
1445092230 35
1445092231 35
1445092231 35
1445092231 35
1445092231 35
1445092231 35
1445092231 35
1445092231 35
1445092231 35
1445092232 35
1445092234 35
1445092234 35
1445092236 35
1445092238 35
1445092238 35
1445092239 35
1445092239 35
1445092239 35
1445092239 35
1445092241 35
1445092241 35
1445092243 35
1445092244 35
1445092244 35
1445092245 35
1445092245 35
1445092246 35
1445092246 35
1445092247 35
1445092248 35
1445092248 35
1445092248 35
1445092249 35
1445092249 35
1445092250 35
1445092250 35
1445092251 35
1445092251 35
1445092252 35
1445092252 35
1445092253 35
1445092253 35
1445092253 35
1445092254 35
1445092255 35
1445092255 35
1445092255 35
1445092256 35
1445092257 35
1445092257 35
1445092257 35
1445092258 35
1445092259 35
1445092259 35
1445092260 35
1445092260 35
1445092260 35
1445092261 35
1445092261 35
1445092262 35
1445092262 35
1445092263 35
1445092264 35
1445092264 35
1445092264 35
1445092265 35
1445092265 35
1445092266 35
1445092266 35
1445092267 35
1445092267 35
1445092267 35
1445092268 35
1445092268 35
1445092269 35
1445092269 35
1445092270 35
1445092270 35
1445092271 35
1445092272 35
1445092272 35
1445092273 35
1445092273 35
1445092273 35
1445092274 35
1445092274 35
1445092275 35
1445092275 35
1445092276 35
1445092276 35
1445092277 35
1445092277 35
1445092278 35
1445092278 35
1445092279 35
1445092279 35
1445092280 35
1445092280 35
1445092280 35
1445092281 35
1445092281 35
1445092281 35
1445092281 35
1445092281 35
1445092281 35
1445092281 35
1445092281 35
1445092281 35
1445092281 35
1445092281 35
1445092281 35
1445092281 35
1445092281 35
1445092282 35
1445092282 35
1445092282 35
1445092283 35
1445092283 35
1445092283 35
1445092284 35
1445092284 35
1445092284 35
1445092284 35
1445092284 35
1445092284 35
1445092284 35
1445092284 35
1445092284 35
1445092284 35
1445092284 35
1445092284 35
1445092284 35
1445092284 35
1445092284 35
1445092284 35
1445092284 35
1445092285 35
1445092285 35
1445092286 35
1445092286 35
1445092286 35
1445092286 35
1445092286 35
1445092286 35
1445092286 35
1445092286 35
1445092286 35
1445092286 35
1445092286 35
1445092286 35
1445092286 35
1445092286 35
1445092287 35
1445092287 35
1445092287 35
1445092288 35
1445092288 35
1445092288 35
1445092288 35
1445092288 35
1445092289 35
1445092289 35
1445092289 35
1445092290 35
1445092290 35
1445092291 35
1445092291 35
1445092291 35
1445092291 35
1445092291 35
1445092292 35
1445092292 35
1445092292 35
1445092292 35
1445092292 35
1445092292 35
1445092292 35
1445092292 35
1445092292 35
1445092292 35
1445092292 35
1445092292 35
1445092292 35
1445092292 35
1445092292 35
1445092292 35
1445092293 35
1445092293 35
1445092293 35
1445092294 35
1445092295 35
1445092295 35
1445092295 35
1445092296 35
1445092296 35
1445092296 35
1445092296 35
1445092296 35
1445092296 35
1445092297 35
1445092297 35
1445092297 35
1445092298 35
1445092298 35
1445092299 35
1445092299 35
1445092299 35
1445092299 35
1445092300 35
1445092300 35
1445092300 35
1445092301 35
1445092301 35
1445092302 35
1445092302 35
1445092302 35
1445092302 35
1445092303 35
1445092303 35
1445092303 35
1445092304 35
1445092304 35
1445092304 35
1445092304 35
1445092304 35
1445092304 35
1445092304 35
1445092304 35
1445092304 35
1445092304 35
1445092304 35
1445092304 35
1445092305 35
1445092305 35
1445092305 35
1445092306 35
1445092306 35
1445092306 35
1445092306 35
1445092307 35
1445092307 35
1445092307 35
1445092307 35
1445092307 35
1445092307 35
1445092307 35
1445092307 35
1445092307 35
1445092307 35
1445092307 35
1445092307 35
1445092307 35
1445092307 35
1445092307 35
1445092307 35
1445092307 35
1445092308 35
1445092308 35
1445092309 35
1445092309 35
1445092309 35
1445092309 35
1445092310 35
1445092310 35
1445092310 35
1445092310 35
1445092311 35
1445092311 35
1445092311 35
1445092311 35
1445092311 35
1445092312 35
1445092312 35
1445092312 35
1445092312 35
1445092312 35
1445092313 35
1445092313 35
1445092313 35
1445092313 35
1445092314 35
1445092314 35
1445092315 35
1445092315 35
1445092315 35
1445092315 35
1445092316 35
1445092316 35
1445092316 35
1445092316 35
1445092317 35
1445092317 35
1445092318 35
1445092318 35
1445092318 35
1445092318 35
1445092318 35
1445092319 35
1445092319 35
1445092319 35
1445092319 35
1445092319 35
1445092320 35
1445092320 35
1445092321 35
1445092321 35
1445092321 35
1445092321 35
1445092321 35
1445092322 35
1445092322 35
1445092322 35
1445092323 35
1445092323 35
1445092324 35
1445092324 35
1445092324 35
1445092324 35
1445092324 35
1445092324 35
1445092324 35
1445092324 35
1445092324 35
1445092324 35
1445092324 35
1445092324 35
1445092324 35
1445092324 35
1445092324 35
1445092324 35
1445092324 35
1445092324 35
1445092324 35
1445092324 35
1445092324 35
1445092324 35
1445092324 89
1445092324 35
1445092324 35
1445092324 36
1445092324 164
1445092324 106
1445092324 4
1445092324 106
1445092324 106
1445092324 61
1445092324 15
1445092324 61
1445092324 61
1445092324 61
1445092324 61
1445092324 35
1445092325 35
1445092325 35
1445092325 35
1445092325 35
1445092325 35
1445092325 35
1445092325 113
1445092325 119
1445092325 170
1445092326 35
1445092326 35
1445092327 35
1445092327 35
1445092327 35
1445092327 35
1445092327 35
1445092327 35
1445092327 35
1445092327 113
1445092327 119
1445092327 170
1445092327 35
1445092328 35
1445092328 35
1445092328 35
1445092328 35
1445092328 35
1445092328 35
1445092328 35
1445092328 35
1445092328 35
1445092329 35
1445092329 35
1445092329 35
1445092329 35
1445092329 35
1445092329 35
1445092330 35
1445092330 35
1445092330 35
1445092330 35
1445092330 35
1445092330 35
1445092330 113
1445092330 119
1445092330 170
1445092331 35
1445092331 35
1445092331 35
1445092331 35
1445092331 35
1445092332 35
1445092333 35
1445092333 35
1445092333 35
1445092333 35
1445092333 35
1445092333 35
1445092333 35
1445092333 35
1445092333 35
1445092333 35
1445092333 35
1445092333 35
1445092334 35
1445092334 35
1445092334 35
1445092334 35
1445092334 35
1445092334 35
1445092335 35
1445092336 35
1445092336 35
1445092336 35
1445092336 113
1445092336 119
1445092336 170
1445092336 35
1445092336 35
1445092336 35
1445092337 35
1445092337 35
1445092337 35
1445092338 35
1445092339 35
1445092339 35
1445092339 35
1445092340 35
1445092340 35
1445092340 35
1445092341 35
1445092341 35
1445092342 35
1445092342 35
1445092342 35
1445092342 35
1445092343 35
1445092343 35
1445092343 35
1445092344 35
1445092344 35
1445092344 35
1445092345 35
1445092345 35
1445092345 35
1445092345 35
1445092346 35
1445092346 35
1445092346 35
1445092347 35
1445092347 35
1445092348 35
1445092348 35
1445092348 35
1445092349 35
1445092349 35
1445092349 35
1445092350 35
1445092350 35
1445092351 35
1445092351 35
1445092351 35
1445092352 35
1445092352 35
1445092352 35
1445092353 35
1445092353 35
1445092354 35
1445092354 35
1445092354 35
1445092355 35
1445092355 35
1445092356 35
1445092356 35
1445092357 35
1445092357 35
1445092357 35
1445092358 35
1445092358 35
1445092359 35
1445092359 35
1445092359 35
1445092360 35
1445092360 35
1445092360 35
1445092361 35
1445092361 35
1445092362 35
1445092362 35
1445092362 35
1445092363 35
1445092363 35
1445092363 35
1445092364 35
1445092364 35
1445092365 35
1445092365 35
1445092366 35
1445092366 35
1445092366 35
1445092366 35
1445092367 35
1445092367 35
1445092368 35
1445092368 35
1445092369 35
1445092369 35
1445092369 35
1445092369 35
1445092370 35
1445092370 35
1445092371 35
1445092371 35
1445092372 35
1445092372 35
1445092372 35
1445092372 35
1445092373 35
1445092373 35
1445092374 35
1445092374 35
1445092374 35
1445092375 35
1445092375 35
1445092375 35
1445092376 35
1445092376 35
1445092377 35
1445092377 35
1445092378 35
1445092378 35
1445092378 35
1445092378 35
1445092379 35
1445092379 35
1445092380 35
1445092380 35
1445092381 35
1445092381 35
1445092381 35
1445092381 35
1445092381 35
1445092381 35
1445092381 35
1445092381 35
1445092381 35
1445092381 35
1445092381 35
1445092381 35
1445092381 35
1445092382 35
1445092382 35
1445092382 35
1445092383 35
1445092383 35
1445092383 35
1445092383 113
1445092383 119
1445092383 170
1445092383 35
1445092383 35
1445092383 35
1445092383 35
1445092383 35
1445092383 35
1445092383 35
1445092383 35
1445092383 35
1445092383 35
1445092383 35
1445092383 35
1445092384 35
1445092384 35
1445092384 35
1445092384 35
1445092384 35
1445092384 35
1445092384 35
1445092384 35
1445092384 35
1445092384 35
1445092384 35
1445092384 35
1445092384 35
1445092384 35
1445092384 35
1445092384 35
1445092384 35
1445092384 35
1445092384 89
1445092384 35
1445092384 35
1445092384 35
1445092385 35
1445092385 35
1445092385 35
1445092385 35
1445092385 113
1445092385 119
1445092385 170
1445092385 35
1445092386 35
1445092386 35
1445092386 35
1445092386 113
1445092386 119
1445092386 170
1445092386 35
1445092387 35
1445092387 35
1445092388 35
1445092388 36
1445092388 164
1445092388 106
1445092388 4
1445092388 106
1445092388 106
1445092388 61
1445092388 15
1445092388 61
1445092388 61
1445092388 61
1445092388 61
1445092388 35
1445092389 35
1445092389 35
1445092389 35
1445092389 113
1445092389 119
1445092389 170
1445092389 35
1445092390 35
1445092391 35
1445092391 35
1445092392 35
1445092393 35
1445092394 35
1445092394 35
1445092395 35
1445092397 35
1445092397 35
1445092398 35
1445092399 35
1445092400 35
1445092400 35
1445092401 35
1445092402 35
1445092403 35
1445092403 35
1445092404 35
1445092405 35
1445092406 35
1445092406 35
1445092407 35
1445092408 35
1445092409 35
1445092409 35
1445092410 35
1445092411 35
1445092411 36
1445092411 164
1445092411 106
1445092411 4
1445092411 106
1445092411 106
1445092411 61
1445092411 15
1445092411 61
1445092411 61
1445092411 61
1445092411 61
1445093021 35
1445093021 35
1445093021 35
1445093021 35
1445093021 35
1445093041 35
1445093061 35
1445093081 35
1445093092 35
1445093092 35
1445093092 35
1445093092 35
1445093092 35
1445093092 35
1445093092 35
1445093092 35
1445093092 35
1445093092 35
1445093093 35
1445093093 35
1445093094 35
1445093094 35
1445093094 35
1445093094 35
1445093094 35
1445093094 35
1445093094 35
1445093094 35
1445093094 35
1445093094 35
1445093094 35
1445093094 35
1445093094 35
1445093094 35
1445093095 35
1445093097 35
1445093097 35
1445093097 35
1445093101 35
1445093104 35
1445093104 35
1445093104 35
1445093104 35
1445093104 35
1445093104 35
1445093105 35
1445093105 35
1445093105 35
1445093106 35
1445093106 35
1445093106 35
1445093106 35
1445093106 35
1445093106 35
1445093106 35
1445093106 35
1445093106 35
1445093106 35
1445093106 35
1445093106 35
1445093107 35
1445093108 35
1445093108 35
1445093108 35
1445093108 35
1445093111 35
1445093114 35
1445093115 35
1445093117 35
1445093118 35
1445093120 35
1445093121 35
1445093121 35
1445093123 35
1445093124 35
1445093126 35
1445093127 35
1445093129 35
1445093130 35
1445093132 35
1445093133 35
1445093135 35
1445093136 35
1445093138 35
1445093139 35
1445093141 35
1445093141 35
1445093142 35
1445093144 35
1445093145 35
1445093147 35
1445093148 35
1445093150 35
1445093151 35
1445093153 35
1445093154 35
1445093155 35
1445093156 35
1445093156 35
1445093157 35
1445093159 35
1445093160 35
1445093161 35
1445093162 35
1445093163 35
1445093165 35
1445093166 35
1445093168 35
1445093169 35
1445093171 35
1445093172 35
1445093174 35
1445093175 35
1445093177 35
1445093178 35
1445093181 35
1445093181 35
1445093181 35
1445093183 35
1445093183 35
1445093183 35
1445093183 35
1445093183 35
1445093183 35
1445093183 35
1445093183 35
1445093183 35
1445093183 35
1445093183 35
1445093183 35
1445093183 35
1445093183 35
1445093183 35
1445093183 35
1445093183 35
1445093183 89
1445093183 35
1445093183 35
1445093183 36
1445093183 164
1445093183 106
1445093183 4
1445093183 106
1445093183 106
1445093183 61
1445093183 15
1445093183 61
1445093183 61
1445093183 61
1445093183 61
1445093184 35
1445093185 35
1445093185 35
1445093185 35
1445093185 35
1445093185 113
1445093185 119
1445093185 170
1445093185 35
1445093185 113
1445093185 119
1445093185 170
1445093201 35
1445093221 35
1445093241 35
1445093261 35
1445093281 35
1445093301 35
1445093321 35
1445093341 35
1445093361 35
1445093381 35
1445093401 35
1445093421 35
1445093441 35
1445093461 35
1445093481 35
1445093501 35
1445093521 35
1445093541 35
1445093561 35
1445093581 35
1445093601 35
1445093620 35
1445093640 35
1445093659 35
1445093679 35
1445093698 35
1445093718 35
1445093738 35
1445093757 35
1445093777 35
1445093825 35
