1445236067 20
1445236068 12
1445236068 16
1445236068 18
1445236068 5
1445236068 3
1445236069 2
1445236071 4
1445236072 6
1445236073 8
1445236081 7
1445236082 26
1445236082 9
1445236082 21
1445236082 23
1445236082 17
1445236082 10
1445236109 22
1445236109 13
1445236109 14
1445236109 26
1445236140 25
1445236140 15
1445236145 22
1445236145 13
1445236145 14
1445236145 26
1445236181 25
1445236181 15
1445236193 22
1445236193 13
1445236193 14
1445236193 26
1445236231 25
1445236231 15
1445236240 22
1445236240 13
1445236240 14
1445236240 26
1445236278 25
1445236278 15
1445236286 22
1445236286 13
1445236286 14
1445236286 26
1445236320 25
1445236320 15
1445236327 22
1445236327 13
1445236327 14
1445236327 26
1445236329 11
1445236359 25
1445236359 15
1445236359 22
1445236359 13
1445236359 14
1445236363 24
1445236363 19
1445236363 1
