1445236067 8
1445236068 147
1445236068 16
1445236068 102
1445236068 83
1445236068 8
1445236069 147
1445236071 160
1445236072 82
1445236073 67
1445236081 22
1445236082 102
1445236082 3
1445236082 75
1445236082 25
1445236082 25
1445236082 154
1445236109 102
1445236109 25
1445236109 25
1445236109 102
1445236140 75
1445236140 25
1445236145 102
1445236145 25
1445236145 25
1445236145 102
1445236181 75
1445236181 25
1445236193 102
1445236193 25
1445236193 25
1445236193 102
1445236231 75
1445236231 25
1445236240 102
1445236240 25
1445236240 25
1445236240 102
1445236278 75
1445236278 25
1445236286 102
1445236286 25
1445236286 25
1445236286 102
1445236320 75
1445236320 25
1445236327 102
1445236327 25
1445236327 25
1445236327 102
1445236329 67
1445236359 75
1445236359 25
1445236359 102
1445236359 25
1445236359 25
1445236363 75
1445236363 102
1445236363 160
