1445247564 8
1445247565 147
1445247565 16
1445247565 102
1445247565 83
1445247565 8
1445247566 147
1445247566 160
1445247567 82
1445247567 67
1445247567 22
1445247567 102
1445247567 3
1445247567 75
1445247567 25
1445247567 25
1445247567 154
1445247572 102
1445247572 25
1445247572 25
1445247572 102
1445247584 75
1445247584 25
1445247586 102
1445247586 25
1445247586 25
1445247586 102
1445247597 75
1445247597 25
1445247598 102
1445247598 25
1445247598 25
1445247598 102
1445247609 75
1445247609 25
1445247611 102
1445247611 25
1445247611 25
1445247611 102
1445247622 75
1445247622 25
1445247624 102
1445247624 25
1445247624 25
1445247624 102
1445247634 75
1445247634 25
1445247636 102
1445247636 25
1445247636 25
1445247636 102
1445247646 75
1445247646 25
1445247649 102
1445247649 25
1445247649 25
1445247649 102
1445247658 75
1445247659 25
1445247660 67
1445247660 102
1445247660 25
1445247660 25
1445247669 75
1445247669 102
1445247669 160
1445247701 129
1445247701 3
