1445089825 24
1445089825 10
1445089825 14
1445089825 23
1445089825 6
1445089825 5
1445089826 2
1445089827 3
1445089827 8
1445089827 13
1445089828 7
1445089828 28
1445089828 11
1445089828 25
1445089828 21
1445089828 20
1445089828 9
1445089829 22
1445089829 17
1445089829 16
1445089829 28
1445089837 27
1445089837 15
1445089838 22
1445089838 17
1445089838 16
1445089838 28
1445089847 27
1445089847 15
1445089848 22
1445089848 17
1445089848 16
1445089848 28
1445089856 27
1445089856 15
1445089857 22
1445089857 17
1445089857 16
1445089857 28
1445089865 27
1445089865 15
1445089866 22
1445089866 17
1445089866 16
1445089866 28
1445089875 27
1445089875 15
1445089876 22
1445089876 17
1445089876 16
1445089876 28
1445089876 12
1445089883 27
1445089883 15
1445089883 22
1445089883 17
1445089883 16
1445089884 26
1445089884 18
1445089884 1
1445089913 4
1445089913 19
