1445089825 8
1445089825 147
1445089825 16
1445089825 102
1445089825 83
1445089825 8
1445089826 147
1445089827 160
1445089827 82
1445089827 67
1445089828 22
1445089828 102
1445089828 3
1445089828 75
1445089828 25
1445089828 25
1445089828 154
1445089829 102
1445089829 25
1445089829 25
1445089829 102
1445089837 75
1445089837 25
1445089838 102
1445089838 25
1445089838 25
1445089838 102
1445089847 75
1445089847 25
1445089848 102
1445089848 25
1445089848 25
1445089848 102
1445089856 75
1445089856 25
1445089857 102
1445089857 25
1445089857 25
1445089857 102
1445089865 75
1445089865 25
1445089866 102
1445089866 25
1445089866 25
1445089866 102
1445089875 75
1445089875 25
1445089876 102
1445089876 25
1445089876 25
1445089876 102
1445089876 67
1445089883 75
1445089883 25
1445089883 102
1445089883 25
1445089883 25
1445089884 75
1445089884 102
1445089884 160
1445089913 129
1445089913 3
