1445095251 23
1445095251 11
1445095251 16
1445095251 21
1445095251 6
1445095251 4
1445095252 2
1445095253 5
1445095253 8
1445095253 12
1445095254 7
1445095254 28
1445095254 10
1445095254 25
1445095254 20
1445095254 18
1445095254 13
1445095256 19
1445095256 17
1445095256 15
1445095256 28
1445095264 27
1445095264 14
1445095265 19
1445095265 17
1445095265 15
1445095265 28
1445095273 27
1445095273 14
1445095273 19
1445095273 17
1445095273 15
1445095273 28
1445095281 27
1445095281 14
1445095282 19
1445095282 17
1445095282 15
1445095282 28
1445095290 27
1445095290 14
1445095291 19
1445095291 17
1445095291 15
1445095291 28
1445095300 27
1445095300 14
1445095300 19
1445095300 17
1445095300 15
1445095300 28
1445095301 9
1445095308 27
1445095308 14
1445095308 19
1445095308 17
1445095308 15
1445095309 26
1445095309 24
1445095309 1
1445095334 3
1445095334 22
