1445092328 27
1445092328 12
1445092328 16
1445092328 22
1445092328 6
1445092328 5
1445092328 2
1445092329 3
1445092329 8
1445092329 10
1445092330 7
1445092330 30
1445092330 9
1445092330 21
1445092330 26
1445092330 23
1445092330 14
1445092331 28
1445092331 17
1445092331 19
1445092331 30
1445092340 31
1445092340 18
1445092341 28
1445092341 17
1445092341 19
1445092341 30
1445092349 31
1445092349 18
1445092350 28
1445092350 17
1445092350 19
1445092350 30
1445092361 31
1445092361 18
1445092363 28
1445092363 17
1445092363 19
1445092363 30
1445092370 31
1445092370 18
1445092371 28
1445092371 17
1445092371 19
1445092371 30
1445092379 31
1445092379 18
1445092379 28
1445092379 17
1445092379 19
1445092379 30
1445092380 11
1445092390 31
1445092390 18
1445092390 28
1445092390 17
1445092390 19
1445092392 29
1445092392 24
1445092392 1
1445092431 4
1445092431 25
1445092431 20
1445092431 15
1445092431 13
