1445092328 8
1445092328 147
1445092328 16
1445092328 102
1445092328 83
1445092328 8
1445092328 147
1445092329 160
1445092329 82
1445092329 67
1445092330 22
1445092330 102
1445092330 3
1445092330 75
1445092330 25
1445092330 25
1445092330 154
1445092331 102
1445092331 25
1445092331 25
1445092331 102
1445092340 75
1445092340 25
1445092341 102
1445092341 25
1445092341 25
1445092341 102
1445092349 75
1445092349 25
1445092350 102
1445092350 25
1445092350 25
1445092350 102
1445092361 75
1445092361 25
1445092363 102
1445092363 25
1445092363 25
1445092363 102
1445092370 75
1445092370 25
1445092371 102
1445092371 25
1445092371 25
1445092371 102
1445092379 75
1445092379 25
1445092379 102
1445092379 25
1445092379 25
1445092379 102
1445092380 67
1445092390 75
1445092390 25
1445092390 102
1445092390 25
1445092390 25
1445092392 75
1445092392 102
1445092392 160
1445092431 129
1445092431 3
1445092431 16
1445092431 16
1445092431 111
