1445092010 25
1445092011 13
1445092011 16
1445092011 23
1445092011 6
1445092011 3
1445092012 2
1445092012 5
1445092013 7
1445092013 12
1445092014 8
1445092014 30
1445092014 10
1445092014 22
1445092014 27
1445092014 28
1445092014 14
1445092016 26
1445092016 18
1445092016 17
1445092016 30
1445092027 31
1445092027 19
1445092028 26
1445092028 18
1445092028 17
1445092028 30
1445092038 31
1445092038 19
1445092039 26
1445092039 18
1445092039 17
1445092039 30
1445092049 31
1445092049 19
1445092050 26
1445092050 18
1445092050 17
1445092050 30
1445092060 31
1445092060 19
1445092061 26
1445092061 18
1445092061 17
1445092061 30
1445092070 31
1445092070 19
1445092071 26
1445092071 18
1445092071 17
1445092071 30
1445092072 9
1445092080 31
1445092080 19
1445092080 26
1445092080 18
1445092080 17
1445092081 29
1445092081 24
1445092081 1
1445092112 4
1445092112 21
1445092112 15
1445092112 20
1445092112 11
