1445092010 8
1445092011 147
1445092011 16
1445092011 102
1445092011 83
1445092011 8
1445092012 147
1445092012 160
1445092013 82
1445092013 67
1445092014 22
1445092014 102
1445092014 3
1445092014 75
1445092014 25
1445092014 25
1445092014 154
1445092016 102
1445092016 25
1445092016 25
1445092016 102
1445092027 75
1445092027 25
1445092028 102
1445092028 25
1445092028 25
1445092028 102
1445092038 75
1445092038 25
1445092039 102
1445092039 25
1445092039 25
1445092039 102
1445092049 75
1445092049 25
1445092050 102
1445092050 25
1445092050 25
1445092050 102
1445092060 75
1445092060 25
1445092061 102
1445092061 25
1445092061 25
1445092061 102
1445092070 75
1445092070 25
1445092071 102
1445092071 25
1445092071 25
1445092071 102
1445092072 67
1445092080 75
1445092080 25
1445092080 102
1445092080 25
1445092080 25
1445092081 75
1445092081 102
1445092081 160
1445092112 129
1445092112 3
1445092112 16
1445092112 16
1445092112 111
