1445067501 20
1445067501 8
1445067501 16
1445067501 17
1445067501 5
1445067501 4
1445067502 2
1445067505 3
1445067507 6
1445067507 11
1445067509 7
1445067509 25
1445067509 9
1445067509 18
1445067509 21
1445067509 23
1445067509 10
1445067620 22
1445067620 14
1445067620 15
1445067620 25
1445067636 26
1445067636 13
1445067665 22
1445067665 14
1445067665 15
1445067665 25
1445067700 26
1445067700 13
1445067707 22
1445067707 14
1445067707 15
1445067707 25
1445067743 26
1445067743 13
1445067751 22
1445067751 14
1445067751 15
1445067751 25
1445067788 26
1445067788 13
1445067794 22
1445067794 14
1445067794 15
1445067794 25
1445067826 26
1445067827 13
1445067833 22
1445067833 14
1445067833 15
1445067833 25
1445067866 26
1445067866 13
1445067872 22
1445067872 14
1445067872 15
1445067872 25
1445067899 26
1445067899 13
1445067903 12
1445067903 22
1445067903 14
1445067903 15
1445067923 24
1445067924 19
1445067925 1
