1445092009 23
1445092009 14
1445092009 20
1445092009 21
1445092009 6
1445092009 3
1445092010 2
1445092011 4
1445092011 8
1445092012 13
1445092012 7
1445092012 30
1445092012 11
1445092012 27
1445092012 26
1445092012 24
1445092012 12
1445092014 25
1445092014 19
1445092014 18
1445092014 30
1445092022 29
1445092022 15
1445092022 25
1445092022 19
1445092022 18
1445092022 30
1445092030 29
1445092030 15
1445092031 25
1445092031 19
1445092031 18
1445092031 30
1445092038 29
1445092038 15
1445092039 25
1445092039 19
1445092039 18
1445092039 30
1445092047 29
1445092047 15
1445092048 25
1445092048 19
1445092048 18
1445092048 30
1445092056 29
1445092056 15
1445092057 25
1445092057 19
1445092057 18
1445092057 30
1445092057 10
1445092064 29
1445092064 15
1445092064 25
1445092064 19
1445092064 18
1445092065 31
1445092065 22
1445092065 1
1445092090 5
1445092090 28
1445092090 16
1445092090 17
1445092090 9
