1445092007 22
1445092007 9
1445092007 17
1445092007 19
1445092007 6
1445092007 5
1445092007 2
1445092008 4
1445092009 8
1445092009 12
1445092009 7
1445092009 28
1445092009 13
1445092009 23
1445092009 25
1445092009 21
1445092009 11
1445092012 18
1445092012 14
1445092012 16
1445092012 28
1445092020 27
1445092020 15
1445092021 18
1445092021 14
1445092021 16
1445092021 28
1445092029 27
1445092029 15
1445092030 18
1445092030 14
1445092030 16
1445092030 28
1445092037 27
1445092037 15
1445092038 18
1445092038 14
1445092038 16
1445092038 28
1445092046 27
1445092046 15
1445092047 18
1445092047 14
1445092047 16
1445092047 28
1445092054 27
1445092054 15
1445092055 18
1445092055 14
1445092055 16
1445092055 28
1445092055 10
1445092062 27
1445092062 15
1445092062 18
1445092062 14
1445092062 16
1445092063 26
1445092063 24
1445092063 1
1445092095 3
1445092097 20
