1445241382 15
1445241383 10
1445241383 11
1445241383 18
1445241383 4
1445241383 3
1445241386 1
1445241388 2
1445241390 6
1445241391 8
1445241397 5
1445241397 22
1445241397 7
1445241397 20
1445241397 16
1445241397 19
1445241397 9
1445241424 17
1445241424 12
1445241424 14
1445241424 22
1445241462 21
1445241462 13
1445241469 17
1445241469 12
1445241469 14
1445241469 22
1445241505 21
1445241505 13
1445241511 17
1445241511 12
1445241511 14
1445241511 22
1445241543 21
1445241543 13
1445241547 17
1445241547 12
1445241547 14
1445241547 22
1445241573 21
1445241573 13
1445241576 17
1445241576 12
1445241576 14
1445241576 22
