1445241382 8
1445241383 147
1445241383 16
1445241383 102
1445241383 83
1445241383 8
1445241386 147
1445241388 160
1445241390 82
1445241391 67
1445241397 22
1445241397 102
1445241397 3
1445241397 75
1445241397 25
1445241397 25
1445241397 154
1445241424 102
1445241424 25
1445241424 25
1445241424 102
1445241462 75
1445241462 25
1445241469 102
1445241469 25
1445241469 25
1445241469 102
1445241505 75
1445241505 25
1445241511 102
1445241511 25
1445241511 25
1445241511 102
1445241543 75
1445241543 25
1445241547 102
1445241547 25
1445241547 25
1445241547 102
1445241573 75
1445241573 25
1445241576 102
1445241576 25
1445241576 25
1445241576 102
