1445175193 8
1445175194 147
1445175194 16
1445175194 102
1445175194 83
1445175194 8
1445175196 147
1445175198 160
1445175199 82
1445175200 67
1445175206 22
1445175206 102
1445175206 3
1445175206 75
1445175206 25
1445175206 25
1445175206 154
1445175216 102
1445175216 25
1445175216 25
1445175216 102
1445175246 75
1445175247 25
1445175253 102
1445175253 25
1445175253 25
1445175253 102
1445175281 75
1445175281 25
1445175286 102
1445175286 25
1445175286 25
1445175286 102
1445175315 75
1445175315 25
1445175320 102
1445175320 25
1445175320 25
1445175320 102
1445175350 75
1445175350 25
1445175355 67
1445175355 102
1445175355 25
1445175355 25
1445175380 75
1445175381 102
1445175381 160
1445175455 129
1445175456 3
1445175456 16
1445175456 16
1445175456 111
