1445248114 23
1445248115 9
1445248115 16
1445248115 26
1445248115 6
1445248115 5
1445248116 2
1445248117 4
1445248118 7
1445248119 12
1445248119 8
1445248120 30
1445248120 10
1445248120 21
1445248120 22
1445248120 25
1445248120 14
1445248131 27
1445248131 17
1445248131 15
1445248131 30
1445248153 29
1445248153 18
1445248159 27
1445248159 17
1445248159 15
1445248159 30
1445248179 29
1445248179 18
1445248190 27
1445248190 17
1445248190 15
1445248190 30
1445248211 29
1445248211 18
1445248216 27
1445248216 17
1445248216 15
1445248216 30
1445248234 29
1445248234 18
1445248241 27
1445248241 17
1445248241 15
1445248241 30
1445248261 29
1445248261 18
1445248266 27
1445248266 17
1445248266 15
1445248266 30
1445248286 29
1445248286 18
1445248293 27
1445248293 17
1445248293 15
1445248293 30
1445248315 29
1445248315 18
1445248318 11
1445248318 27
1445248318 17
1445248318 15
1445248335 31
1445248335 24
1445248335 1
1445248391 3
1445248392 28
1445248392 19
1445248392 20
1445248392 13
