1445248114 8
1445248115 147
1445248115 16
1445248115 102
1445248115 83
1445248115 8
1445248116 147
1445248117 160
1445248118 82
1445248119 67
1445248119 22
1445248120 102
1445248120 3
1445248120 75
1445248120 25
1445248120 25
1445248120 154
1445248131 102
1445248131 25
1445248131 25
1445248131 102
1445248153 75
1445248153 25
1445248159 102
1445248159 25
1445248159 25
1445248159 102
1445248179 75
1445248179 25
1445248190 102
1445248190 25
1445248190 25
1445248190 102
1445248211 75
1445248211 25
1445248216 102
1445248216 25
1445248216 25
1445248216 102
1445248234 75
1445248234 25
1445248241 102
1445248241 25
1445248241 25
1445248241 102
1445248261 75
1445248261 25
1445248266 102
1445248266 25
1445248266 25
1445248266 102
1445248286 75
1445248286 25
1445248293 102
1445248293 25
1445248293 25
1445248293 102
1445248315 75
1445248315 25
1445248318 67
1445248318 102
1445248318 25
1445248318 25
1445248335 75
1445248335 102
1445248335 160
1445248391 129
1445248392 3
1445248392 16
1445248392 16
1445248392 111
