1445071797 28
1445071797 9
1445071797 19
1445071797 26
1445071797 6
1445071797 5
1445071798 2
1445071798 3
1445071799 7
1445071799 14
1445071799 8
1445071799 30
1445071799 11
1445071799 22
1445071799 23
1445071799 21
1445071799 12
1445071802 25
1445071802 16
1445071802 15
1445071802 30
1445071810 29
1445071810 17
1445071812 25
1445071812 16
1445071812 15
1445071812 30
1445071822 29
1445071822 17
1445071825 25
1445071825 16
1445071825 15
1445071825 30
1445071833 29
1445071833 17
1445071835 25
1445071835 16
1445071835 15
1445071835 30
1445071842 29
1445071842 17
1445071843 25
1445071843 16
1445071843 15
1445071843 30
1445071852 29
1445071852 17
1445071855 25
1445071855 16
1445071855 15
1445071855 30
1445071864 29
1445071864 17
1445071866 25
1445071866 16
1445071866 15
1445071866 30
1445071876 29
1445071876 17
1445071878 10
1445071878 25
1445071878 16
1445071878 15
1445071887 31
1445071887 24
1445071887 1
1445071917 4
1445071918 27
1445071918 20
1445071918 18
1445071918 13
