1445071797 8
1445071797 147
1445071797 16
1445071797 102
1445071797 83
1445071797 8
1445071798 147
1445071798 160
1445071799 82
1445071799 67
1445071799 22
1445071799 102
1445071799 3
1445071799 75
1445071799 25
1445071799 25
1445071799 154
1445071802 102
1445071802 25
1445071802 25
1445071802 102
1445071810 75
1445071810 25
1445071812 102
1445071812 25
1445071812 25
1445071812 102
1445071822 75
1445071822 25
1445071825 102
1445071825 25
1445071825 25
1445071825 102
1445071833 75
1445071833 25
1445071835 102
1445071835 25
1445071835 25
1445071835 102
1445071842 75
1445071842 25
1445071843 102
1445071843 25
1445071843 25
1445071843 102
1445071852 75
1445071852 25
1445071855 102
1445071855 25
1445071855 25
1445071855 102
1445071864 75
1445071864 25
1445071866 102
1445071866 25
1445071866 25
1445071866 102
1445071876 75
1445071876 25
1445071878 67
1445071878 102
1445071878 25
1445071878 25
1445071887 75
1445071887 102
1445071887 160
1445071917 129
1445071918 3
1445071918 16
1445071918 16
1445071918 111
