1445092024 27
1445092024 9
1445092024 19
1445092024 24
1445092024 6
1445092025 4
1445092026 2
1445092028 3
1445092030 8
1445092030 10
1445092034 7
1445092034 31
1445092034 12
1445092034 28
1445092034 21
1445092034 26
1445092035 14
1445092057 25
1445092057 20
1445092057 18
1445092057 31
1445092086 29
1445092086 15
1445092090 25
1445092090 20
1445092090 18
1445092090 31
1445092116 29
1445092116 15
1445092123 25
1445092123 20
1445092123 18
1445092123 31
1445092148 29
1445092148 15
1445092152 25
1445092152 20
1445092152 18
1445092152 31
1445092178 29
1445092178 15
1445092182 25
1445092182 20
1445092182 18
1445092182 31
1445092209 29
1445092209 15
1445092213 25
1445092213 20
1445092213 18
1445092213 31
1445092214 11
1445092235 29
1445092235 15
1445092235 25
1445092235 20
1445092235 18
1445092240 30
1445092240 23
1445092241 1
1445092295 5
1445092295 22
1445092295 17
1445092295 16
1445092295 13
