1445092024 8
1445092024 147
1445092024 16
1445092024 102
1445092024 83
1445092025 8
1445092026 147
1445092028 160
1445092030 82
1445092030 67
1445092034 22
1445092034 102
1445092034 3
1445092034 75
1445092034 25
1445092034 25
1445092035 154
1445092057 102
1445092057 25
1445092057 25
1445092057 102
1445092086 75
1445092086 25
1445092090 102
1445092090 25
1445092090 25
1445092090 102
1445092116 75
1445092116 25
1445092123 102
1445092123 25
1445092123 25
1445092123 102
1445092148 75
1445092148 25
1445092152 102
1445092152 25
1445092152 25
1445092152 102
1445092178 75
1445092178 25
1445092182 102
1445092182 25
1445092182 25
1445092182 102
1445092209 75
1445092209 25
1445092213 102
1445092213 25
1445092213 25
1445092213 102
1445092214 67
1445092235 75
1445092235 25
1445092235 102
1445092235 25
1445092235 25
1445092240 75
1445092240 102
1445092241 160
1445092295 129
1445092295 3
1445092295 16
1445092295 16
1445092295 111
