1445163552 8
1445163552 147
1445163552 16
1445163552 102
1445163552 83
1445163552 8
1445163552 147
1445163553 160
1445163553 82
1445163553 67
1445163553 22
1445163553 102
1445163553 3
1445163553 75
1445163553 25
1445163553 25
1445163553 154
1445163556 102
1445163556 25
1445163556 25
1445163556 102
1445163564 75
1445163564 25
1445163567 102
1445163567 25
1445163567 25
1445163567 102
1445163577 75
1445163577 25
1445163579 102
1445163579 25
1445163579 25
1445163579 102
1445163588 75
1445163588 25
1445163591 102
1445163591 25
1445163591 25
1445163591 102
1445163599 75
1445163599 25
1445163600 102
1445163600 25
1445163600 25
1445163600 102
1445163610 75
1445163610 25
1445163611 102
1445163611 25
1445163611 25
1445163611 102
1445163620 75
1445163620 25
1445163621 102
1445163621 25
1445163621 25
1445163621 102
1445163630 75
1445163630 25
1445163631 67
1445163631 102
1445163631 25
1445163631 25
1445163638 75
1445163638 102
1445163638 160
1445163670 129
1445163670 3
