1445175193 8
1445175193 147
1445175193 16
1445175193 102
1445175193 83
1445175194 8
1445175194 147
1445175197 160
1445175199 82
1445175199 67
1445175202 22
1445175203 102
1445175203 3
1445175203 75
1445175203 25
1445175203 25
1445175203 154
1445175216 102
1445175216 25
1445175216 25
1445175216 102
1445175248 75
1445175248 25
1445175253 102
1445175253 25
1445175253 25
1445175253 102
1445175282 75
1445175282 25
1445175288 102
1445175288 25
1445175288 25
1445175288 102
1445175316 75
1445175316 25
1445175321 102
1445175321 25
1445175321 25
1445175321 102
1445175349 75
1445175349 25
1445175353 102
1445175353 25
1445175353 25
1445175353 102
1445175383 75
1445175383 25
1445175388 102
1445175388 25
1445175388 25
1445175388 102
1445175390 67
1445175417 75
1445175417 25
1445175417 102
1445175417 25
1445175417 25
1445175421 75
1445175421 102
1445175422 160
