1445088274 20
1445088274 7
1445088274 11
1445088274 18
1445088274 4
1445088275 3
1445088278 1
1445088282 2
1445088284 5
1445088285 8
1445088287 6
1445088287 21
1445088287 9
1445088287 15
1445088287 19
1445088287 17
1445088287 10
1445088295 16
1445088295 12
1445088295 14
1445088295 21
1445088334 22
1445088334 13
1445088341 16
1445088341 12
1445088341 14
1445088341 21
1445088380 22
1445088380 13
1445088386 16
1445088386 12
1445088386 14
1445088386 21
1445088425 22
1445088425 13
1445088431 16
1445088431 12
1445088431 14
1445088431 21
