1445088274 8
1445088274 147
1445088274 16
1445088274 102
1445088274 83
1445088275 8
1445088278 147
1445088282 160
1445088284 82
1445088285 67
1445088287 22
1445088287 102
1445088287 3
1445088287 75
1445088287 25
1445088287 25
1445088287 154
1445088295 102
1445088295 25
1445088295 25
1445088295 102
1445088334 75
1445088334 25
1445088341 102
1445088341 25
1445088341 25
1445088341 102
1445088380 75
1445088380 25
1445088386 102
1445088386 25
1445088386 25
1445088386 102
1445088425 75
1445088425 25
1445088431 102
1445088431 25
1445088431 25
1445088431 102
