1445236027 20
1445236028 9
1445236028 15
1445236028 17
1445236028 5
1445236028 3
1445236030 2
1445236032 4
1445236034 6
1445236035 10
1445236040 7
1445236041 26
1445236041 12
1445236041 21
1445236041 19
1445236041 23
1445236041 8
1445236056 22
1445236056 14
1445236056 16
1445236056 26
1445236091 25
1445236091 13
1445236095 22
1445236095 14
1445236095 16
1445236095 26
1445236123 25
1445236123 13
1445236133 22
1445236133 14
1445236133 16
1445236133 26
1445236172 25
1445236172 13
1445236187 22
1445236187 14
1445236187 16
1445236187 26
1445236225 25
1445236225 13
1445236238 22
1445236238 14
1445236238 16
1445236238 26
1445236276 25
1445236276 13
1445236283 22
1445236283 14
1445236283 16
1445236283 26
1445236285 11
1445236318 25
1445236318 13
1445236318 22
1445236318 14
1445236318 16
1445236322 24
1445236322 18
1445236323 1
