1445236027 8
1445236028 147
1445236028 16
1445236028 102
1445236028 83
1445236028 8
1445236030 147
1445236032 160
1445236034 82
1445236035 67
1445236040 22
1445236041 102
1445236041 3
1445236041 75
1445236041 25
1445236041 25
1445236041 154
1445236056 102
1445236056 25
1445236056 25
1445236056 102
1445236091 75
1445236091 25
1445236095 102
1445236095 25
1445236095 25
1445236095 102
1445236123 75
1445236123 25
1445236133 102
1445236133 25
1445236133 25
1445236133 102
1445236172 75
1445236172 25
1445236187 102
1445236187 25
1445236187 25
1445236187 102
1445236225 75
1445236225 25
1445236238 102
1445236238 25
1445236238 25
1445236238 102
1445236276 75
1445236276 25
1445236283 102
1445236283 25
1445236283 25
1445236283 102
1445236285 67
1445236318 75
1445236318 25
1445236318 102
1445236318 25
1445236318 25
1445236322 75
1445236322 102
1445236323 160
