1445163565 22
1445163565 10
1445163565 14
1445163565 25
1445163565 6
1445163566 3
1445163566 2
1445163566 4
1445163567 8
1445163567 13
1445163567 7
1445163567 27
1445163567 9
1445163567 20
1445163567 23
1445163567 24
1445163567 12
1445163569 21
1445163569 15
1445163569 16
1445163569 27
1445163577 28
1445163577 17
1445163581 21
1445163581 15
1445163581 16
1445163581 27
1445163591 28
1445163591 17
1445163593 21
1445163593 15
1445163593 16
1445163593 27
1445163603 28
1445163603 17
1445163605 21
1445163605 15
1445163605 16
1445163605 27
1445163615 28
1445163615 17
1445163616 21
1445163616 15
1445163616 16
1445163616 27
1445163625 28
1445163625 17
1445163627 21
1445163627 15
1445163627 16
1445163627 27
1445163635 28
1445163635 17
1445163637 21
1445163637 15
1445163637 16
1445163637 27
1445163650 28
1445163650 17
1445163652 11
1445163652 21
1445163652 15
1445163652 16
1445163661 26
1445163661 19
1445163661 1
1445163686 5
1445163686 18
