1445163565 8
1445163565 147
1445163565 16
1445163565 102
1445163565 83
1445163566 8
1445163566 147
1445163566 160
1445163567 82
1445163567 67
1445163567 22
1445163567 102
1445163567 3
1445163567 75
1445163567 25
1445163567 25
1445163567 154
1445163569 102
1445163569 25
1445163569 25
1445163569 102
1445163577 75
1445163577 25
1445163581 102
1445163581 25
1445163581 25
1445163581 102
1445163591 75
1445163591 25
1445163593 102
1445163593 25
1445163593 25
1445163593 102
1445163603 75
1445163603 25
1445163605 102
1445163605 25
1445163605 25
1445163605 102
1445163615 75
1445163615 25
1445163616 102
1445163616 25
1445163616 25
1445163616 102
1445163625 75
1445163625 25
1445163627 102
1445163627 25
1445163627 25
1445163627 102
1445163635 75
1445163635 25
1445163637 102
1445163637 25
1445163637 25
1445163637 102
1445163650 75
1445163650 25
1445163652 67
1445163652 102
1445163652 25
1445163652 25
1445163661 75
1445163661 102
1445163661 160
1445163686 129
1445163686 3
