1445247559 67
1445247560 73
1445247560 3
1445247561 77
1445247562 62
1445247562 64
1445247562 52
1445247562 48
1445247562 38
1445247562 42
1445247562 45
1445247562 46
1445247562 40
1445247562 39
1445247562 57
1445247562 57
1445247562 57
1445247562 19
1445247562 37
1445247563 86
1445247563 69
1445247563 74
1445247563 49
1445247563 11
1445247563 47
1445247563 59
1445247563 44
1445247563 50
1445247563 54
1445247563 70
1445247563 26
1445247563 84
1445247563 88
1445247563 41
1445247563 80
1445247563 43
1445247563 78
1445247563 22
1445247563 21
1445247563 83
1445247563 87
1445247563 85
1445247563 90
1445247564 12
1445247564 89
1445247564 63
1445247565 79
1445247565 58
1445247565 54
1445247565 70
1445247565 88
1445247565 84
1445247565 82
1445247565 76
1445247565 75
1445247565 60
1445247565 71
1445247565 81
1445247565 33
1445247565 55
1445247565 23
1445247565 32
1445247565 24
1445247565 13
1445247565 13
1445247565 20
1445247565 13
1445247565 13
1445247565 20
1445247565 13
1445247565 13
1445247565 20
1445247565 13
1445247565 13
1445247565 20
1445247565 13
1445247565 13
1445247565 20
1445247565 13
1445247565 13
1445247565 20
1445247565 13
1445247565 13
1445247565 20
1445247565 13
1445247565 13
1445247565 20
1445247565 13
1445247565 13
1445247565 20
1445247565 13
1445247565 13
1445247565 20
1445247565 20
1445247565 17
1445247565 17
1445247565 17
1445247565 17
1445247565 17
1445247565 17
1445247565 17
1445247565 17
1445247565 17
1445247565 17
1445247565 17
1445247565 68
1445247565 66
1445247566 5
1445247566 7
1445247566 10
1445247566 53
1445247566 31
1445247567 53
1445247567 31
1445247568 53
1445247568 31
1445247569 53
1445247569 31
1445247570 53
1445247570 31
1445247571 65
1445247571 27
1445247571 56
1445247571 53
1445247571 31
1445247571 8
1445247572 14
1445247572 1
1445247572 2
1445247572 6
1445247572 30
1445247572 28
1445247572 16
1445247572 9
1445247572 72
1445247572 25
1445247573 10
1445247573 53
1445247573 31
1445247573 36
1445247573 4
1445247573 15
1445247573 61
1445247573 18
1445247574 53
1445247574 31
1445247575 65
1445247575 27
1445247575 56
1445247575 53
1445247575 31
1445247575 8
1445247575 14
1445247575 16
1445247575 9
1445247575 72
1445247575 25
1445247575 36
1445247575 4
1445247575 15
1445247575 61
1445247575 18
1445247576 10
1445247576 53
1445247576 31
1445247577 53
1445247577 31
1445247578 53
1445247578 31
1445247579 53
1445247579 31
1445247580 53
1445247580 31
1445247581 53
1445247581 31
1445247582 53
1445247582 31
1445247584 53
1445247584 31
1445247585 53
1445247585 31
1445247586 53
1445247586 31
1445247586 29
1445247586 34
1445247586 35
1445247587 53
1445247587 31
1445247588 53
1445247588 31
1445247589 53
1445247589 31
1445247590 53
1445247590 31
1445247591 53
1445247591 31
1445247592 53
1445247592 31
1445247593 29
1445247593 34
1445247593 35
1445247593 53
1445247593 31
1445247595 53
1445247595 31
1445247596 53
1445247596 31
1445247596 51
1445247597 53
1445247597 31
1445247599 53
1445247599 31
1445247599 51
1445247600 53
1445247600 31
1445247601 53
1445247601 31
1445247602 53
1445247602 31
1445247602 51
1445247602 51
1445247603 53
1445247603 31
1445247604 53
1445247604 31
1445247605 53
1445247605 31
1445247605 51
1445247605 51
1445247607 53
1445247607 31
1445247608 53
1445247608 31
1445247608 51
1445247608 51
1445247609 53
1445247609 31
1445247610 53
1445247610 31
1445247611 53
1445247611 31
1445247612 51
1445247612 51
1445247612 53
1445247612 31
1445247613 53
1445247613 31
1445247615 53
1445247615 31
1445247615 51
1445247615 51
1445247616 53
1445247616 31
1445247618 53
1445247618 31
1445247618 51
1445247618 51
1445247619 53
1445247619 31
1445247620 53
1445247620 31
1445247621 53
1445247621 31
1445247621 51
1445247621 51
1445247623 53
1445247623 31
1445247624 53
1445247624 31
1445247625 51
1445247625 51
1445247625 53
1445247625 31
1445247627 53
1445247627 31
1445247628 53
1445247628 31
1445247628 51
1445247628 51
1445247629 53
1445247629 31
1445247630 53
1445247630 31
1445247631 53
1445247631 31
1445247631 51
1445247631 51
1445247632 53
1445247632 31
1445247633 53
1445247633 31
1445247634 53
1445247634 31
1445247636 51
1445247636 53
1445247636 31
1445247636 51
1445247639 53
1445247639 31
1445247640 51
1445247640 51
1445247644 51
1445247644 51
1445247647 53
1445247647 31
1445247647 51
1445247648 51
1445247648 53
1445247648 31
1445247649 53
1445247649 31
1445247651 53
1445247651 31
1445247651 51
1445247652 51
1445247652 53
1445247652 31
1445247653 53
1445247653 31
1445247654 53
1445247654 31
1445247655 53
1445247655 31
1445247656 51
1445247656 51
1445247656 53
1445247656 31
1445247657 53
1445247657 31
1445247659 53
1445247659 31
1445247660 53
1445247660 31
1445247660 51
1445247660 51
1445247661 53
1445247661 31
1445247662 53
1445247662 31
1445247663 53
1445247663 31
1445247664 53
1445247664 31
1445247664 51
1445247666 53
1445247666 31
1445247666 51
1445247667 53
1445247667 31
1445247668 53
1445247668 31
1445247669 51
1445247669 53
1445247669 31
1445247670 53
1445247670 31
1445247670 51
1445247671 53
1445247671 31
1445247672 53
1445247672 31
1445247672 51
1445247673 53
1445247673 31
1445247674 53
1445247674 31
1445247674 51
1445247675 53
1445247675 31
1445247676 53
1445247676 31
1445247677 51
1445247677 53
1445247677 31
1445247678 53
1445247678 31
1445247679 51
1445247679 53
1445247679 31
1445247680 53
1445247680 31
1445247681 51
1445247681 53
1445247681 31
1445247683 53
1445247683 31
1445247684 51
1445247684 53
1445247684 31
1445247685 51
1445247685 53
1445247685 31
1445247687 53
1445247687 31
