1445175515 20
1445175515 10
1445175515 17
1445175515 22
1445175515 6
1445175515 3
1445175516 2
1445175516 5
1445175517 7
1445175517 9
1445175517 8
1445175517 27
1445175517 12
1445175517 19
1445175517 23
1445175517 18
1445175517 13
1445175518 25
1445175518 14
1445175518 16
1445175518 27
1445175527 26
1445175527 15
1445175528 25
1445175528 14
1445175528 16
1445175528 27
1445175535 26
1445175535 15
1445175536 25
1445175536 14
1445175536 16
1445175536 27
1445175546 26
1445175546 15
1445175548 25
1445175548 14
1445175548 16
1445175548 27
1445175555 26
1445175555 15
1445175556 25
1445175556 14
1445175556 16
1445175556 27
1445175563 26
1445175563 15
1445175564 25
1445175564 14
1445175564 16
1445175564 27
1445175564 11
1445175570 26
1445175570 15
1445175570 25
1445175570 14
1445175570 16
1445175571 28
1445175571 24
1445175571 1
1445175595 4
1445175595 21
