1445096124 20
1445096124 17
1445096124 18
1445096124 19
1445096124 13
1445096124 8
1445096125 3
1445096126 9
1445096127 14
1445096128 16
1445096128 15
1445096128 12
1445096128 11
1445096128 4
1445096128 7
1445096128 7
1445096128 5
1445096128 5
1445096128 1
1445096128 6
1445096128 1
1445096128 6
1445096128 2
1445096128 2
1445096211 10
1445096211 6
1445096211 2
1445096240 10
1445096240 6
1445096240 2
1445096380 10
1445096380 6
1445096380 2
1445096407 10
1445096407 6
1445096407 2
1445096494 10
1445096494 6
1445096494 2
1445096513 10
1445096513 6
1445096513 2
1445096587 10
1445096587 6
1445096587 2
