1445235703 23
1445235703 11
1445235703 19
1445235703 21
1445235703 6
1445235703 5
1445235704 2
1445235704 4
1445235705 8
1445235705 10
1445235706 7
1445235706 30
1445235706 14
1445235706 27
1445235706 24
1445235706 26
1445235706 9
1445235709 28
1445235709 20
1445235709 16
1445235709 30
1445235720 31
1445235720 17
1445235721 28
1445235721 20
1445235721 16
1445235721 30
1445235732 31
1445235732 17
1445235733 28
1445235733 20
1445235733 16
1445235733 30
1445235742 31
1445235742 17
1445235744 28
1445235744 20
1445235744 16
1445235744 30
1445235752 31
1445235752 17
1445235754 28
1445235754 20
1445235754 16
1445235754 30
1445235762 31
1445235762 17
1445235764 28
1445235764 20
1445235764 16
1445235764 30
1445235765 13
1445235772 31
1445235772 17
1445235772 28
1445235772 20
1445235772 16
1445235773 29
1445235773 25
1445235773 1
1445235816 3
1445235816 22
1445235816 15
1445235816 18
1445235816 12
