1445094595 19
1445094595 13
1445094595 14
1445094595 24
1445094595 6
1445094596 4
1445094596 2
1445094597 5
1445094598 7
1445094598 12
1445094598 8
1445094598 27
1445094598 11
1445094598 25
1445094598 23
1445094598 22
1445094598 9
1445094601 21
1445094601 16
1445094601 15
1445094601 27
1445094615 26
1445094615 17
1445094616 21
1445094616 16
1445094616 15
1445094616 27
1445094627 26
1445094627 17
1445094628 21
1445094628 16
1445094628 15
1445094628 27
1445094637 26
1445094637 17
1445094639 21
1445094639 16
1445094639 15
1445094639 27
1445094648 26
1445094648 17
1445094649 21
1445094649 16
1445094649 15
1445094649 27
1445094658 26
1445094658 17
1445094659 21
1445094659 16
1445094659 15
1445094659 27
1445094660 10
1445094668 26
1445094668 17
1445094668 21
1445094668 16
1445094668 15
1445094670 28
1445094670 18
1445094670 1
1445094690 3
1445094690 20
