1445094595 8
1445094595 147
1445094595 16
1445094595 102
1445094595 83
1445094596 8
1445094596 147
1445094597 160
1445094598 82
1445094598 67
1445094598 22
1445094598 102
1445094598 3
1445094598 75
1445094598 25
1445094598 25
1445094598 154
1445094601 102
1445094601 25
1445094601 25
1445094601 102
1445094615 75
1445094615 25
1445094616 102
1445094616 25
1445094616 25
1445094616 102
1445094627 75
1445094627 25
1445094628 102
1445094628 25
1445094628 25
1445094628 102
1445094637 75
1445094637 25
1445094639 102
1445094639 25
1445094639 25
1445094639 102
1445094648 75
1445094648 25
1445094649 102
1445094649 25
1445094649 25
1445094649 102
1445094658 75
1445094658 25
1445094659 102
1445094659 25
1445094659 25
1445094659 102
1445094660 67
1445094668 75
1445094668 25
1445094668 102
1445094668 25
1445094668 25
1445094670 75
1445094670 102
1445094670 160
1445094690 129
1445094690 3
