1445067656 8
1445067656 147
1445067656 16
1445067656 102
1445067656 83
1445067657 8
1445067657 147
1445067658 160
1445067659 82
1445067659 67
1445067659 22
1445067659 102
1445067659 3
1445067659 75
1445067659 25
1445067659 25
1445067659 154
1445067663 102
1445067663 25
1445067663 25
1445067663 102
1445067676 75
1445067676 25
1445067679 102
1445067679 25
1445067679 25
1445067679 102
1445067690 75
1445067690 25
1445067694 102
1445067694 25
1445067694 25
1445067694 102
1445067706 75
1445067706 25
1445067709 102
1445067709 25
1445067709 25
1445067709 102
1445067720 75
1445067720 25
1445067724 102
1445067724 25
1445067724 25
1445067724 102
1445067735 75
1445067735 25
1445067739 102
1445067739 25
1445067739 25
1445067739 102
1445067750 75
1445067750 25
1445067754 102
1445067754 25
1445067754 25
1445067754 102
1445067767 75
1445067767 25
1445067769 67
1445067769 102
1445067769 25
1445067769 25
1445067777 75
1445067777 102
1445067777 160
1445067803 129
1445067803 3
