1445091998 24
1445091999 24
1445091999 24
1445091999 24
1445092001 24
1445092001 24
1445092001 24
1445092001 24
1445092001 24
1445092001 24
1445092001 24
1445092001 24
1445092001 24
1445092001 24
1445092001 24
1445092001 24
1445092001 24
1445092001 24
1445092002 24
1445092002 24
1445092002 24
1445092002 24
1445092002 24
1445092002 24
1445092002 24
1445092002 24
1445092002 24
1445092002 24
1445092002 24
1445092002 24
1445092002 24
1445092002 24
1445092002 24
1445092002 24
1445092002 6
1445092002 24
1445092002 24
1445092002 24
1445092002 24
1445092002 24
1445092002 24
1445092002 24
1445092002 23
1445092003 2
1445092003 22
1445092003 24
1445092003 24
1445092003 24
1445092003 24
1445092003 24
1445092003 24
1445092003 24
1445092003 24
1445092003 24
1445092003 24
1445092003 24
1445092003 24
1445092003 24
1445092003 24
1445092003 24
1445092003 24
1445092003 24
1445092003 24
1445092004 24
1445092004 24
1445092004 24
1445092004 24
1445092004 24
1445092004 24
1445092004 24
1445092004 24
1445092004 24
1445092004 24
1445092004 24
1445092004 24
1445092004 24
1445092004 24
1445092004 24
1445092004 24
1445092004 24
1445092004 24
1445092004 24
1445092004 24
1445092004 24
1445092004 24
1445092004 24
1445092004 24
1445092004 24
1445092004 24
1445092004 24
1445092004 24
1445092004 24
1445092004 24
1445092004 24
1445092004 24
1445092004 24
1445092004 24
1445092004 24
1445092004 24
1445092004 24
1445092004 24
1445092004 24
1445092004 24
1445092004 24
1445092004 24
1445092004 24
1445092004 24
1445092004 24
1445092004 24
1445092005 24
1445092005 24
1445092005 24
1445092006 24
1445092006 24
1445092006 24
1445092006 24
1445092006 24
1445092006 24
1445092006 24
1445092006 24
1445092006 24
1445092006 24
1445092006 24
1445092006 24
1445092006 24
1445092006 24
1445092006 24
1445092006 24
1445092006 24
1445092006 24
1445092006 24
1445092006 24
1445092006 24
1445092006 24
1445092006 24
1445092006 24
1445092006 24
1445092006 24
1445092006 24
1445092006 24
1445092006 24
1445092006 24
1445092006 24
1445092006 24
1445092006 24
1445092006 24
1445092006 24
1445092006 24
1445092006 24
1445092006 24
1445092006 24
1445092006 24
1445092006 24
1445092006 24
1445092006 24
1445092006 24
1445092006 24
1445092006 24
1445092006 24
1445092006 24
1445092006 24
1445092006 24
1445092006 24
1445092006 24
1445092006 24
1445092006 24
1445092006 24
1445092006 24
1445092006 24
1445092006 24
1445092006 24
1445092006 24
1445092006 24
1445092006 24
1445092006 24
1445092006 24
1445092006 24
1445092006 24
1445092006 24
1445092006 24
1445092006 24
1445092006 24
1445092006 24
1445092006 24
1445092006 24
1445092006 24
1445092006 24
1445092007 24
1445092007 24
1445092007 24
1445092007 24
1445092007 24
1445092007 24
1445092007 24
1445092007 24
1445092007 24
1445092007 24
1445092007 24
1445092007 24
1445092007 24
1445092007 24
1445092007 24
1445092007 24
1445092008 24
1445092008 24
1445092008 24
1445092009 24
1445092009 24
1445092010 24
1445092010 24
1445092010 24
1445092010 24
1445092010 24
1445092010 24
1445092010 24
1445092010 24
1445092010 24
1445092010 24
1445092010 24
1445092010 24
1445092010 24
1445092010 24
1445092010 24
1445092010 24
1445092011 24
1445092011 24
1445092011 24
1445092011 24
1445092011 24
1445092011 24
1445092011 24
1445092011 24
1445092011 24
1445092011 24
1445092012 24
1445092012 24
1445092012 24
1445092012 24
1445092012 24
1445092012 24
1445092012 24
1445092012 24
1445092012 24
1445092012 24
1445092012 24
1445092012 24
1445092012 24
1445092012 24
1445092012 24
1445092012 24
1445092012 24
1445092012 24
1445092012 24
1445092012 24
1445092012 24
1445092012 24
1445092013 24
1445092013 24
1445092013 24
1445092013 24
1445092013 24
1445092013 24
1445092017 24
1445092017 24
1445092017 24
1445092018 24
1445092018 24
1445092018 24
1445092018 24
1445092018 24
1445092018 24
1445092019 24
1445092019 24
1445092019 24
1445092019 24
1445092019 24
1445092019 24
1445092019 24
1445092019 24
1445092019 24
1445092019 24
1445092020 24
1445092020 24
1445092020 24
1445092022 24
1445092025 24
1445092025 24
1445092026 24
1445092026 24
1445092029 24
1445092029 24
1445092030 24
1445092030 24
1445092030 24
1445092032 24
1445092032 24
1445092032 24
1445092032 24
1445092032 24
1445092032 24
1445092033 24
1445092035 24
1445092035 24
1445092036 24
1445092036 24
1445092036 24
1445092036 24
1445092037 24
1445092038 24
1445092039 24
1445092039 24
1445092039 24
1445092040 24
1445092040 24
1445092040 24
1445092040 24
1445092041 24
1445092042 24
1445092042 24
1445092043 24
1445092043 24
1445092043 24
1445092043 24
1445092043 24
1445092043 24
1445092044 24
1445092044 24
1445092045 24
1445092046 24
1445092046 24
1445092046 24
1445092046 24
1445092046 24
1445092047 24
1445092047 24
1445092047 24
1445092047 24
1445092048 24
1445092049 24
1445092049 24
1445092050 24
1445092050 24
1445092050 24
1445092050 24
1445092050 24
1445092051 24
1445092051 24
1445092052 24
1445092052 24
1445092053 24
1445092053 24
1445092053 24
1445092054 24
1445092054 24
1445092054 24
1445092054 24
1445092055 24
1445092055 24
1445092056 24
1445092056 24
1445092056 24
1445092056 24
1445092057 24
1445092057 24
1445092058 24
1445092058 24
1445092058 24
1445092059 24
1445092059 24
1445092059 24
1445092060 24
1445092060 24
1445092061 24
1445092061 24
1445092061 24
1445092061 24
1445092062 24
1445092062 24
1445092062 24
1445092063 24
1445092063 24
1445092063 24
1445092064 24
1445092064 24
1445092065 24
1445092065 24
1445092065 24
1445092066 24
1445092066 24
1445092066 24
1445092067 24
1445092067 24
1445092068 24
1445092068 24
1445092068 24
1445092068 24
1445092069 24
1445092069 24
1445092069 24
1445092069 24
1445092070 24
1445092070 24
1445092071 24
1445092071 24
1445092071 24
1445092072 24
1445092072 24
1445092072 24
1445092073 24
1445092073 24
1445092073 24
1445092074 24
1445092074 24
1445092074 24
1445092075 24
1445092075 24
1445092075 24
1445092075 24
1445092076 24
1445092076 24
1445092077 24
1445092077 24
1445092077 24
1445092077 24
1445092078 24
1445092078 24
1445092079 24
1445092079 24
1445092080 24
1445092080 24
1445092080 24
1445092080 24
1445092081 24
1445092081 24
1445092082 24
1445092082 24
1445092082 24
1445092083 24
1445092083 24
1445092083 24
1445092084 24
1445092084 24
1445092084 24
1445092084 24
1445092085 24
1445092085 24
1445092086 24
1445092086 24
1445092086 24
1445092087 24
1445092087 24
1445092087 24
1445092087 24
1445092088 24
1445092089 24
1445092089 24
1445092089 24
1445092089 24
1445092089 24
1445092090 24
1445092091 24
1445092091 24
1445092091 24
1445092092 24
1445092092 24
1445092092 24
1445092092 24
1445092093 24
1445092093 24
1445092094 24
1445092094 24
1445092094 24
1445092094 24
1445092095 24
1445092095 24
1445092096 24
1445092096 24
1445092096 24
1445092096 24
1445092097 24
1445092098 24
1445092098 24
1445092098 24
1445092098 24
1445092099 24
1445092099 24
1445092099 24
1445092099 24
1445092100 24
1445092100 24
1445092101 24
1445092101 24
1445092101 24
1445092101 24
1445092102 24
1445092103 24
1445092103 24
1445092103 24
1445092104 24
1445092104 24
1445092104 24
1445092104 24
1445092105 24
1445092105 24
1445092106 24
1445092107 24
1445092107 24
1445092107 24
1445092107 24
1445092107 24
1445092107 24
1445092108 24
1445092108 24
1445092108 24
1445092109 24
1445092110 24
1445092110 24
1445092110 24
1445092111 24
1445092111 24
1445092111 24
1445092112 24
1445092112 24
1445092112 24
1445092112 24
1445092112 24
1445092112 24
1445092112 24
1445092112 24
1445092112 24
1445092112 24
1445092112 24
1445092112 24
1445092112 24
1445092112 24
1445092112 24
1445092112 24
1445092112 24
1445092113 24
1445092113 24
1445092113 24
1445092113 24
1445092113 24
1445092113 24
1445092113 24
1445092114 24
1445092114 24
1445092114 24
1445092114 24
1445092114 24
1445092114 17
1445092114 18
1445092114 -1
1445092114 24
1445092114 24
1445092114 24
1445092114 24
1445092114 24
1445092115 24
1445092115 24
1445092115 24
1445092116 24
1445092117 24
1445092117 24
1445092117 24
1445092118 24
1445092118 24
1445092118 24
1445092119 24
1445092119 24
1445092120 24
1445092121 24
1445092121 24
1445092121 24
1445092121 24
1445092121 24
1445092122 24
1445092122 24
1445092122 24
1445092123 24
1445092124 24
1445092124 24
1445092124 24
1445092125 24
1445092125 24
1445092125 24
1445092125 24
1445092126 24
1445092126 24
1445092127 24
1445092128 24
1445092128 24
1445092128 24
1445092128 24
1445092129 24
1445092129 24
1445092129 24
1445092130 24
1445092131 24
1445092131 24
1445092131 24
1445092132 24
1445092132 24
1445092132 24
1445092132 24
1445092133 24
1445092133 24
1445092134 24
1445092134 24
1445092135 24
1445092135 24
1445092135 24
1445092135 24
1445092136 24
1445092136 24
1445092137 24
1445092138 24
1445092138 24
1445092138 24
1445092139 24
1445092139 24
1445092139 24
1445092139 24
1445092140 24
1445092140 24
1445092141 24
1445092141 24
1445092142 24
1445092142 24
1445092142 24
1445092142 24
1445092143 24
1445092143 24
1445092144 24
1445092145 24
1445092145 24
1445092145 24
1445092146 24
1445092146 24
1445092146 24
1445092146 24
1445092147 24
1445092147 24
1445092148 24
1445092148 24
1445092148 24
1445092148 24
1445092148 24
1445092148 24
1445092148 24
1445092148 24
1445092148 24
1445092148 24
1445092148 24
1445092148 24
1445092148 24
1445092148 24
1445092148 24
1445092148 24
1445092148 24
1445092148 24
1445092148 24
1445092148 24
1445092148 24
1445092148 24
1445092148 24
1445092148 24
1445092149 24
1445092149 24
1445092149 24
1445092149 24
1445092149 24
1445092149 24
1445092149 24
1445092149 24
1445092149 24
1445092149 3
1445092149 3
1445092149 3
1445092149 24
1445092149 24
1445092149 24
1445092149 24
1445092149 24
1445092149 24
1445092149 24
1445092149 24
1445092149 24
1445092149 24
1445092149 24
1445092149 24
1445092149 24
1445092150 24
1445092150 24
1445092150 24
1445092150 24
1445092151 24
1445092152 24
1445092152 24
1445092152 24
1445092153 24
1445092153 24
1445092153 24
1445092153 24
1445092154 24
1445092154 24
1445092154 5
1445092154 19
1445092154 16
1445092154 20
1445092154 15
1445092154 21
1445092154 13
1445092154 14
1445092154 9
1445092154 8
1445092154 10
1445092154 11
1445092154 24
1445092154 5
1445092154 19
1445092154 16
1445092154 20
1445092154 15
1445092154 21
1445092154 13
1445092154 14
1445092154 9
1445092154 8
1445092154 10
1445092154 11
1445092154 24
1445092154 5
1445092154 19
1445092154 16
1445092154 20
1445092154 15
1445092154 21
1445092154 13
1445092154 14
1445092154 9
1445092154 8
1445092154 10
1445092154 11
1445092155 24
1445092156 24
1445092156 24
1445092156 24
1445092157 24
1445092157 24
1445092159 24
1445092159 24
1445092160 24
1445092160 24
1445092160 24
1445092160 24
1445092162 24
1445092163 24
1445092163 24
1445092163 24
1445092163 24
1445092164 24
1445092166 24
1445092166 24
1445092167 24
1445092167 24
1445092167 24
1445092167 24
1445092168 24
1445092169 24
1445092170 24
1445092170 24
1445092170 24
1445092170 24
1445092171 24
1445092173 24
1445092173 24
1445092174 24
1445092174 24
1445092174 24
1445092174 24
1445092176 24
1445092177 24
1445092177 24
1445092177 24
1445092178 24
1445092178 24
1445092180 24
1445092180 24
1445092181 24
1445092181 24
1445092181 24
1445092181 24
1445092183 24
1445092184 24
1445092184 24
1445092184 24
1445092184 24
1445092185 24
1445092187 24
1445092187 24
1445092188 24
1445092188 24
1445092188 24
1445092188 24
1445092190 24
1445092191 24
1445092191 24
1445092191 24
1445092191 24
1445092192 24
1445092194 24
1445092194 24
1445092194 24
1445092195 24
1445092195 24
1445092195 24
1445092195 24
1445092197 24
1445092198 24
1445092198 24
1445092198 24
1445092199 24
1445092199 24
1445092200 24
1445092201 24
1445092202 24
1445092202 24
1445092202 24
1445092202 24
1445092202 24
1445092202 24
1445092204 24
1445092204 24
1445092205 24
1445092205 24
1445092205 24
1445092206 24
1445092206 24
1445092208 24
1445092208 24
1445092209 24
1445092209 24
1445092209 24
1445092209 24
1445092211 24
1445092212 24
1445092212 24
1445092212 24
1445092212 24
1445092213 24
1445092214 24
1445092215 24
1445092215 24
1445092216 24
1445092216 24
1445092216 24
1445092216 24
1445092218 24
1445092219 24
1445092219 24
1445092219 24
1445092219 24
1445092220 24
1445092222 24
1445092222 24
1445092222 24
1445092222 24
1445092223 24
1445092223 24
1445092225 24
1445092225 24
1445092226 24
1445092226 24
1445092226 24
1445092226 24
1445092229 24
1445092229 24
1445092229 24
1445092229 24
1445092230 24
1445092230 24
1445092232 24
1445092232 24
1445092233 24
1445092233 24
1445092233 24
1445092233 24
1445092235 24
1445092235 24
1445092236 24
1445092236 24
1445092237 24
1445092237 24
1445092239 24
1445092239 24
1445092240 24
1445092240 24
1445092240 24
1445092240 24
1445092242 24
1445092242 24
1445092243 24
1445092244 24
1445092244 24
1445092244 24
1445092245 24
1445092246 24
1445092246 24
1445092246 24
1445092246 24
1445092246 24
1445092246 24
1445092246 24
1445092246 24
1445092246 24
1445092246 24
1445092246 24
1445092246 24
1445092247 24
1445092247 24
1445092247 24
1445092247 24
1445092247 24
1445092247 24
1445092247 17
1445092247 18
1445092247 -1
1445092247 24
1445092247 24
1445092247 24
1445092247 24
1445092247 24
1445092247 24
1445092247 24
1445092247 24
1445092248 24
1445092248 24
1445092248 24
1445092248 24
1445092248 24
1445092248 24
1445092249 24
1445092249 24
1445092250 24
1445092250 24
1445092251 24
1445092253 24
1445092253 24
1445092254 24
1445092254 24
1445092254 24
1445092255 24
1445092256 24
1445092256 24
1445092256 24
1445092257 24
1445092257 24
1445092257 24
1445092257 24
1445092259 24
1445092260 24
1445092260 24
1445092260 24
1445092261 24
1445092261 24
1445092261 24
1445092261 24
1445092262 24
1445092263 24
1445092263 24
1445092264 24
1445092264 24
1445092264 24
1445092264 24
1445092265 24
1445092265 24
1445092266 24
1445092267 24
1445092267 24
1445092267 24
1445092267 24
1445092268 24
1445092268 24
1445092268 24
1445092268 24
1445092269 24
1445092270 24
1445092270 24
1445092270 24
1445092270 24
1445092271 24
1445092271 24
1445092271 24
1445092271 24
1445092272 24
1445092273 24
1445092273 24
1445092273 24
1445092274 24
1445092274 24
1445092274 24
1445092275 24
1445092275 24
1445092275 24
1445092276 24
1445092277 24
1445092277 24
1445092277 24
1445092277 24
1445092278 24
1445092278 24
1445092278 24
1445092278 24
1445092280 24
1445092280 24
1445092280 24
1445092280 24
1445092281 24
1445092281 24
1445092281 24
1445092281 24
1445092282 24
1445092282 24
1445092282 24
1445092282 24
1445092282 24
1445092282 24
1445092282 24
1445092282 24
1445092282 24
1445092282 24
1445092282 24
1445092283 24
1445092283 24
1445092283 24
1445092284 24
1445092284 24
1445092284 24
1445092284 24
1445092284 24
1445092284 17
1445092284 18
1445092284 -1
1445092284 24
1445092284 24
1445092284 24
1445092284 24
1445092284 24
1445092284 24
1445092284 24
1445092284 24
1445092284 24
1445092284 24
1445092284 24
1445092284 24
1445092284 24
1445092285 24
1445092285 24
1445092285 24
1445092285 24
1445092286 24
1445092287 24
1445092287 24
1445092287 24
1445092287 24
1445092288 24
1445092288 24
1445092288 24
1445092289 24
1445092290 24
1445092290 24
1445092291 24
1445092291 24
1445092291 24
1445092291 24
1445092291 24
1445092291 24
1445092292 24
1445092292 24
1445092292 24
1445092293 24
1445092293 24
1445092294 24
1445092294 24
1445092295 24
1445092295 24
1445092295 24
1445092295 24
1445092295 24
1445092295 24
1445092295 24
1445092295 24
1445092295 24
1445092296 24
1445092296 24
1445092296 24
1445092296 24
1445092296 24
1445092296 24
1445092296 24
1445092296 24
1445092296 24
1445092296 24
1445092296 24
1445092296 24
1445092297 24
1445092297 5
1445092297 19
1445092297 16
1445092297 20
1445092297 15
1445092297 21
1445092297 13
1445092297 14
1445092297 9
1445092297 8
1445092297 10
1445092297 11
1445092297 24
1445092297 3
1445092297 24
1445092297 24
1445092297 24
1445092297 24
1445092297 24
1445092297 24
1445092297 24
1445092297 17
1445092297 18
1445092297 -1
1445092297 24
1445092297 24
1445092297 24
1445092297 24
1445092297 24
1445092297 24
1445092297 24
1445092298 24
1445092298 24
1445092298 24
1445092298 24
1445092298 24
1445092298 24
1445092298 24
1445092298 24
1445092298 24
1445092298 24
1445092298 17
1445092298 18
1445092298 -1
1445092299 24
1445092299 24
1445092299 24
1445092300 24
1445092300 24
1445092300 24
1445092300 24
1445092300 24
1445092300 24
1445092300 24
1445092300 24
1445092300 24
1445092300 24
1445092300 24
1445092300 24
1445092300 24
1445092300 24
1445092300 24
1445092301 24
1445092301 24
1445092301 24
1445092302 24
1445092302 24
1445092302 24
1445092303 24
1445092303 24
1445092303 24
1445092303 24
1445092304 24
1445092304 24
1445092305 24
1445092306 24
1445092306 24
1445092306 24
1445092306 24
1445092306 24
1445092306 24
1445092307 24
1445092308 24
1445092308 24
1445092308 24
1445092309 24
1445092309 24
1445092309 24
1445092310 24
1445092311 24
1445092311 24
1445092311 24
1445092312 24
1445092313 24
1445092313 24
1445092313 24
1445092314 24
1445092314 24
1445092315 24
1445092315 24
1445092315 24
1445092315 24
1445092316 24
1445092316 24
1445092316 24
1445092317 24
1445092317 24
1445092318 24
1445092318 24
1445092318 24
1445092318 24
1445092319 24
1445092319 24
1445092320 24
1445092320 24
1445092320 24
1445092320 24
1445092320 24
1445092320 24
1445092320 24
1445092320 24
1445092320 24
1445092320 24
1445092320 24
1445092320 24
1445092320 24
1445092320 24
1445092320 24
1445092320 24
1445092320 24
1445092320 24
1445092320 24
1445092320 24
1445092320 24
1445092320 24
1445092321 24
1445092321 24
1445092321 24
1445092321 24
1445092322 24
1445092322 24
1445092322 24
1445092323 24
1445092323 24
1445092323 24
1445092323 24
1445092324 24
1445092324 24
1445092324 24
1445092324 24
1445092324 24
1445092325 24
1445092325 24
1445092325 24
1445092325 24
1445092325 24
1445092325 24
1445092325 24
1445092325 24
1445092325 24
1445092325 24
1445092326 24
1445092326 24
1445092326 24
1445092326 24
1445092326 24
1445092326 24
1445092326 24
1445092326 24
1445092327 24
1445092327 24
1445092328 24
1445092328 24
1445092328 24
1445092328 24
1445092328 24
1445092328 24
1445092328 24
1445092329 24
1445092330 24
1445092330 24
1445092330 24
1445092330 24
1445092331 24
1445092331 24
1445092331 24
1445092331 24
1445092331 24
1445092331 24
1445092331 24
1445092331 24
1445092331 24
1445092332 24
1445092332 24
1445092332 24
1445092332 24
1445092332 24
1445092332 24
1445092333 24
1445092333 24
1445092333 24
1445092333 24
1445092333 24
1445092334 24
1445092334 24
1445092334 24
1445092334 24
1445092334 24
1445092334 24
1445092334 24
1445092334 24
1445092334 24
1445092334 17
1445092334 18
1445092334 -1
1445092334 24
1445092334 24
1445092334 24
1445092334 24
1445092334 24
1445092334 24
1445092334 24
1445092335 24
1445092335 24
1445092335 24
1445092335 24
1445092335 24
1445092335 24
1445092335 24
1445092335 24
1445092335 24
1445092335 24
1445092336 24
1445092336 24
1445092336 24
1445092336 24
1445092336 17
1445092336 18
1445092336 -1
1445092336 24
1445092336 24
1445092336 24
1445092336 24
1445092336 24
1445092336 24
1445092336 24
1445092336 24
1445092336 24
1445092336 24
1445092336 24
1445092336 24
1445092336 24
1445092337 24
1445092337 24
1445092337 24
1445092337 24
1445092337 24
1445092337 24
1445092337 24
1445092337 24
1445092337 24
1445092337 24
1445092337 24
1445092337 24
1445092337 24
1445092337 24
1445092337 24
1445092337 24
1445092337 24
1445092338 24
1445092338 24
1445092338 24
1445092338 24
1445092338 17
1445092338 18
1445092338 -1
1445092338 24
1445092338 24
1445092339 24
1445092339 24
1445092340 24
1445092340 24
1445092340 24
1445092341 24
1445092341 24
1445092341 24
1445092342 24
1445092342 24
1445092342 24
1445092342 24
1445092342 24
1445092343 24
1445092343 24
1445092343 24
1445092344 24
1445092344 24
1445092345 24
1445092345 24
1445092345 24
1445092346 24
1445092346 24
1445092346 24
1445092347 24
1445092347 24
1445092348 24
1445092348 24
1445092349 24
1445092350 24
1445092350 24
1445092350 24
1445092351 24
1445092351 24
1445092351 24
1445092351 24
1445092352 24
1445092352 24
1445092353 24
1445092353 24
1445092353 24
1445092354 24
1445092354 24
1445092354 24
1445092354 24
1445092355 24
1445092355 24
1445092356 24
1445092356 24
1445092356 24
1445092357 24
1445092357 24
1445092357 24
1445092358 24
1445092359 24
1445092359 24
1445092359 24
1445092359 24
1445092360 24
1445092360 24
1445092360 24
1445092360 24
1445092361 24
1445092362 24
1445092362 24
1445092362 24
1445092363 24
1445092363 24
1445092363 24
1445092363 24
1445092363 24
1445092364 24
1445092365 24
1445092365 24
1445092365 24
1445092366 24
1445092366 24
1445092366 24
1445092366 24
1445092367 24
1445092368 24
1445092368 24
1445092368 24
1445092369 24
1445092369 24
1445092369 24
1445092369 24
1445092370 24
1445092370 24
1445092371 24
1445092371 24
1445092371 24
1445092372 24
1445092372 24
1445092372 24
1445092373 24
1445092373 24
1445092373 24
1445092374 24
1445092374 24
1445092374 24
1445092375 24
1445092375 24
1445092375 24
1445092376 24
1445092376 24
1445092376 24
1445092377 24
1445092377 24
1445092377 24
1445092378 24
1445092378 24
1445092378 24
1445092379 24
1445092379 24
1445092380 24
1445092380 24
1445092380 24
1445092381 24
1445092381 24
1445092381 24
1445092381 24
1445092382 24
1445092382 24
1445092383 24
1445092383 24
1445092383 24
1445092384 24
1445092384 24
1445092385 24
1445092385 24
1445092385 24
1445092385 24
1445092386 24
1445092386 24
1445092386 24
1445092386 24
1445092387 24
1445092388 24
1445092388 24
1445092388 24
1445092388 24
1445092389 24
1445092389 24
1445092390 24
1445092390 24
1445092390 24
1445092391 24
1445092391 24
1445092391 24
1445092391 24
1445092392 24
1445092392 24
1445092393 24
1445092393 24
1445092393 24
1445092394 24
1445092394 24
1445092394 24
1445092394 24
1445092395 24
1445092395 24
1445092396 24
1445092396 24
1445092396 24
1445092397 24
1445092397 24
1445092397 24
1445092397 24
1445092398 24
1445092398 24
1445092399 24
1445092399 24
1445092399 24
1445092400 24
1445092400 24
1445092400 24
1445092400 24
1445092401 24
1445092402 24
1445092402 24
1445092402 24
1445092403 24
1445092403 24
1445092403 24
1445092403 24
1445092404 24
1445092405 24
1445092405 24
1445092405 24
1445092406 24
1445092406 24
1445092406 24
1445092406 24
1445092407 24
1445092407 24
1445092408 24
1445092408 24
1445092408 24
1445092409 24
1445092409 24
1445092409 24
1445092409 24
1445092410 24
1445092410 24
1445092411 24
1445092411 24
1445092411 24
1445092411 5
1445092411 19
1445092411 16
1445092411 20
1445092411 15
1445092411 21
1445092411 13
1445092411 14
1445092411 9
1445092411 8
1445092411 10
1445092411 11
1445092411 24
1445092411 5
1445092411 19
1445092411 16
1445092411 20
1445092411 15
1445092411 21
1445092411 13
1445092411 14
1445092411 9
1445092411 8
1445092411 10
1445092411 11
1445092411 24
1445092411 5
1445092411 19
1445092411 16
1445092411 20
1445092411 15
1445092411 21
1445092411 13
1445092411 14
1445092411 9
1445092411 8
1445092411 10
1445092411 11
1445092412 4
1445092412 7
1445092412 12
1445092412 1
1445092412 24
1445092412 24
1445092414 24
1445092415 24
1445092415 24
1445092417 24
1445092418 24
1445092418 24
1445092420 24
1445092421 24
1445092421 24
1445092423 24
1445092424 24
1445092424 24
1445092426 24
1445092427 24
1445092427 24
1445092429 24
1445092430 24
1445092430 24
1445092431 24
1445092431 24
1445092431 24
1445092431 24
1445092431 24
1445092431 24
1445092431 24
1445092431 24
1445092431 24
1445092431 24
1445092431 24
1445092431 24
1445092431 24
1445092431 24
1445092431 24
1445092431 24
1445092432 24
1445092432 24
1445092432 24
1445092432 24
1445092432 24
1445092432 17
1445092432 18
1445092432 -1
1445092434 24
1445092437 24
1445092437 24
1445092437 24
1445092437 24
1445092437 24
1445092437 24
1445092437 24
1445092437 24
1445092437 24
1445092437 24
1445092437 24
1445092437 24
1445092439 24
1445092439 24
1445092439 24
1445092439 17
1445092439 18
1445092439 -1
1445092440 24
1445092443 24
1445092446 24
1445092447 24
1445092447 24
1445092449 24
1445092451 24
1445092452 24
1445092455 24
1445092458 24
1445092461 24
1445092464 24
1445092467 24
1445092470 24
1445092470 24
1445092471 24
1445092473 24
1445092476 24
1445092479 24
1445092482 24
1445092485 24
1445092488 24
1445092491 24
1445092491 24
1445092494 24
1445092497 24
1445092500 24
1445092503 24
1445092505 24
1445092505 24
1445092505 24
1445092505 24
1445092505 24
1445092505 24
1445092505 24
1445092505 24
1445092505 24
1445092505 24
1445092505 24
1445092505 24
1445092505 24
1445092505 24
1445092505 24
1445092505 24
1445092505 24
1445092505 24
1445092506 24
1445092506 24
1445092506 24
1445092506 17
1445092506 18
1445092506 -1
1445092511 24
1445092520 24
1445092520 24
1445092525 24
1445092531 24
1445092545 24
1445092551 24
1445092565 24
1445092571 24
1445092585 24
1445092591 24
1445092605 24
1445092611 24
1445092625 24
1445092631 24
1445092645 24
1445092651 24
1445092665 24
1445092671 24
1445092685 24
1445092691 24
1445092705 24
1445092711 24
1445092725 24
1445092731 24
1445092745 24
1445092751 24
1445092765 24
1445092771 24
1445092785 24
1445092791 24
1445092805 24
1445092811 24
1445092825 24
1445092831 24
1445092845 24
1445092851 24
1445092865 24
1445092871 24
1445092885 24
1445092891 24
1445092905 24
1445092911 24
1445092925 24
1445092931 24
1445092945 24
1445092951 24
1445092965 24
1445092971 24
1445092985 24
1445092991 24
1445093005 24
1445093011 24
1445093024 24
1445093024 24
1445093024 24
1445093024 24
1445093024 24
1445093025 24
1445093031 24
1445093044 24
1445093045 24
1445093051 24
1445093064 24
1445093065 24
1445093071 24
1445093084 24
1445093085 24
1445093091 24
1445093092 24
1445093092 24
1445093092 24
1445093092 24
1445093092 24
1445093092 24
1445093092 24
1445093092 24
1445093092 24
1445093092 24
1445093092 24
1445093092 24
1445093092 24
1445093092 24
1445093092 24
1445093092 24
1445093092 24
1445093092 24
1445093092 24
1445093092 24
1445093092 24
1445093092 24
1445093092 24
1445093092 24
1445093092 24
1445093092 24
1445093092 24
1445093092 24
1445093093 24
1445093093 24
1445093094 24
1445093094 24
1445093094 24
1445093094 24
1445093094 24
1445093094 24
1445093094 24
1445093094 24
1445093094 24
1445093094 24
1445093094 24
1445093094 24
1445093094 24
1445093094 24
1445093094 24
1445093094 24
1445093094 24
1445093094 24
1445093094 24
1445093094 24
1445093094 24
1445093094 24
1445093094 24
1445093094 24
1445093094 24
1445093094 24
1445093094 24
1445093094 24
1445093094 24
1445093094 24
1445093094 24
1445093094 24
1445093094 24
1445093094 24
1445093094 24
1445093095 24
1445093097 24
1445093097 24
1445093097 24
1445093097 24
1445093097 24
1445093097 24
1445093098 24
1445093098 24
1445093098 24
1445093104 24
1445093104 24
1445093104 24
1445093104 24
1445093104 24
1445093104 24
1445093104 24
1445093105 24
1445093105 24
1445093105 24
1445093105 24
1445093105 24
1445093105 24
1445093106 24
1445093106 24
1445093106 24
1445093106 24
1445093106 24
1445093106 24
1445093106 24
1445093106 24
1445093106 24
1445093106 24
1445093106 24
1445093106 24
1445093107 24
1445093108 24
1445093108 24
1445093108 24
1445093108 24
1445093108 24
1445093108 24
1445093111 24
1445093111 24
1445093111 24
1445093111 24
1445093114 24
1445093114 24
1445093114 24
1445093116 24
1445093117 24
1445093117 24
1445093117 24
1445093119 24
1445093120 24
1445093120 24
1445093121 24
1445093122 24
1445093123 24
1445093123 24
1445093124 24
1445093124 24
1445093125 24
1445093125 24
1445093126 24
1445093126 24
1445093127 24
1445093128 24
1445093129 24
1445093129 24
1445093130 24
1445093131 24
1445093131 24
1445093133 24
1445093133 24
1445093133 24
1445093134 24
1445093136 24
1445093136 24
1445093136 24
1445093137 24
1445093139 24
1445093139 24
1445093139 24
1445093140 24
1445093142 24
1445093142 24
1445093142 24
1445093143 24
1445093144 24
1445093144 24
1445093145 24
1445093145 24
1445093145 24
1445093145 24
1445093146 24
1445093148 24
1445093148 24
1445093148 24
1445093149 24
1445093151 24
1445093151 24
1445093151 24
1445093151 24
1445093152 24
1445093154 24
1445093154 24
1445093154 24
1445093155 24
1445093157 24
1445093157 24
1445093157 24
1445093157 24
1445093158 24
1445093159 24
1445093160 24
1445093160 24
1445093160 24
1445093161 24
1445093162 24
1445093163 24
1445093163 24
1445093163 24
1445093164 24
1445093164 24
1445093165 24
1445093166 24
1445093166 24
1445093166 24
1445093167 24
1445093169 24
1445093169 24
1445093169 24
1445093170 24
1445093171 24
1445093172 24
1445093172 24
1445093172 24
1445093173 24
1445093175 24
1445093175 24
1445093175 24
1445093176 24
1445093177 24
1445093177 24
1445093177 24
1445093177 24
1445093177 24
1445093177 24
1445093177 24
1445093177 24
1445093177 24
1445093177 24
1445093177 24
1445093177 24
1445093177 24
1445093177 24
1445093177 24
1445093177 24
1445093177 24
1445093177 3
1445093177 24
1445093177 24
1445093177 5
1445093177 19
1445093177 16
1445093177 20
1445093177 15
1445093177 21
1445093177 13
1445093177 14
1445093177 9
1445093177 8
1445093177 10
1445093177 11
1445093177 24
1445093178 24
1445093178 24
1445093178 24
1445093178 24
1445093178 17
1445093178 18
1445093178 -1
1445093178 24
1445093178 24
1445093178 17
1445093178 18
1445093178 -1
1445093178 24
1445093181 24
1445093181 24
1445093184 24
1445093184 24
1445093184 24
1445093185 24
1445093187 24
1445093187 24
1445093190 24
1445093190 24
1445093191 24
1445093193 24
1445093193 24
1445093193 24
1445093193 24
1445093193 24
1445093193 24
1445093193 24
1445093193 24
1445093193 24
1445093193 24
1445093193 24
1445093193 24
1445093194 24
1445093194 24
1445093194 24
1445093194 17
1445093194 18
1445093194 -1
1445093196 24
1445093199 24
1445093202 24
1445093204 24
1445093205 24
1445093206 24
1445093209 24
1445093211 24
1445093212 24
1445093214 24
1445093214 24
1445093214 24
1445093214 24
1445093214 24
1445093214 24
1445093214 24
1445093214 24
1445093214 24
1445093214 24
1445093214 24
1445093215 24
1445093215 24
1445093215 24
1445093215 17
1445093215 18
1445093215 -1
1445093224 24
1445093225 24
1445093231 24
1445093244 24
1445093245 24
1445093251 24
1445093264 24
1445093265 24
1445093271 24
1445093284 24
1445093285 24
1445093291 24
1445093304 24
1445093305 24
1445093311 24
1445093324 24
1445093325 24
1445093331 24
1445093344 24
1445093345 24
1445093364 24
1445093365 24
1445093381 24
1445093384 24
1445093385 24
1445093401 24
1445093404 24
1445093405 24
1445093421 24
1445093424 24
1445093441 24
1445093444 24
1445093455 24
1445093461 24
1445093464 24
1445093475 24
1445093481 24
1445093484 24
1445093495 24
1445093501 24
1445093504 24
1445093515 24
1445093521 24
1445093524 24
1445093535 24
1445093541 24
1445093544 24
1445093555 24
1445093561 24
1445093564 24
1445093574 24
1445093575 24
1445093581 24
1445093593 24
1445093595 24
1445093601 24
1445093613 24
1445093614 24
1445093620 24
1445093632 24
1445093634 24
1445093640 24
1445093652 24
1445093653 24
1445093659 24
1445093671 24
1445093673 24
1445093679 24
1445093691 24
1445093692 24
1445093698 24
1445093710 24
1445093712 24
1445093718 24
1445093730 24
1445093732 24
1445093737 24
1445093750 24
1445093751 24
1445093757 24
1445093771 24
1445093776 24
1445093798 24
1445093817 24
1445093819 24
1445093824 24
1445093837 24
1445093838 24
