1445162661 23
1445162661 12
1445162661 14
1445162661 19
1445162661 6
1445162662 4
1445162662 3
1445162663 5
1445162663 8
1445162663 11
1445162664 9
1445162664 28
1445162664 10
1445162664 18
1445162664 20
1445162664 22
1445162664 13
1445162668 21
1445162668 15
1445162668 17
1445162668 28
1445162679 31
1445162679 16
1445162682 21
1445162682 15
1445162682 17
1445162682 28
1445162691 31
1445162691 16
1445162693 21
1445162693 15
1445162693 17
1445162693 28
1445162702 31
1445162702 16
1445162704 21
1445162704 15
1445162704 17
1445162704 28
1445162713 31
1445162715 16
1445162716 1
1445162716 35
1445162716 33
1445162716 33
1445162716 24
1445162716 32
1445162716 25
1445162716 43
1445162716 7
1445162716 37
1445162716 40
1445162716 38
1445162716 39
1445162716 41
1445162716 27
1445162716 34
1445162716 36
1445162716 36
1445162716 46
1445162716 46
1445162716 30
1445162716 44
1445162716 45
1445162716 42
1445162716 26
1445162716 29
1445162716 -1
1445162717 21
1445162717 15
1445162717 17
1445162717 28
1445162726 31
1445162726 16
1445162728 21
1445162728 15
1445162728 17
1445162728 28
1445162738 31
1445162738 16
1445162739 2
1445162740 21
1445162740 15
1445162740 17
1445162740 28
1445162749 31
1445162749 16
1445162759 2
1445162779 2
1445162799 2
1445162819 2
1445162839 2
1445162859 2
1445162879 2
1445162899 2
1445162919 2
1445162939 2
1445162959 2
1445162979 2
1445162999 2
1445163019 2
1445163039 2
1445163059 2
1445163079 2
1445163099 2
1445163119 2
1445163139 2
1445163159 2
1445163179 2
1445163199 2
1445163219 2
1445163239 2
1445163259 2
1445163279 2
1445163299 2
1445163319 2
1445163339 2
1445163359 2
1445163379 2
1445163399 2
1445163419 2
