1445162661 8
1445162661 147
1445162661 16
1445162661 102
1445162661 83
1445162662 8
1445162662 147
1445162663 160
1445162663 82
1445162663 67
1445162664 22
1445162664 102
1445162664 3
1445162664 75
1445162664 25
1445162664 25
1445162664 154
1445162668 102
1445162668 25
1445162668 25
1445162668 102
1445162679 75
1445162679 25
1445162682 102
1445162682 25
1445162682 25
1445162682 102
1445162691 75
1445162691 25
1445162693 102
1445162693 25
1445162693 25
1445162693 102
1445162702 75
1445162702 25
1445162704 102
1445162704 25
1445162704 25
1445162704 102
1445162713 75
1445162715 25
1445162716 20
1445162716 53
1445162716 15
1445162716 15
1445162716 44
1445162716 12
1445162716 91
1445162716 31
1445162716 36
1445162716 164
1445162716 106
1445162716 4
1445162716 106
1445162716 106
1445162716 144
1445162716 53
1445162716 53
1445162716 53
1445162716 51
1445162716 51
1445162716 152
1445162716 51
1445162716 136
1445162716 51
1445162716 152
1445162716 15
1445162716 170
1445162717 102
1445162717 25
1445162717 25
1445162717 102
1445162726 75
1445162726 25
1445162728 102
1445162728 25
1445162728 25
1445162728 102
1445162738 75
1445162738 25
1445162739 33
1445162740 102
1445162740 25
1445162740 25
1445162740 102
1445162749 75
1445162749 25
1445162759 33
1445162779 33
1445162799 33
1445162819 33
1445162839 33
1445162859 33
1445162879 33
1445162899 33
1445162919 33
1445162939 33
1445162959 33
1445162979 33
1445162999 33
1445163019 33
1445163039 33
1445163059 33
1445163079 33
1445163099 33
1445163119 33
1445163139 33
1445163159 33
1445163179 33
1445163199 33
1445163219 33
1445163239 33
1445163259 33
1445163279 33
1445163299 33
1445163319 33
1445163339 33
1445163359 33
1445163379 33
1445163399 33
1445163419 33
