1445068415 8
1445068415 147
1445068415 16
1445068415 102
1445068415 83
1445068415 8
1445068415 147
1445068415 160
1445068416 82
1445068416 67
1445068416 22
1445068416 102
1445068416 3
1445068416 75
1445068416 25
1445068416 25
1445068416 154
1445068421 102
1445068421 25
1445068421 25
1445068421 102
1445068431 75
1445068431 25
1445068441 102
1445068441 25
1445068441 25
1445068441 102
1445068453 75
1445068453 25
1445068463 102
1445068463 25
1445068463 25
1445068463 102
1445068475 75
1445068475 25
1445068485 102
1445068485 25
1445068485 25
1445068485 102
1445068498 75
1445068498 25
1445068507 102
1445068507 25
1445068507 25
1445068507 102
1445068522 75
1445068522 25
1445068531 102
1445068531 25
1445068531 25
1445068531 102
1445068541 75
1445068541 25
1445068546 102
1445068546 25
1445068546 25
1445068546 102
1445068559 75
1445068559 25
1445068563 67
1445068563 102
1445068563 25
1445068563 25
1445068570 75
1445068570 102
1445068570 160
1445068606 129
1445068606 3
1445068606 16
1445068606 16
1445068606 111
