1445163428 8
1445163428 147
1445163428 16
1445163428 102
1445163428 83
1445163428 8
1445163428 147
1445163429 160
1445163429 82
1445163429 67
1445163429 154
1445163429 0
1445163429 58
1445163429 78
1445163429 78
1445163429 58
1445163429 60
1445163429 60
1445163429 167
1445163430 167
1445163430 1
1445163430 78
1445163430 78
1445163430 60
1445163430 60
1445163430 167
1445163430 167
1445163430 1
1445163433 58
1445163433 78
1445163433 78
1445163433 60
1445163433 60
1445163433 167
1445163434 167
1445163434 1
1445163481 58
1445163481 78
1445163481 78
1445163481 60
1445163481 60
1445163481 167
1445163482 167
1445163482 1
1445163555 58
1445163555 78
1445163555 78
1445163555 60
1445163555 60
1445163555 167
1445163555 167
1445163555 1
1445163556 78
1445163556 78
1445163556 58
1445163556 60
1445163556 60
1445163556 167
1445163557 167
1445163557 1
1445163557 78
1445163557 78
1445163557 60
1445163557 60
1445163557 167
1445163557 167
1445163557 1
1445163561 58
1445163561 78
1445163561 78
1445163561 60
1445163561 60
1445163561 167
1445163562 167
1445163562 1
1445163562 58
1445163562 78
1445163562 78
1445163562 60
1445163562 60
1445163562 167
1445163563 167
1445163563 1
1445163564 58
1445163564 78
1445163564 78
1445163564 60
1445163564 60
1445163564 167
1445163565 167
1445163565 1
1445163565 58
1445163565 0
1445163565 120
1445163565 120
1445163565 102
1445163565 160
1445163565 60
1445163617 129
1445163618 129
1445163618 167
1445163618 3
1445163618 16
1445163618 16
1445163618 111
