1445092017 24
1445092018 14
1445092018 18
1445092018 22
1445092018 6
1445092018 5
1445092020 2
1445092022 3
1445092025 7
1445092025 13
1445092031 8
1445092032 30
1445092032 10
1445092032 23
1445092032 21
1445092032 28
1445092032 9
1445092050 27
1445092050 20
1445092050 17
1445092050 30
1445092075 29
1445092075 16
1445092079 27
1445092079 20
1445092079 17
1445092079 30
1445092106 29
1445092106 16
1445092110 27
1445092110 20
1445092110 17
1445092110 30
1445092135 29
1445092135 16
1445092139 27
1445092139 20
1445092139 17
1445092139 30
1445092165 29
1445092165 16
1445092168 11
1445092168 27
1445092168 20
1445092168 17
1445092190 31
1445092190 25
1445092190 1
1445092245 4
1445092246 26
1445092246 19
1445092246 15
1445092246 12
