1445247575 8
1445247575 147
1445247575 16
1445247575 102
1445247575 83
1445247575 8
1445247576 147
1445247577 160
1445247578 82
1445247578 67
1445247580 22
1445247581 102
1445247581 3
1445247581 75
1445247581 25
1445247581 25
1445247581 154
1445247636 102
1445247636 25
1445247636 25
1445247636 102
1445247670 75
1445247671 25
1445247685 102
1445247685 25
1445247685 25
1445247685 102
1445247729 75
1445247729 25
1445247736 102
1445247736 25
1445247736 25
1445247736 102
1445247778 75
1445247778 25
1445247786 102
1445247786 25
1445247786 25
1445247786 102
1445247832 75
1445247832 25
1445247839 102
1445247839 25
1445247839 25
1445247839 102
1445247885 75
1445247885 25
1445247894 102
1445247894 25
1445247894 25
1445247894 102
1445247941 75
1445247941 25
1445247948 102
1445247948 25
1445247948 25
1445247948 102
1445247991 75
1445247991 25
1445247996 67
1445247996 102
1445247996 25
1445247996 25
1445248016 75
1445248016 102
1445248017 160
1445248077 129
1445248078 3
1445248078 16
1445248078 16
1445248078 111
