1445241271 21
1445241271 12
1445241271 16
1445241271 25
1445241271 6
1445241271 4
1445241272 2
1445241272 5
1445241273 7
1445241273 9
1445241274 8
1445241274 31
1445241274 14
1445241274 28
1445241274 22
1445241274 23
1445241274 13
1445241277 24
1445241277 15
1445241277 19
1445241277 31
1445241290 30
1445241292 17
1445241294 24
1445241294 15
1445241294 19
1445241294 31
1445241305 30
1445241310 17
1445241312 24
1445241312 15
1445241312 19
1445241312 31
1445241323 30
1445241323 17
1445241325 24
1445241325 15
1445241325 19
1445241325 31
1445241336 30
1445241336 17
1445241338 24
1445241338 15
1445241338 19
1445241338 31
1445241348 30
1445241348 17
1445241350 24
1445241350 15
1445241350 19
1445241350 31
1445241361 30
1445241361 17
1445241362 24
1445241362 15
1445241362 19
1445241362 31
1445241375 30
1445241375 17
1445241377 11
1445241377 24
1445241377 15
1445241377 19
1445241384 29
1445241384 27
1445241385 1
1445241409 3
1445241410 26
1445241410 18
1445241410 20
1445241410 10
