1445241271 8
1445241271 147
1445241271 16
1445241271 102
1445241271 83
1445241271 8
1445241272 147
1445241272 160
1445241273 82
1445241273 67
1445241274 22
1445241274 102
1445241274 3
1445241274 75
1445241274 25
1445241274 25
1445241274 154
1445241277 102
1445241277 25
1445241277 25
1445241277 102
1445241290 75
1445241292 25
1445241294 102
1445241294 25
1445241294 25
1445241294 102
1445241305 75
1445241310 25
1445241312 102
1445241312 25
1445241312 25
1445241312 102
1445241323 75
1445241323 25
1445241325 102
1445241325 25
1445241325 25
1445241325 102
1445241336 75
1445241336 25
1445241338 102
1445241338 25
1445241338 25
1445241338 102
1445241348 75
1445241348 25
1445241350 102
1445241350 25
1445241350 25
1445241350 102
1445241361 75
1445241361 25
1445241362 102
1445241362 25
1445241362 25
1445241362 102
1445241375 75
1445241375 25
1445241377 67
1445241377 102
1445241377 25
1445241377 25
1445241384 75
1445241384 102
1445241385 160
1445241409 129
1445241410 3
1445241410 16
1445241410 16
1445241410 111
