1445090495 28
1445090495 28
1445090495 28
1445090496 28
1445090496 28
1445090497 28
1445090497 28
1445090497 28
1445090497 28
1445090497 28
1445090497 28
1445090497 28
1445090497 28
1445090497 28
1445090497 28
1445090497 28
1445090497 28
1445090497 28
1445090497 28
1445090497 28
1445090497 28
1445090498 28
1445090498 28
1445090498 28
1445090498 28
1445090498 28
1445090498 28
1445090498 28
1445090498 28
1445090498 28
1445090498 28
1445090498 28
1445090498 28
1445090498 28
1445090498 28
1445090498 28
1445090498 28
1445090498 28
1445090498 28
1445090498 28
1445090498 28
1445090498 28
1445090498 28
1445090498 28
1445090498 28
1445090498 28
1445090498 28
1445090498 28
1445090498 28
1445090498 28
1445090498 28
1445090498 7
1445090498 28
1445090498 28
1445090498 28
1445090498 28
1445090498 28
1445090498 28
1445090498 28
1445090498 27
1445090498 1
1445090498 20
1445090498 28
1445090499 28
1445090499 28
1445090499 28
1445090499 28
1445090499 28
1445090499 28
1445090499 28
1445090499 28
1445090499 28
1445090499 28
1445090499 28
1445090499 28
1445090499 28
1445090499 28
1445090499 28
1445090499 28
1445090499 28
1445090499 28
1445090499 28
1445090499 28
1445090499 28
1445090499 28
1445090499 28
1445090499 28
1445090499 28
1445090499 28
1445090499 28
1445090499 28
1445090499 28
1445090499 28
1445090499 28
1445090499 28
1445090499 28
1445090499 28
1445090499 28
1445090499 28
1445090499 28
1445090499 28
1445090499 28
1445090499 28
1445090499 28
1445090499 28
1445090499 28
1445090499 28
1445090499 28
1445090499 28
1445090499 28
1445090499 28
1445090499 28
1445090499 28
1445090499 28
1445090499 28
1445090499 28
1445090499 28
1445090499 28
1445090499 28
1445090499 28
1445090499 28
1445090499 28
1445090499 28
1445090499 28
1445090499 28
1445090499 28
1445090499 28
1445090499 28
1445090499 28
1445090499 28
1445090499 28
1445090499 28
1445090499 28
1445090499 28
1445090499 28
1445090499 28
1445090499 28
1445090499 28
1445090499 28
1445090499 28
1445090499 28
1445090499 28
1445090499 28
1445090499 28
1445090499 28
1445090499 28
1445090499 28
1445090499 28
1445090499 28
1445090499 28
1445090499 28
1445090499 28
1445090499 28
1445090499 28
1445090499 28
1445090499 28
1445090499 28
1445090499 28
1445090499 28
1445090499 28
1445090499 28
1445090499 28
1445090499 28
1445090499 28
1445090499 28
1445090499 28
1445090499 28
1445090499 28
1445090499 28
1445090499 28
1445090499 28
1445090499 28
1445090499 28
1445090499 28
1445090499 28
1445090499 28
1445090499 28
1445090499 28
1445090499 28
1445090499 28
1445090499 28
1445090499 28
1445090499 28
1445090499 28
1445090499 28
1445090499 28
1445090499 28
1445090499 28
1445090499 28
1445090499 28
1445090499 28
1445090499 28
1445090499 28
1445090499 28
1445090499 28
1445090499 28
1445090499 28
1445090499 28
1445090499 28
1445090499 28
1445090499 28
1445090499 28
1445090499 28
1445090499 28
1445090499 28
1445090499 28
1445090499 28
1445090499 28
1445090499 28
1445090499 28
1445090499 28
1445090499 28
1445090499 28
1445090499 28
1445090499 28
1445090499 28
1445090499 28
1445090499 28
1445090499 28
1445090499 28
1445090499 28
1445090499 28
1445090499 28
1445090499 28
1445090499 28
1445090499 28
1445090500 28
1445090500 28
1445090500 28
1445090500 28
1445090500 28
1445090500 28
1445090500 28
1445090500 28
1445090500 28
1445090500 28
1445090500 28
1445090500 28
1445090501 28
1445090501 28
1445090502 28
1445090502 28
1445090502 28
1445090502 28
1445090502 28
1445090502 28
1445090502 28
1445090502 28
1445090502 28
1445090502 28
1445090502 28
1445090502 28
1445090502 28
1445090502 28
1445090502 28
1445090502 28
1445090502 28
1445090502 28
1445090502 28
1445090502 28
1445090502 28
1445090502 28
1445090502 28
1445090502 28
1445090502 28
1445090502 28
1445090502 28
1445090502 28
1445090502 28
1445090502 28
1445090503 28
1445090505 28
1445090505 28
1445090505 28
1445090506 28
1445090506 28
1445090506 28
1445090507 28
1445090508 28
1445090509 28
1445090510 28
1445090511 28
1445090512 28
1445090512 28
1445090513 28
1445090513 28
1445090513 28
1445090513 28
1445090513 28
1445090513 28
1445090513 28
1445090513 28
1445090513 28
1445090513 28
1445090514 28
1445090514 28
1445090514 28
1445090514 28
1445090514 28
1445090514 28
1445090514 28
1445090514 28
1445090514 28
1445090514 28
1445090514 28
1445090514 28
1445090514 28
1445090515 28
1445090515 28
1445090515 28
1445090516 28
1445090516 28
1445090516 28
1445090516 28
1445090516 28
1445090517 28
1445090518 28
1445090518 28
1445090519 28
1445090519 28
1445090520 28
1445090521 28
1445090521 28
1445090522 28
1445090522 28
1445090523 28
1445090523 28
1445090524 28
1445090524 28
1445090525 28
1445090525 28
1445090526 28
1445090526 28
1445090527 28
1445090527 28
1445090528 28
1445090528 28
1445090529 28
1445090529 28
1445090530 28
1445090530 28
1445090531 28
1445090531 28
1445090532 28
1445090532 28
1445090533 28
1445090533 28
1445090534 28
1445090534 28
1445090535 28
1445090535 28
1445090536 28
1445090536 28
1445090537 28
1445090537 28
1445090538 28
1445090538 28
1445090539 28
1445090539 28
1445090540 28
1445090540 28
1445090541 28
1445090541 28
1445090542 28
1445090542 28
1445090543 28
1445090543 28
1445090544 28
1445090544 28
1445090545 28
1445090545 28
1445090546 28
1445090546 28
1445090547 28
1445090547 28
1445090548 28
1445090548 28
1445090549 28
1445090549 28
1445090550 28
1445090550 28
1445090551 28
1445090551 28
1445090552 28
1445090552 28
1445090553 28
1445090553 28
1445090554 28
1445090554 28
1445090555 28
1445090555 28
1445090556 28
1445090557 28
1445090557 28
1445090557 28
1445090558 28
1445090558 28
1445090558 28
1445090559 28
1445090560 28
1445090560 28
1445090560 28
1445090561 28
1445090561 28
1445090562 28
1445090563 28
1445090563 28
1445090563 28
1445090564 28
1445090564 28
1445090565 28
1445090566 28
1445090566 28
1445090566 28
1445090567 28
1445090567 28
1445090568 28
1445090569 28
1445090569 28
1445090569 28
1445090569 28
1445090570 28
1445090570 28
1445090571 28
1445090572 28
1445090572 28
1445090573 28
1445090573 28
1445090573 28
1445090574 28
1445090575 28
1445090575 28
1445090576 28
1445090576 28
1445090577 28
1445090577 28
1445090578 28
1445090578 28
1445090579 28
1445090579 28
1445090580 28
1445090580 28
1445090581 28
1445090581 28
1445090582 28
1445090582 28
1445090583 28
1445090583 28
1445090584 28
1445090584 28
1445090585 28
1445090585 28
1445090586 28
1445090586 28
1445090587 28
1445090587 28
1445090588 28
1445090588 28
1445090589 28
1445090589 28
1445090590 28
1445090590 28
1445090591 28
1445090591 28
1445090592 28
1445090592 28
1445090593 28
1445090593 28
1445090594 28
1445090594 28
1445090595 28
1445090595 28
1445090596 28
1445090596 28
1445090597 28
1445090597 28
1445090598 28
1445090598 28
1445090599 28
1445090599 28
1445090600 28
1445090600 28
1445090601 28
1445090601 28
1445090602 28
1445090602 28
1445090602 28
1445090602 28
1445090602 28
1445090602 28
1445090602 28
1445090602 28
1445090602 28
1445090602 28
1445090602 28
1445090602 28
1445090602 28
1445090602 28
1445090602 28
1445090602 28
1445090602 28
1445090602 2
1445090602 28
1445090602 28
1445090602 6
1445090602 24
1445090602 22
1445090602 19
1445090602 23
1445090602 25
1445090602 15
1445090602 14
1445090602 10
1445090602 13
1445090602 9
1445090602 12
1445090602 28
1445090602 28
1445090603 28
1445090603 28
1445090603 28
1445090603 21
1445090603 17
1445090603 -1
1445090603 28
1445090603 28
1445090603 21
1445090603 17
1445090603 -1
1445090603 28
1445090604 28
1445090604 28
1445090607 28
1445090610 28
1445090613 28
1445090616 28
1445090619 28
1445090622 28
1445090625 28
1445090628 28
1445090631 28
1445090634 28
1445090637 28
1445090640 28
1445090643 28
1445090646 28
1445090649 28
1445090652 28
1445090655 28
1445090658 28
1445090661 28
1445090664 28
1445090667 28
1445090670 28
1445090673 28
1445090676 28
1445090677 28
1445090679 28
1445090682 28
1445090685 28
1445090688 28
1445090691 28
1445090694 28
1445090697 28
1445090700 28
1445090703 28
1445090706 28
1445090709 28
1445090712 28
1445090715 28
1445090718 28
1445090721 28
1445090724 28
1445090727 28
1445090730 28
1445090733 28
1445090736 28
1445090739 28
1445090742 28
1445090745 28
1445090748 28
1445090751 28
1445090754 28
1445090757 28
1445090760 28
1445090763 28
1445090766 28
1445090769 28
1445090772 28
1445090775 28
1445090778 28
1445090781 28
1445090784 28
1445090787 28
1445090791 28
1445090794 28
1445090797 28
1445090800 28
1445090803 28
1445090806 28
1445090809 28
1445090812 28
1445090815 28
1445090818 28
1445090821 28
1445090824 28
1445090827 28
1445090830 28
1445090833 28
1445090836 28
1445090839 28
1445090842 28
1445090845 28
1445090848 28
1445090851 28
1445090854 28
1445090857 28
1445090860 28
1445090863 28
1445090866 28
1445090869 28
1445090872 28
1445090875 28
1445090878 28
1445090881 28
1445090884 28
1445090887 28
1445090890 28
1445090893 28
1445090896 28
1445090899 28
1445090902 28
1445090905 28
1445090908 28
1445090911 28
1445090914 28
1445090917 28
1445090920 28
1445090923 28
1445090926 28
1445090929 28
1445090932 28
1445090935 28
1445090938 28
1445090941 28
1445090944 28
1445090947 28
1445090950 28
1445090953 28
1445090956 28
1445090959 28
1445090962 28
1445090965 28
1445090968 28
1445090971 28
1445090974 28
1445090977 28
1445090980 28
1445090983 28
1445090986 28
1445090989 28
1445090992 28
1445090995 28
1445090998 28
1445091001 28
1445091005 28
1445091008 28
1445091011 28
1445091014 28
1445091017 28
1445091020 28
1445091023 28
1445091026 28
1445091029 28
1445091032 28
1445091035 28
1445091038 28
1445091041 28
1445091044 28
1445091047 28
1445091050 28
1445091053 28
1445091056 28
1445091059 28
1445091062 28
1445091063 28
1445091063 28
1445091063 28
1445091063 28
1445091063 28
1445091063 28
1445091063 28
1445091063 28
1445091063 28
1445091063 28
1445091063 28
1445091063 28
1445091063 28
1445091063 28
1445091063 28
1445091063 28
1445091063 28
1445091063 28
1445091063 28
1445091063 28
1445091063 28
1445091063 28
1445091063 28
1445091063 28
1445091063 28
1445091063 28
1445091063 28
1445091063 28
1445091063 8
1445091063 28
1445091063 8
1445091063 28
1445091063 16
1445091063 28
1445091063 16
1445091063 28
1445091063 5
1445091063 26
1445091063 28
1445091063 4
1445091063 18
1445091063 28
1445091063 3
1445091063 11
1445091063 28
1445091063 28
1445091063 28
1445091063 28
1445091064 28
1445091064 28
1445091064 28
1445091064 28
1445091064 28
1445091064 28
