1445241002 22
1445241002 13
1445241002 16
1445241002 21
1445241002 6
1445241002 5
1445241002 2
1445241003 4
1445241004 8
1445241004 10
1445241005 7
1445241005 27
1445241005 12
1445241005 20
1445241005 24
1445241005 25
1445241005 9
1445241010 18
1445241010 14
1445241010 15
1445241010 27
1445241021 28
1445241021 17
1445241023 18
1445241023 14
1445241023 15
1445241023 27
1445241036 28
1445241036 17
1445241038 18
1445241038 14
1445241038 15
1445241038 27
1445241049 28
1445241049 17
1445241051 18
1445241051 14
1445241051 15
1445241051 27
1445241060 28
1445241060 17
1445241061 18
1445241061 14
1445241061 15
1445241061 27
1445241072 28
1445241072 17
1445241074 18
1445241074 14
1445241074 15
1445241074 27
1445241084 28
1445241084 17
1445241085 18
1445241085 14
1445241085 15
1445241085 27
1445241095 28
1445241095 17
1445241096 11
1445241096 18
1445241096 14
1445241096 15
1445241104 26
1445241104 23
1445241104 1
1445241138 3
1445241138 19
