1445235786 39
1445235786 32
1445235786 34
1445235786 37
1445235786 26
1445235786 18
1445235786 7
1445235787 19
1445235787 27
1445235787 31
1445235787 30
1445235787 25
1445235787 21
1445235787 14
1445235787 16
1445235787 17
1445235788 1
1445235788 13
1445235788 10
1445235789 23
1445235789 12
1445235789 14
1445235789 16
1445235789 1
1445235789 13
1445235789 10
1445235790 23
1445235790 13
1445235790 10
1445235791 23
1445235791 13
1445235791 10
1445235793 23
1445235793 6
1445235802 17
1445235802 14
1445235802 16
1445235808 1
1445235808 13
1445235808 10
1445235809 17
1445235811 23
1445235811 9
1445235811 14
1445235811 16
1445235816 17
1445235816 1
1445235816 13
1445235816 10
1445235818 17
1445235819 23
1445235819 4
1445235819 14
1445235819 16
1445235821 1
1445235821 13
1445235821 10
1445235822 17
1445235825 23
1445235825 13
1445235825 10
1445235830 23
1445235830 5
1445235830 14
1445235830 16
1445235830 1
1445235830 13
1445235830 10
1445235835 23
1445235835 13
1445235835 10
1445235839 23
1445235839 11
1445235839 20
1445235839 8
1445235839 28
1445235839 24
1445235839 40
1445235839 3
1445235839 15
1445236296 22
1445236296 29
1445236296 2
1445236297 38
1445236297 35
1445236297 36
1445236297 33
