1445235786 8
1445235786 147
1445235786 16
1445235786 102
1445235786 83
1445235786 8
1445235786 147
1445235787 160
1445235787 82
1445235787 67
1445235787 154
1445235787 0
1445235787 58
1445235787 78
1445235787 78
1445235787 58
1445235788 60
1445235788 60
1445235788 167
1445235789 167
1445235789 1
1445235789 78
1445235789 78
1445235789 60
1445235789 60
1445235789 167
1445235790 167
1445235790 60
1445235790 167
1445235791 167
1445235791 60
1445235791 167
1445235793 167
1445235793 1
1445235802 58
1445235802 78
1445235802 78
1445235808 60
1445235808 60
1445235808 167
1445235809 58
1445235811 167
1445235811 1
1445235811 78
1445235811 78
1445235816 58
1445235816 60
1445235816 60
1445235816 167
1445235818 58
1445235819 167
1445235819 1
1445235819 78
1445235819 78
1445235821 60
1445235821 60
1445235821 167
1445235822 58
1445235825 167
1445235825 60
1445235825 167
1445235830 167
1445235830 1
1445235830 78
1445235830 78
1445235830 60
1445235830 60
1445235830 167
1445235835 167
1445235835 60
1445235835 167
1445235839 167
1445235839 1
1445235839 58
1445235839 0
1445235839 120
1445235839 120
1445235839 102
1445235839 160
1445235839 60
1445236296 129
1445236296 129
1445236296 167
1445236297 3
1445236297 16
1445236297 16
1445236297 111
