1445093107 21
1445093107 10
1445093107 15
1445093107 19
1445093107 5
1445093107 4
1445093108 2
1445093108 3
1445093109 7
1445093109 9
1445093109 6
1445093109 25
1445093109 11
1445093109 17
1445093109 23
1445093109 20
1445093109 8
1445093111 18
1445093111 13
1445093111 14
1445093111 25
1445093122 26
1445093122 16
1445093123 18
1445093123 13
1445093123 14
1445093123 25
1445093132 26
1445093132 16
1445093133 18
1445093133 13
1445093133 14
1445093133 25
1445093142 26
1445093142 16
1445093143 18
1445093143 13
1445093143 14
1445093143 25
1445093154 26
1445093154 16
1445093155 12
1445093155 18
1445093155 13
1445093155 14
1445093163 24
1445093163 22
1445093163 1
