1445093107 8
1445093107 147
1445093107 16
1445093107 102
1445093107 83
1445093107 8
1445093108 147
1445093108 160
1445093109 82
1445093109 67
1445093109 22
1445093109 102
1445093109 3
1445093109 75
1445093109 25
1445093109 25
1445093109 154
1445093111 102
1445093111 25
1445093111 25
1445093111 102
1445093122 75
1445093122 25
1445093123 102
1445093123 25
1445093123 25
1445093123 102
1445093132 75
1445093132 25
1445093133 102
1445093133 25
1445093133 25
1445093133 102
1445093142 75
1445093142 25
1445093143 102
1445093143 25
1445093143 25
1445093143 102
1445093154 75
1445093154 25
1445093155 67
1445093155 102
1445093155 25
1445093155 25
1445093163 75
1445093163 102
1445093163 160
