1445175202 8
1445175203 147
1445175203 16
1445175203 102
1445175203 83
1445175204 8
1445175205 147
1445175206 160
1445175208 82
1445175209 67
1445175211 22
1445175211 102
1445175211 3
1445175211 75
1445175211 25
1445175211 25
1445175211 154
1445175234 102
1445175234 25
1445175234 25
1445175234 102
1445175277 75
1445175277 25
1445175290 102
1445175290 25
1445175290 25
1445175290 102
1445175330 75
1445175331 25
1445175335 102
1445175335 25
1445175335 25
1445175335 102
1445175375 75
1445175375 25
1445175380 102
1445175380 25
1445175380 25
1445175380 102
1445175420 75
1445175420 25
