1445088496 25
1445088496 10
1445088496 19
1445088496 24
1445088496 6
1445088496 5
1445088497 2
1445088497 3
1445088498 8
1445088498 12
1445088498 7
1445088498 30
1445088498 14
1445088498 26
1445088498 27
1445088498 22
1445088498 13
1445088501 21
1445088501 17
1445088501 18
1445088501 30
1445088512 29
1445088512 16
1445088513 21
1445088513 17
1445088513 18
1445088513 30
1445088523 29
1445088523 16
1445088525 21
1445088525 17
1445088525 18
1445088525 30
1445088534 29
1445088534 16
1445088535 21
1445088535 17
1445088535 18
1445088535 30
1445088544 29
1445088544 16
1445088546 21
1445088546 17
1445088546 18
1445088546 30
1445088554 29
1445088554 16
1445088556 21
1445088556 17
1445088556 18
1445088556 30
1445088557 9
1445088565 29
1445088565 16
1445088565 21
1445088565 17
1445088565 18
1445088567 31
1445088567 23
1445088567 1
1445088593 4
1445088594 28
1445088594 20
1445088594 15
1445088594 11
