1445088496 8
1445088496 147
1445088496 16
1445088496 102
1445088496 83
1445088496 8
1445088497 147
1445088497 160
1445088498 82
1445088498 67
1445088498 22
1445088498 102
1445088498 3
1445088498 75
1445088498 25
1445088498 25
1445088498 154
1445088501 102
1445088501 25
1445088501 25
1445088501 102
1445088512 75
1445088512 25
1445088513 102
1445088513 25
1445088513 25
1445088513 102
1445088523 75
1445088523 25
1445088525 102
1445088525 25
1445088525 25
1445088525 102
1445088534 75
1445088534 25
1445088535 102
1445088535 25
1445088535 25
1445088535 102
1445088544 75
1445088544 25
1445088546 102
1445088546 25
1445088546 25
1445088546 102
1445088554 75
1445088554 25
1445088556 102
1445088556 25
1445088556 25
1445088556 102
1445088557 67
1445088565 75
1445088565 25
1445088565 102
1445088565 25
1445088565 25
1445088567 75
1445088567 102
1445088567 160
1445088593 129
1445088594 3
1445088594 16
1445088594 16
1445088594 111
