1445076560 5
1445076561 5
1445076561 5
1445076561 5
1445076563 5
1445076563 5
1445076563 5
1445076563 5
1445076563 5
1445076563 5
1445076563 5
1445076563 5
1445076563 5
1445076563 5
1445076563 5
1445076563 5
1445076563 5
1445076563 5
1445076563 5
1445076563 5
1445076563 5
1445076563 5
1445076563 5
1445076563 5
1445076564 5
1445076564 5
1445076564 5
1445076564 5
1445076564 5
1445076564 5
1445076564 5
1445076564 5
1445076564 5
1445076564 5
1445076564 2
1445076564 5
1445076564 5
1445076564 5
1445076564 5
1445076564 5
1445076564 5
1445076564 5
1445076564 4
1445076564 1
1445076564 3
1445076564 5
1445076564 5
1445076564 5
1445076564 5
1445076564 5
1445076564 5
1445076564 5
1445076564 5
1445076564 5
1445076564 5
1445076565 5
1445076565 5
1445076565 5
1445076565 5
1445076565 5
1445076565 5
1445076565 5
1445076565 5
1445076565 5
1445076565 5
1445076565 5
1445076565 5
1445076565 5
1445076565 5
1445076565 5
1445076565 5
1445076565 5
1445076565 5
1445076565 5
1445076565 5
1445076565 5
1445076565 5
1445076565 5
1445076565 5
1445076565 5
1445076565 5
1445076565 5
1445076565 5
1445076565 5
1445076565 5
1445076565 5
1445076565 5
1445076565 5
1445076565 5
1445076565 5
1445076565 5
1445076565 5
1445076565 5
1445076565 5
1445076565 5
1445076565 5
1445076565 5
1445076565 5
1445076565 5
1445076565 5
1445076565 5
1445076565 5
1445076565 5
1445076565 5
1445076565 5
1445076565 5
1445076565 5
1445076565 5
1445076566 5
1445076566 5
1445076566 5
1445076566 5
1445076567 5
1445076567 5
1445076568 5
1445076568 5
1445076568 5
1445076568 5
1445076568 5
1445076568 5
1445076568 5
1445076568 5
1445076568 5
1445076568 5
1445076568 5
1445076568 5
1445076568 5
1445076568 5
1445076568 5
1445076568 5
1445076568 5
1445076568 5
1445076568 5
1445076568 5
1445076568 5
1445076569 5
1445076569 5
1445076569 5
1445076570 5
1445076570 5
1445076570 5
1445076570 5
1445076570 5
1445076570 5
1445076570 5
1445076570 5
1445076570 5
1445076570 5
1445076570 5
1445076570 5
1445076570 5
1445076570 5
1445076570 5
1445076570 5
1445076571 5
1445076571 5
1445076571 5
1445076571 5
1445076571 5
1445076571 5
1445076571 5
1445076571 5
1445076571 5
1445076571 5
1445076571 5
1445076571 5
1445076571 5
1445076571 5
1445076571 5
1445076571 5
1445076571 5
1445076571 5
1445076571 5
1445076571 5
1445076571 5
1445076571 5
1445076571 5
1445076571 5
1445076571 5
1445076571 5
1445076571 5
1445076571 5
1445076571 5
1445076571 5
1445076571 5
1445076572 5
1445076572 5
1445076572 5
1445076572 5
1445076572 5
1445076572 5
1445076572 5
1445076572 5
1445076572 5
1445076572 5
1445076572 5
1445076572 5
1445076572 5
1445076572 5
1445076572 5
1445076572 5
1445076572 5
1445076572 5
1445076572 5
1445076572 5
1445076572 5
1445076572 5
1445076572 5
1445076572 5
1445076572 5
1445076572 5
1445076572 5
1445076572 5
1445076572 5
1445076572 5
1445076572 5
1445076572 5
1445076572 5
1445076572 5
1445076572 5
1445076572 5
1445076572 5
1445076573 5
1445076573 5
1445076573 5
1445076573 5
1445076573 5
1445076573 5
1445076573 5
1445076573 5
1445076573 5
1445076573 5
1445076573 5
1445076573 5
1445076573 5
1445076573 5
1445076574 5
1445076574 5
1445076574 5
1445076574 5
1445076574 5
1445076574 5
1445076574 5
1445076574 5
1445076574 5
1445076574 5
1445076574 5
1445076574 5
1445076574 5
1445076574 5
1445076574 5
1445076574 5
1445076574 5
1445076574 5
1445076574 5
1445076574 5
1445076574 5
1445076575 5
1445076575 5
1445076575 5
1445076575 5
1445076575 5
1445076575 5
1445076575 5
1445076575 5
1445076575 5
1445076575 5
1445076575 5
1445076575 5
1445076575 5
1445076575 5
1445076575 5
1445076575 5
1445076576 5
1445076578 5
1445076578 5
1445076579 5
1445076579 5
1445076579 5
1445076579 5
1445076579 5
1445076579 5
1445076579 5
1445076579 5
1445076579 5
1445076580 5
1445076580 5
1445076580 5
1445076583 5
1445076583 5
1445076583 5
1445076584 5
1445076584 5
1445076584 5
1445076585 5
1445076585 5
1445076585 5
1445076586 5
1445076586 5
1445076586 5
1445076586 5
1445076587 5
1445076587 5
1445076592 5
1445076592 5
1445076592 5
1445076594 5
1445076594 5
1445076595 5
1445076595 5
1445076595 5
1445076595 5
1445076596 5
1445076596 5
1445076597 5
1445076598 5
1445076598 5
1445076598 5
1445076599 5
1445076599 5
1445076599 5
1445076599 5
1445076600 5
1445076601 5
1445076601 5
1445076601 5
1445076601 5
1445076602 5
1445076602 5
1445076602 5
1445076603 5
1445076603 5
1445076603 5
1445076604 5
1445076604 5
1445076604 5
1445076605 5
1445076605 5
1445076605 5
1445076605 5
1445076606 5
1445076606 5
1445076607 5
1445076607 5
1445076607 5
1445076608 5
1445076608 5
1445076608 5
1445076608 5
1445076609 5
1445076609 5
1445076610 5
1445076610 5
1445076611 5
1445076611 5
1445076611 5
1445076611 5
1445076611 5
1445076611 5
1445076612 5
1445076612 5
1445076613 5
1445076614 5
1445076614 5
1445076614 5
1445076615 5
1445076615 5
1445076615 5
1445076615 5
1445076616 5
1445076616 5
1445076616 5
1445076618 5
1445076618 5
1445076618 5
1445076618 5
1445076618 5
1445076619 5
1445076619 5
1445076619 5
1445076619 5
1445076620 5
1445076621 5
1445076621 5
1445076621 5
1445076622 5
1445076622 5
1445076622 5
1445076622 5
1445076622 5
1445076623 5
1445076624 5
1445076624 5
1445076624 5
1445076625 5
1445076625 5
1445076625 5
1445076625 5
1445076626 5
1445076626 5
1445076626 5
1445076627 5
1445076627 5
1445076627 5
1445076628 5
1445076628 5
1445076629 5
1445076629 5
1445076629 5
1445076630 5
1445076630 5
1445076630 5
1445076630 5
1445076631 5
1445076632 5
1445076632 5
1445076632 5
1445076633 5
1445076633 5
1445076633 5
1445076633 5
1445076634 5
1445076634 5
1445076635 5
1445076635 5
1445076636 5
1445076636 5
1445076636 5
1445076637 5
1445076637 5
1445076638 5
1445076638 5
1445076638 5
1445076639 5
1445076639 5
1445076639 5
1445076640 5
1445076640 5
1445076641 5
1445076641 5
1445076641 5
1445076641 5
1445076643 5
1445076643 5
1445076644 5
1445076644 5
1445076644 5
1445076644 5
1445076644 5
1445076645 5
1445076645 5
1445076645 5
1445076646 5
1445076647 5
1445076647 5
1445076648 5
1445076648 5
1445076648 5
1445076648 5
1445076648 5
1445076649 5
1445076649 5
1445076650 5
1445076650 5
1445076651 5
1445076651 5
1445076651 5
1445076652 5
1445076652 5
1445076652 5
1445076652 5
1445076652 5
1445076654 5
1445076654 5
1445076654 5
1445076655 5
1445076655 5
1445076656 5
1445076656 5
1445076657 5
1445076657 5
1445076657 5
1445076657 5
1445076658 5
1445076658 5
1445076659 5
1445076659 5
1445076660 5
1445076660 5
1445076660 5
1445076660 5
1445076660 5
1445076661 5
1445076661 5
1445076661 5
1445076663 5
1445076663 5
1445076663 5
1445076664 5
1445076664 5
1445076664 5
1445076664 5
1445076664 5
1445076665 5
1445076665 5
1445076666 5
1445076666 5
1445076667 5
1445076667 5
1445076667 5
1445076668 5
1445076668 5
1445076668 5
1445076669 5
1445076669 5
1445076671 5
1445076671 5
1445076671 5
1445076671 5
1445076671 5
1445076672 5
1445076672 5
1445076672 5
1445076673 5
1445076673 5
1445076674 5
1445076674 5
1445076674 5
1445076674 5
1445076675 5
1445076675 5
1445076676 5
1445076677 5
1445076677 5
1445076677 5
1445076678 5
1445076678 5
1445076678 5
1445076678 5
1445076679 5
1445076679 5
1445076679 5
1445076680 5
1445076681 5
1445076681 5
1445076682 5
1445076682 5
1445076682 5
1445076682 5
1445076682 5
1445076682 5
1445076682 5
1445076683 5
1445076685 5
1445076685 5
1445076685 5
1445076685 5
1445076685 5
1445076685 5
1445076685 5
1445076686 5
1445076686 5
1445076686 5
1445076687 5
1445076688 5
1445076688 5
1445076688 5
1445076689 5
1445076689 5
1445076689 5
1445076689 5
1445076690 5
1445076690 5
1445076690 5
1445076692 5
1445076692 5
1445076692 5
1445076693 5
1445076693 5
1445076693 5
1445076693 5
1445076693 5
1445076693 5
1445076693 5
1445076696 5
1445076696 5
1445076696 5
1445076696 5
1445076696 5
1445076696 5
1445076697 5
1445076697 5
1445076697 5
1445076697 5
1445076699 5
1445076700 5
1445076700 5
1445076700 5
1445076700 5
1445076700 5
1445076700 5
1445076700 5
1445076701 5
1445076701 5
1445076703 5
1445076703 5
1445076703 5
1445076703 5
1445076704 5
1445076704 5
1445076704 5
1445076705 5
1445076705 5
1445076705 5
1445076706 5
1445076706 5
1445076706 5
1445076707 5
1445076707 5
1445076708 5
1445076708 5
1445076708 5
1445076708 5
1445076709 5
1445076710 5
1445076710 5
1445076711 5
1445076711 5
1445076711 5
1445076711 5
1445076711 5
1445076711 5
1445076712 5
1445076712 5
1445076713 5
1445076714 5
1445076714 5
1445076715 5
1445076715 5
1445076715 5
1445076715 5
1445076715 5
1445076715 5
1445076716 5
1445076717 5
1445076717 5
1445076717 5
1445076718 5
1445076718 5
1445076719 5
1445076719 5
1445076719 5
1445076720 5
1445076720 5
1445076720 5
1445076721 5
1445076722 5
1445076722 5
1445076722 5
1445076723 5
1445076723 5
1445076724 5
1445076724 5
1445076725 5
1445076726 5
1445076726 5
1445076726 5
1445076726 5
1445076727 5
1445076728 5
1445076728 5
1445076729 5
1445076729 5
1445076730 5
1445076730 5
1445076730 5
1445076730 5
1445076731 5
1445076731 5
1445076732 5
1445076733 5
1445076733 5
1445076733 5
1445076733 5
1445076733 5
1445076733 5
1445076733 5
1445076734 5
1445076734 5
1445076735 5
1445076735 5
1445076736 5
1445076736 5
1445076736 5
1445076737 5
1445076737 5
1445076738 5
1445076738 5
1445076738 5
1445076738 5
1445076739 5
1445076739 5
1445076739 5
1445076740 5
1445076740 5
1445076740 5
1445076741 5
1445076742 5
1445076742 5
1445076742 5
1445076742 5
1445076743 5
1445076743 5
1445076743 5
1445076743 5
1445076744 5
1445076744 5
1445076745 5
1445076745 5
1445076745 5
1445076746 5
1445076746 5
1445076746 5
1445076746 5
1445076746 5
1445076746 5
1445076747 5
1445076747 5
1445076748 5
1445076748 5
1445076748 5
1445076748 5
1445076748 5
1445076748 5
1445076748 5
1445076749 5
1445076749 5
1445076749 5
1445076749 5
1445076749 5
1445076749 5
1445076750 5
1445076750 5
1445076750 5
1445076750 5
1445076750 5
1445076750 5
1445076750 5
1445076750 5
1445076750 5
1445076750 5
1445076750 5
1445076750 5
1445076750 5
1445076750 5
1445076750 5
1445076750 5
1445076750 5
1445076750 5
1445076751 5
1445076751 5
1445076751 5
1445076751 5
1445076751 5
1445076751 5
1445076751 5
1445076751 5
1445076751 5
1445076751 -1
1445076751 5
1445076751 5
1445076751 5
1445076751 5
1445076751 5
1445076752 5
1445076752 5
1445076752 5
1445076752 5
1445076752 5
1445076752 5
1445076752 5
1445076752 5
1445076752 5
1445076752 5
1445076753 5
1445076753 5
1445076753 5
1445076753 5
1445076753 5
1445076753 5
1445076753 5
1445076753 5
1445076753 5
1445076753 5
1445076753 5
1445076753 5
1445076753 5
1445076753 5
1445076753 5
1445076754 5
1445076754 5
1445076755 5
1445076755 5
1445076755 5
1445076756 5
1445076756 5
1445076756 5
1445076756 5
1445076757 5
1445076757 5
1445076757 5
1445076757 5
1445076758 5
1445076758 5
1445076758 5
1445076759 5
1445076759 5
1445076759 5
1445076760 5
1445076760 5
1445076760 5
1445076761 5
1445076761 5
1445076761 5
1445076761 5
1445076761 5
1445076762 5
1445076762 5
1445076762 5
1445076762 5
1445076762 5
1445076762 5
1445076763 5
1445076763 5
1445076763 5
1445076763 5
1445076764 5
1445076764 5
1445076765 5
1445076765 5
1445076765 5
1445076765 5
1445076765 5
1445076765 5
1445076765 5
1445076765 5
1445076765 5
1445076765 5
1445076765 5
1445076765 5
1445076766 5
1445076766 5
1445076766 5
1445076767 5
1445076767 5
1445076767 5
1445076767 5
1445076767 5
1445076767 5
1445076768 5
1445076768 5
1445076768 5
1445076769 5
1445076769 5
1445076769 5
1445076769 5
1445076770 5
1445076770 5
1445076771 5
1445076771 5
1445076771 5
1445076771 5
1445076772 5
1445076772 5
1445076773 5
1445076773 5
1445076773 5
1445076773 5
1445076773 5
1445076774 5
1445076774 5
1445076774 5
1445076774 5
1445076774 5
1445076774 5
1445076775 5
1445076775 5
1445076775 5
1445076775 5
1445076775 5
1445076775 5
1445076775 5
1445076775 5
1445076775 5
1445076775 5
1445076775 5
1445076775 5
1445076775 5
1445076776 5
1445076776 5
1445076776 5
1445076776 5
1445076776 5
1445076776 5
1445076777 5
1445076777 5
1445076777 5
1445076777 5
1445076777 5
1445076777 5
1445076777 5
1445076778 5
1445076778 5
1445076778 5
1445076778 5
1445076779 5
1445076779 5
1445076779 5
1445076780 5
1445076780 5
1445076780 5
1445076780 5
1445076780 5
1445076780 5
1445076780 5
1445076780 5
1445076780 5
1445076780 5
1445076780 5
1445076780 5
1445076780 5
1445076780 5
1445076781 5
1445076781 5
1445076781 5
1445076781 5
1445076781 5
1445076782 5
1445076782 5
1445076782 5
1445076783 5
1445076783 5
1445076783 5
1445076783 5
1445076783 5
1445076784 5
1445076784 5
1445076784 5
1445076785 5
1445076785 5
1445076785 5
1445076785 5
1445076785 5
1445076786 5
1445076786 5
1445076786 5
1445076786 5
1445076787 5
1445076787 5
1445076787 5
1445076787 5
1445076787 5
1445076788 5
1445076788 5
1445076788 5
1445076788 5
1445076789 5
1445076789 5
1445076789 5
1445076789 5
1445076789 5
1445076790 5
1445076790 5
1445076790 5
1445076791 5
1445076791 5
1445076791 5
1445076791 5
1445076791 5
1445076791 5
1445076791 5
1445076792 5
1445076792 5
1445076793 5
1445076793 5
1445076793 5
1445076793 5
1445076793 5
1445076793 5
1445076794 5
1445076794 5
1445076794 5
1445076795 5
1445076795 5
1445076796 5
1445076796 5
1445076796 5
1445076796 5
1445076796 5
1445076796 5
1445076797 5
1445076797 5
1445076797 5
1445076797 5
1445076797 5
1445076798 5
1445076798 5
1445076798 5
1445076799 5
1445076799 5
1445076799 5
1445076799 5
1445076800 5
1445076800 5
1445076800 5
1445076800 5
1445076800 5
1445076800 5
1445076801 5
1445076801 5
1445076801 5
1445076802 5
1445076802 5
1445076802 5
1445076802 5
1445076802 5
1445076802 5
1445076803 5
1445076803 5
1445076803 5
1445076803 5
1445076803 5
1445076804 5
1445076804 5
1445076805 5
1445076805 5
1445076805 5
1445076806 5
1445076806 5
1445076806 5
1445076806 5
1445076806 5
1445076806 5
1445076807 5
1445076807 5
1445076807 5
1445076807 5
1445076808 5
1445076808 5
1445076808 5
1445076808 5
1445076809 5
1445076809 5
1445076809 5
1445076810 5
1445076810 5
1445076810 5
1445076810 5
1445076810 5
1445076810 5
1445076811 5
1445076811 5
1445076811 5
1445076811 5
1445076811 5
1445076812 5
1445076812 5
1445076813 5
1445076813 5
1445076813 5
1445076813 5
1445076814 5
1445076814 5
1445076814 5
1445076814 5
1445076814 5
1445076815 5
1445076815 5
1445076815 5
1445076815 5
1445076816 5
1445076816 5
1445076817 5
1445076817 5
1445076817 5
1445076817 5
1445076817 5
1445076818 5
1445076818 5
1445076818 5
1445076818 5
1445076818 5
1445076818 5
1445076819 5
1445076819 5
1445076820 5
1445076820 5
1445076820 5
1445076821 5
1445076821 5
1445076821 5
1445076821 5
1445076821 5
1445076822 5
1445076822 5
1445076822 5
1445076822 5
1445076822 5
1445076823 5
1445076824 5
1445076824 5
1445076824 5
1445076824 5
1445076824 5
1445076824 5
1445076825 5
1445076825 5
1445076825 5
1445076825 5
1445076825 5
1445076825 5
1445076826 5
1445076826 5
1445076827 5
1445076827 5
1445076827 5
1445076827 5
1445076828 5
1445076828 5
1445076828 5
1445076828 5
1445076828 5
1445076828 5
1445076828 5
1445076828 5
1445076829 5
1445076829 5
1445076829 5
1445076830 5
1445076830 5
1445076830 5
1445076830 5
1445076831 5
1445076831 5
1445076831 5
1445076831 5
1445076831 5
1445076832 5
1445076832 5
1445076832 5
1445076832 5
1445076833 5
1445076833 5
1445076834 5
1445076834 5
1445076834 5
1445076834 5
1445076834 5
1445076834 5
1445076834 5
1445076835 5
1445076835 5
1445076835 5
1445076836 5
1445076836 5
1445076836 5
1445076836 5
1445076837 5
1445076837 5
1445076837 5
1445076837 5
1445076837 5
1445076837 5
1445076837 5
1445076838 5
1445076838 5
1445076838 5
1445076839 5
1445076839 5
1445076839 5
1445076839 5
1445076840 5
1445076840 5
1445076840 5
1445076840 5
1445076840 5
1445076840 5
1445076840 5
1445076840 5
1445076840 5
1445076840 5
1445076840 5
1445076840 5
1445076840 5
1445076840 5
1445076840 5
1445076840 5
1445076840 5
1445076840 5
1445076840 5
1445076840 5
1445076840 5
1445076840 5
1445076841 5
1445076841 5
1445076841 5
1445076841 5
1445076841 5
1445076841 5
1445076841 5
1445076841 5
1445076842 5
1445076842 5
1445076842 5
1445076842 5
1445076842 5
1445076842 5
1445076842 5
1445076842 5
1445076842 5
1445076842 5
1445076842 5
1445076842 5
1445076842 5
1445076842 5
1445076842 5
1445076842 5
1445076843 5
1445076843 5
1445076843 5
1445076843 5
1445076843 5
1445076844 5
1445076844 5
1445076844 5
1445076844 5
1445076844 5
1445076844 5
1445076845 5
1445076845 5
1445076845 5
1445076845 5
1445076845 5
1445076846 5
1445076846 5
1445076846 5
1445076846 5
1445076846 5
1445076846 5
1445076846 5
1445076846 5
1445076846 5
1445076846 5
1445076847 5
1445076847 5
1445076848 5
1445076848 5
1445076848 5
1445076849 5
1445076849 5
1445076849 5
1445076849 5
1445076849 5
1445076849 5
1445076850 5
1445076850 5
1445076850 5
1445076850 5
1445076851 5
1445076851 5
