1445076560 35
1445076561 35
1445076561 35
1445076561 35
1445076563 35
1445076563 35
1445076563 35
1445076563 35
1445076563 35
1445076563 35
1445076563 35
1445076563 35
1445076563 35
1445076563 35
1445076563 35
1445076563 35
1445076563 35
1445076563 35
1445076563 35
1445076563 35
1445076563 35
1445076563 35
1445076563 35
1445076563 35
1445076564 35
1445076564 35
1445076564 35
1445076564 35
1445076564 35
1445076564 35
1445076564 35
1445076564 35
1445076564 35
1445076564 35
1445076564 8
1445076564 35
1445076564 35
1445076564 35
1445076564 35
1445076564 35
1445076564 35
1445076564 35
1445076564 64
1445076564 5
1445076564 64
1445076564 35
1445076564 35
1445076564 35
1445076564 35
1445076564 35
1445076564 35
1445076564 35
1445076564 35
1445076564 35
1445076564 35
1445076565 35
1445076565 35
1445076565 35
1445076565 35
1445076565 35
1445076565 35
1445076565 35
1445076565 35
1445076565 35
1445076565 35
1445076565 35
1445076565 35
1445076565 35
1445076565 35
1445076565 35
1445076565 35
1445076565 35
1445076565 35
1445076565 35
1445076565 35
1445076565 35
1445076565 35
1445076565 35
1445076565 35
1445076565 35
1445076565 35
1445076565 35
1445076565 35
1445076565 35
1445076565 35
1445076565 35
1445076565 35
1445076565 35
1445076565 35
1445076565 35
1445076565 35
1445076565 35
1445076565 35
1445076565 35
1445076565 35
1445076565 35
1445076565 35
1445076565 35
1445076565 35
1445076565 35
1445076565 35
1445076565 35
1445076565 35
1445076565 35
1445076565 35
1445076565 35
1445076565 35
1445076565 35
1445076566 35
1445076566 35
1445076566 35
1445076566 35
1445076567 35
1445076567 35
1445076568 35
1445076568 35
1445076568 35
1445076568 35
1445076568 35
1445076568 35
1445076568 35
1445076568 35
1445076568 35
1445076568 35
1445076568 35
1445076568 35
1445076568 35
1445076568 35
1445076568 35
1445076568 35
1445076568 35
1445076568 35
1445076568 35
1445076568 35
1445076568 35
1445076569 35
1445076569 35
1445076569 35
1445076570 35
1445076570 35
1445076570 35
1445076570 35
1445076570 35
1445076570 35
1445076570 35
1445076570 35
1445076570 35
1445076570 35
1445076570 35
1445076570 35
1445076570 35
1445076570 35
1445076570 35
1445076570 35
1445076571 35
1445076571 35
1445076571 35
1445076571 35
1445076571 35
1445076571 35
1445076571 35
1445076571 35
1445076571 35
1445076571 35
1445076571 35
1445076571 35
1445076571 35
1445076571 35
1445076571 35
1445076571 35
1445076571 35
1445076571 35
1445076571 35
1445076571 35
1445076571 35
1445076571 35
1445076571 35
1445076571 35
1445076571 35
1445076571 35
1445076571 35
1445076571 35
1445076571 35
1445076571 35
1445076571 35
1445076572 35
1445076572 35
1445076572 35
1445076572 35
1445076572 35
1445076572 35
1445076572 35
1445076572 35
1445076572 35
1445076572 35
1445076572 35
1445076572 35
1445076572 35
1445076572 35
1445076572 35
1445076572 35
1445076572 35
1445076572 35
1445076572 35
1445076572 35
1445076572 35
1445076572 35
1445076572 35
1445076572 35
1445076572 35
1445076572 35
1445076572 35
1445076572 35
1445076572 35
1445076572 35
1445076572 35
1445076572 35
1445076572 35
1445076572 35
1445076572 35
1445076572 35
1445076572 35
1445076573 35
1445076573 35
1445076573 35
1445076573 35
1445076573 35
1445076573 35
1445076573 35
1445076573 35
1445076573 35
1445076573 35
1445076573 35
1445076573 35
1445076573 35
1445076573 35
1445076574 35
1445076574 35
1445076574 35
1445076574 35
1445076574 35
1445076574 35
1445076574 35
1445076574 35
1445076574 35
1445076574 35
1445076574 35
1445076574 35
1445076574 35
1445076574 35
1445076574 35
1445076574 35
1445076574 35
1445076574 35
1445076574 35
1445076574 35
1445076574 35
1445076575 35
1445076575 35
1445076575 35
1445076575 35
1445076575 35
1445076575 35
1445076575 35
1445076575 35
1445076575 35
1445076575 35
1445076575 35
1445076575 35
1445076575 35
1445076575 35
1445076575 35
1445076575 35
1445076576 35
1445076578 35
1445076578 35
1445076579 35
1445076579 35
1445076579 35
1445076579 35
1445076579 35
1445076579 35
1445076579 35
1445076579 35
1445076579 35
1445076580 35
1445076580 35
1445076580 35
1445076583 35
1445076583 35
1445076583 35
1445076584 35
1445076584 35
1445076584 35
1445076585 35
1445076585 35
1445076585 35
1445076586 35
1445076586 35
1445076586 35
1445076586 35
1445076587 35
1445076587 35
1445076592 35
1445076592 35
1445076592 35
1445076594 35
1445076594 35
1445076595 35
1445076595 35
1445076595 35
1445076595 35
1445076596 35
1445076596 35
1445076597 35
1445076598 35
1445076598 35
1445076598 35
1445076599 35
1445076599 35
1445076599 35
1445076599 35
1445076600 35
1445076601 35
1445076601 35
1445076601 35
1445076601 35
1445076602 35
1445076602 35
1445076602 35
1445076603 35
1445076603 35
1445076603 35
1445076604 35
1445076604 35
1445076604 35
1445076605 35
1445076605 35
1445076605 35
1445076605 35
1445076606 35
1445076606 35
1445076607 35
1445076607 35
1445076607 35
1445076608 35
1445076608 35
1445076608 35
1445076608 35
1445076609 35
1445076609 35
1445076610 35
1445076610 35
1445076611 35
1445076611 35
1445076611 35
1445076611 35
1445076611 35
1445076611 35
1445076612 35
1445076612 35
1445076613 35
1445076614 35
1445076614 35
1445076614 35
1445076615 35
1445076615 35
1445076615 35
1445076615 35
1445076616 35
1445076616 35
1445076616 35
1445076618 35
1445076618 35
1445076618 35
1445076618 35
1445076618 35
1445076619 35
1445076619 35
1445076619 35
1445076619 35
1445076620 35
1445076621 35
1445076621 35
1445076621 35
1445076622 35
1445076622 35
1445076622 35
1445076622 35
1445076622 35
1445076623 35
1445076624 35
1445076624 35
1445076624 35
1445076625 35
1445076625 35
1445076625 35
1445076625 35
1445076626 35
1445076626 35
1445076626 35
1445076627 35
1445076627 35
1445076627 35
1445076628 35
1445076628 35
1445076629 35
1445076629 35
1445076629 35
1445076630 35
1445076630 35
1445076630 35
1445076630 35
1445076631 35
1445076632 35
1445076632 35
1445076632 35
1445076633 35
1445076633 35
1445076633 35
1445076633 35
1445076634 35
1445076634 35
1445076635 35
1445076635 35
1445076636 35
1445076636 35
1445076636 35
1445076637 35
1445076637 35
1445076638 35
1445076638 35
1445076638 35
1445076639 35
1445076639 35
1445076639 35
1445076640 35
1445076640 35
1445076641 35
1445076641 35
1445076641 35
1445076641 35
1445076643 35
1445076643 35
1445076644 35
1445076644 35
1445076644 35
1445076644 35
1445076644 35
1445076645 35
1445076645 35
1445076645 35
1445076646 35
1445076647 35
1445076647 35
1445076648 35
1445076648 35
1445076648 35
1445076648 35
1445076648 35
1445076649 35
1445076649 35
1445076650 35
1445076650 35
1445076651 35
1445076651 35
1445076651 35
1445076652 35
1445076652 35
1445076652 35
1445076652 35
1445076652 35
1445076654 35
1445076654 35
1445076654 35
1445076655 35
1445076655 35
1445076656 35
1445076656 35
1445076657 35
1445076657 35
1445076657 35
1445076657 35
1445076658 35
1445076658 35
1445076659 35
1445076659 35
1445076660 35
1445076660 35
1445076660 35
1445076660 35
1445076660 35
1445076661 35
1445076661 35
1445076661 35
1445076663 35
1445076663 35
1445076663 35
1445076664 35
1445076664 35
1445076664 35
1445076664 35
1445076664 35
1445076665 35
1445076665 35
1445076666 35
1445076666 35
1445076667 35
1445076667 35
1445076667 35
1445076668 35
1445076668 35
1445076668 35
1445076669 35
1445076669 35
1445076671 35
1445076671 35
1445076671 35
1445076671 35
1445076671 35
1445076672 35
1445076672 35
1445076672 35
1445076673 35
1445076673 35
1445076674 35
1445076674 35
1445076674 35
1445076674 35
1445076675 35
1445076675 35
1445076676 35
1445076677 35
1445076677 35
1445076677 35
1445076678 35
1445076678 35
1445076678 35
1445076678 35
1445076679 35
1445076679 35
1445076679 35
1445076680 35
1445076681 35
1445076681 35
1445076682 35
1445076682 35
1445076682 35
1445076682 35
1445076682 35
1445076682 35
1445076682 35
1445076683 35
1445076685 35
1445076685 35
1445076685 35
1445076685 35
1445076685 35
1445076685 35
1445076685 35
1445076686 35
1445076686 35
1445076686 35
1445076687 35
1445076688 35
1445076688 35
1445076688 35
1445076689 35
1445076689 35
1445076689 35
1445076689 35
1445076690 35
1445076690 35
1445076690 35
1445076692 35
1445076692 35
1445076692 35
1445076693 35
1445076693 35
1445076693 35
1445076693 35
1445076693 35
1445076693 35
1445076693 35
1445076696 35
1445076696 35
1445076696 35
1445076696 35
1445076696 35
1445076696 35
1445076697 35
1445076697 35
1445076697 35
1445076697 35
1445076699 35
1445076700 35
1445076700 35
1445076700 35
1445076700 35
1445076700 35
1445076700 35
1445076700 35
1445076701 35
1445076701 35
1445076703 35
1445076703 35
1445076703 35
1445076703 35
1445076704 35
1445076704 35
1445076704 35
1445076705 35
1445076705 35
1445076705 35
1445076706 35
1445076706 35
1445076706 35
1445076707 35
1445076707 35
1445076708 35
1445076708 35
1445076708 35
1445076708 35
1445076709 35
1445076710 35
1445076710 35
1445076711 35
1445076711 35
1445076711 35
1445076711 35
1445076711 35
1445076711 35
1445076712 35
1445076712 35
1445076713 35
1445076714 35
1445076714 35
1445076715 35
1445076715 35
1445076715 35
1445076715 35
1445076715 35
1445076715 35
1445076716 35
1445076717 35
1445076717 35
1445076717 35
1445076718 35
1445076718 35
1445076719 35
1445076719 35
1445076719 35
1445076720 35
1445076720 35
1445076720 35
1445076721 35
1445076722 35
1445076722 35
1445076722 35
1445076723 35
1445076723 35
1445076724 35
1445076724 35
1445076725 35
1445076726 35
1445076726 35
1445076726 35
1445076726 35
1445076727 35
1445076728 35
1445076728 35
1445076729 35
1445076729 35
1445076730 35
1445076730 35
1445076730 35
1445076730 35
1445076731 35
1445076731 35
1445076732 35
1445076733 35
1445076733 35
1445076733 35
1445076733 35
1445076733 35
1445076733 35
1445076733 35
1445076734 35
1445076734 35
1445076735 35
1445076735 35
1445076736 35
1445076736 35
1445076736 35
1445076737 35
1445076737 35
1445076738 35
1445076738 35
1445076738 35
1445076738 35
1445076739 35
1445076739 35
1445076739 35
1445076740 35
1445076740 35
1445076740 35
1445076741 35
1445076742 35
1445076742 35
1445076742 35
1445076742 35
1445076743 35
1445076743 35
1445076743 35
1445076743 35
1445076744 35
1445076744 35
1445076745 35
1445076745 35
1445076745 35
1445076746 35
1445076746 35
1445076746 35
1445076746 35
1445076746 35
1445076746 35
1445076747 35
1445076747 35
1445076748 35
1445076748 35
1445076748 35
1445076748 35
1445076748 35
1445076748 35
1445076748 35
1445076749 35
1445076749 35
1445076749 35
1445076749 35
1445076749 35
1445076749 35
1445076750 35
1445076750 35
1445076750 35
1445076750 35
1445076750 35
1445076750 35
1445076750 35
1445076750 35
1445076750 35
1445076750 35
1445076750 35
1445076750 35
1445076750 35
1445076750 35
1445076750 35
1445076750 35
1445076750 35
1445076750 35
1445076751 35
1445076751 35
1445076751 35
1445076751 35
1445076751 35
1445076751 35
1445076751 35
1445076751 35
1445076751 35
1445076751 170
1445076751 35
1445076751 35
1445076751 35
1445076751 35
1445076751 35
1445076752 35
1445076752 35
1445076752 35
1445076752 35
1445076752 35
1445076752 35
1445076752 35
1445076752 35
1445076752 35
1445076752 35
1445076753 35
1445076753 35
1445076753 35
1445076753 35
1445076753 35
1445076753 35
1445076753 35
1445076753 35
1445076753 35
1445076753 35
1445076753 35
1445076753 35
1445076753 35
1445076753 35
1445076753 35
1445076754 35
1445076754 35
1445076755 35
1445076755 35
1445076755 35
1445076756 35
1445076756 35
1445076756 35
1445076756 35
1445076757 35
1445076757 35
1445076757 35
1445076757 35
1445076758 35
1445076758 35
1445076758 35
1445076759 35
1445076759 35
1445076759 35
1445076760 35
1445076760 35
1445076760 35
1445076761 35
1445076761 35
1445076761 35
1445076761 35
1445076761 35
1445076762 35
1445076762 35
1445076762 35
1445076762 35
1445076762 35
1445076762 35
1445076763 35
1445076763 35
1445076763 35
1445076763 35
1445076764 35
1445076764 35
1445076765 35
1445076765 35
1445076765 35
1445076765 35
1445076765 35
1445076765 35
1445076765 35
1445076765 35
1445076765 35
1445076765 35
1445076765 35
1445076765 35
1445076766 35
1445076766 35
1445076766 35
1445076767 35
1445076767 35
1445076767 35
1445076767 35
1445076767 35
1445076767 35
1445076768 35
1445076768 35
1445076768 35
1445076769 35
1445076769 35
1445076769 35
1445076769 35
1445076770 35
1445076770 35
1445076771 35
1445076771 35
1445076771 35
1445076771 35
1445076772 35
1445076772 35
1445076773 35
1445076773 35
1445076773 35
1445076773 35
1445076773 35
1445076774 35
1445076774 35
1445076774 35
1445076774 35
1445076774 35
1445076774 35
1445076775 35
1445076775 35
1445076775 35
1445076775 35
1445076775 35
1445076775 35
1445076775 35
1445076775 35
1445076775 35
1445076775 35
1445076775 35
1445076775 35
1445076775 35
1445076776 35
1445076776 35
1445076776 35
1445076776 35
1445076776 35
1445076776 35
1445076777 35
1445076777 35
1445076777 35
1445076777 35
1445076777 35
1445076777 35
1445076777 35
1445076778 35
1445076778 35
1445076778 35
1445076778 35
1445076779 35
1445076779 35
1445076779 35
1445076780 35
1445076780 35
1445076780 35
1445076780 35
1445076780 35
1445076780 35
1445076780 35
1445076780 35
1445076780 35
1445076780 35
1445076780 35
1445076780 35
1445076780 35
1445076780 35
1445076781 35
1445076781 35
1445076781 35
1445076781 35
1445076781 35
1445076782 35
1445076782 35
1445076782 35
1445076783 35
1445076783 35
1445076783 35
1445076783 35
1445076783 35
1445076784 35
1445076784 35
1445076784 35
1445076785 35
1445076785 35
1445076785 35
1445076785 35
1445076785 35
1445076786 35
1445076786 35
1445076786 35
1445076786 35
1445076787 35
1445076787 35
1445076787 35
1445076787 35
1445076787 35
1445076788 35
1445076788 35
1445076788 35
1445076788 35
1445076789 35
1445076789 35
1445076789 35
1445076789 35
1445076789 35
1445076790 35
1445076790 35
1445076790 35
1445076791 35
1445076791 35
1445076791 35
1445076791 35
1445076791 35
1445076791 35
1445076791 35
1445076792 35
1445076792 35
1445076793 35
1445076793 35
1445076793 35
1445076793 35
1445076793 35
1445076793 35
1445076794 35
1445076794 35
1445076794 35
1445076795 35
1445076795 35
1445076796 35
1445076796 35
1445076796 35
1445076796 35
1445076796 35
1445076796 35
1445076797 35
1445076797 35
1445076797 35
1445076797 35
1445076797 35
1445076798 35
1445076798 35
1445076798 35
1445076799 35
1445076799 35
1445076799 35
1445076799 35
1445076800 35
1445076800 35
1445076800 35
1445076800 35
1445076800 35
1445076800 35
1445076801 35
1445076801 35
1445076801 35
1445076802 35
1445076802 35
1445076802 35
1445076802 35
1445076802 35
1445076802 35
1445076803 35
1445076803 35
1445076803 35
1445076803 35
1445076803 35
1445076804 35
1445076804 35
1445076805 35
1445076805 35
1445076805 35
1445076806 35
1445076806 35
1445076806 35
1445076806 35
1445076806 35
1445076806 35
1445076807 35
1445076807 35
1445076807 35
1445076807 35
1445076808 35
1445076808 35
1445076808 35
1445076808 35
1445076809 35
1445076809 35
1445076809 35
1445076810 35
1445076810 35
1445076810 35
1445076810 35
1445076810 35
1445076810 35
1445076811 35
1445076811 35
1445076811 35
1445076811 35
1445076811 35
1445076812 35
1445076812 35
1445076813 35
1445076813 35
1445076813 35
1445076813 35
1445076814 35
1445076814 35
1445076814 35
1445076814 35
1445076814 35
1445076815 35
1445076815 35
1445076815 35
1445076815 35
1445076816 35
1445076816 35
1445076817 35
1445076817 35
1445076817 35
1445076817 35
1445076817 35
1445076818 35
1445076818 35
1445076818 35
1445076818 35
1445076818 35
1445076818 35
1445076819 35
1445076819 35
1445076820 35
1445076820 35
1445076820 35
1445076821 35
1445076821 35
1445076821 35
1445076821 35
1445076821 35
1445076822 35
1445076822 35
1445076822 35
1445076822 35
1445076822 35
1445076823 35
1445076824 35
1445076824 35
1445076824 35
1445076824 35
1445076824 35
1445076824 35
1445076825 35
1445076825 35
1445076825 35
1445076825 35
1445076825 35
1445076825 35
1445076826 35
1445076826 35
1445076827 35
1445076827 35
1445076827 35
1445076827 35
1445076828 35
1445076828 35
1445076828 35
1445076828 35
1445076828 35
1445076828 35
1445076828 35
1445076828 35
1445076829 35
1445076829 35
1445076829 35
1445076830 35
1445076830 35
1445076830 35
1445076830 35
1445076831 35
1445076831 35
1445076831 35
1445076831 35
1445076831 35
1445076832 35
1445076832 35
1445076832 35
1445076832 35
1445076833 35
1445076833 35
1445076834 35
1445076834 35
1445076834 35
1445076834 35
1445076834 35
1445076834 35
1445076834 35
1445076835 35
1445076835 35
1445076835 35
1445076836 35
1445076836 35
1445076836 35
1445076836 35
1445076837 35
1445076837 35
1445076837 35
1445076837 35
1445076837 35
1445076837 35
1445076837 35
1445076838 35
1445076838 35
1445076838 35
1445076839 35
1445076839 35
1445076839 35
1445076839 35
1445076840 35
1445076840 35
1445076840 35
1445076840 35
1445076840 35
1445076840 35
1445076840 35
1445076840 35
1445076840 35
1445076840 35
1445076840 35
1445076840 35
1445076840 35
1445076840 35
1445076840 35
1445076840 35
1445076840 35
1445076840 35
1445076840 35
1445076840 35
1445076840 35
1445076840 35
1445076841 35
1445076841 35
1445076841 35
1445076841 35
1445076841 35
1445076841 35
1445076841 35
1445076841 35
1445076842 35
1445076842 35
1445076842 35
1445076842 35
1445076842 35
1445076842 35
1445076842 35
1445076842 35
1445076842 35
1445076842 35
1445076842 35
1445076842 35
1445076842 35
1445076842 35
1445076842 35
1445076842 35
1445076843 35
1445076843 35
1445076843 35
1445076843 35
1445076843 35
1445076844 35
1445076844 35
1445076844 35
1445076844 35
1445076844 35
1445076844 35
1445076845 35
1445076845 35
1445076845 35
1445076845 35
1445076845 35
1445076846 35
1445076846 35
1445076846 35
1445076846 35
1445076846 35
1445076846 35
1445076846 35
1445076846 35
1445076846 35
1445076846 35
1445076847 35
1445076847 35
1445076848 35
1445076848 35
1445076848 35
1445076849 35
1445076849 35
1445076849 35
1445076849 35
1445076849 35
1445076849 35
1445076850 35
1445076850 35
1445076850 35
1445076850 35
1445076851 35
1445076851 35
