1445248576 17
1445248577 10
1445248577 13
1445248577 20
1445248577 4
1445248577 2
1445248578 1
1445248579 3
1445248580 6
1445248581 7
1445248581 5
1445248582 21
1445248582 9
1445248582 15
1445248582 18
1445248582 19
1445248582 8
1445248598 16
1445248598 11
1445248598 14
1445248598 21
1445248633 22
1445248633 12
1445248640 16
1445248640 11
1445248640 14
1445248640 21
1445248677 22
1445248677 12
1445248685 16
1445248685 11
1445248685 14
1445248685 21
1445248728 22
1445248728 12
1445248735 16
1445248735 11
1445248735 14
1445248735 21
1445248777 22
1445248777 12
1445248783 16
1445248783 11
1445248783 14
1445248783 21
