1445248576 8
1445248577 147
1445248577 16
1445248577 102
1445248577 83
1445248577 8
1445248578 147
1445248579 160
1445248580 82
1445248581 67
1445248581 22
1445248582 102
1445248582 3
1445248582 75
1445248582 25
1445248582 25
1445248582 154
1445248598 102
1445248598 25
1445248598 25
1445248598 102
1445248633 75
1445248633 25
1445248640 102
1445248640 25
1445248640 25
1445248640 102
1445248677 75
1445248677 25
1445248685 102
1445248685 25
1445248685 25
1445248685 102
1445248728 75
1445248728 25
1445248735 102
1445248735 25
1445248735 25
1445248735 102
1445248777 75
1445248777 25
1445248783 102
1445248783 25
1445248783 25
1445248783 102
