1445094488 23
1445094489 10
1445094489 16
1445094489 28
1445094489 6
1445094489 4
1445094489 2
1445094490 5
1445094491 8
1445094491 13
1445094491 7
1445094491 29
1445094491 9
1445094491 25
1445094491 27
1445094491 22
1445094491 12
1445094494 24
1445094494 17
1445094494 15
1445094494 29
1445094503 31
1445094503 20
1445094504 24
1445094504 17
1445094504 15
1445094504 29
1445094514 31
1445094514 20
1445094516 24
1445094516 17
1445094516 15
1445094516 29
1445094525 31
1445094525 20
1445094526 24
1445094526 17
1445094526 15
1445094526 29
1445094535 31
1445094535 20
1445094536 24
1445094536 17
1445094536 15
1445094536 29
1445094546 31
1445094546 20
1445094547 24
1445094547 17
1445094547 15
1445094547 29
1445094547 14
1445094556 31
1445094556 20
1445094556 24
1445094556 17
1445094556 15
1445094557 30
1445094557 26
1445094557 1
1445094602 3
1445094602 21
1445094602 18
1445094602 19
1445094602 11
