1445094488 8
1445094489 147
1445094489 16
1445094489 102
1445094489 83
1445094489 8
1445094489 147
1445094490 160
1445094491 82
1445094491 67
1445094491 22
1445094491 102
1445094491 3
1445094491 75
1445094491 25
1445094491 25
1445094491 154
1445094494 102
1445094494 25
1445094494 25
1445094494 102
1445094503 75
1445094503 25
1445094504 102
1445094504 25
1445094504 25
1445094504 102
1445094514 75
1445094514 25
1445094516 102
1445094516 25
1445094516 25
1445094516 102
1445094525 75
1445094525 25
1445094526 102
1445094526 25
1445094526 25
1445094526 102
1445094535 75
1445094535 25
1445094536 102
1445094536 25
1445094536 25
1445094536 102
1445094546 75
1445094546 25
1445094547 102
1445094547 25
1445094547 25
1445094547 102
1445094547 67
1445094556 75
1445094556 25
1445094556 102
1445094556 25
1445094556 25
1445094557 75
1445094557 102
1445094557 160
1445094602 129
1445094602 3
1445094602 16
1445094602 16
1445094602 111
