1445088251 79
1445088252 79
1445088252 79
1445088252 79
1445088253 79
1445088253 79
1445088253 79
1445088253 79
1445088253 79
1445088253 79
1445088253 79
1445088253 79
1445088253 79
1445088253 79
1445088253 79
1445088253 79
1445088253 79
1445088253 79
1445088253 79
1445088254 79
1445088254 79
1445088254 79
1445088254 79
1445088254 79
1445088254 79
1445088254 79
1445088254 79
1445088254 79
1445088254 79
1445088254 79
1445088254 79
1445088254 79
1445088254 79
1445088254 79
1445088254 14
1445088254 79
1445088254 79
1445088254 79
1445088254 79
1445088254 79
1445088254 79
1445088254 79
1445088254 69
1445088254 4
1445088255 63
1445088255 79
1445088256 79
1445088256 79
1445088256 79
1445088256 79
1445088256 79
1445088256 79
1445088256 79
1445088256 79
1445088256 79
1445088256 79
1445088256 79
1445088256 79
1445088256 79
1445088256 79
1445088256 79
1445088256 79
1445088256 79
1445088256 79
1445088256 79
1445088256 79
1445088256 79
1445088256 79
1445088256 79
1445088257 79
1445088257 79
1445088257 79
1445088257 79
1445088257 79
1445088257 79
1445088257 79
1445088257 79
1445088257 79
1445088257 79
1445088257 79
1445088257 79
1445088257 79
1445088257 79
1445088257 79
1445088257 79
1445088257 79
1445088257 79
1445088257 79
1445088257 79
1445088257 79
1445088257 79
1445088257 79
1445088257 79
1445088257 79
1445088257 79
1445088257 79
1445088257 79
1445088257 79
1445088257 79
1445088257 79
1445088257 79
1445088257 79
1445088257 79
1445088257 79
1445088257 79
1445088257 79
1445088257 79
1445088257 79
1445088257 79
1445088257 79
1445088257 79
1445088257 79
1445088257 79
1445088257 79
1445088257 79
1445088257 79
1445088257 79
1445088257 79
1445088257 79
1445088257 79
1445088257 79
1445088258 79
1445088258 79
1445088258 79
1445088259 79
1445088259 79
1445088259 79
1445088259 79
1445088259 79
1445088259 79
1445088259 79
1445088259 79
1445088259 79
1445088259 79
1445088259 79
1445088259 79
1445088259 79
1445088259 79
1445088259 79
1445088259 79
1445088259 79
1445088259 79
1445088259 79
1445088259 79
1445088259 79
1445088259 79
1445088259 79
1445088259 79
1445088259 79
1445088259 79
1445088259 79
1445088259 79
1445088259 79
1445088259 79
1445088259 79
1445088259 79
1445088259 79
1445088259 79
1445088259 79
1445088259 79
1445088259 79
1445088259 79
1445088260 79
1445088260 79
1445088260 79
1445088260 79
1445088260 79
1445088260 79
1445088260 79
1445088260 79
1445088260 79
1445088260 79
1445088260 79
1445088260 79
1445088260 79
1445088260 79
1445088260 79
1445088260 79
1445088260 79
1445088260 79
1445088260 79
1445088260 79
1445088260 79
1445088260 79
1445088260 79
1445088260 79
1445088260 79
1445088260 79
1445088260 79
1445088260 79
1445088260 79
1445088261 79
1445088261 79
1445088262 79
1445088262 79
1445088263 79
1445088263 79
1445088264 79
1445088264 79
1445088264 79
1445088264 79
1445088264 79
1445088264 79
1445088264 79
1445088264 79
1445088265 79
1445088265 79
1445088266 79
1445088266 79
1445088267 79
1445088267 79
1445088268 79
1445088268 79
1445088270 79
1445088270 79
1445088271 79
1445088271 79
1445088271 79
1445088271 79
1445088272 79
1445088272 79
1445088273 79
1445088273 79
1445088274 79
1445088274 79
1445088274 79
1445088274 79
1445088275 79
1445088275 79
1445088276 79
1445088276 79
1445088276 79
1445088276 79
1445088276 79
1445088276 79
1445088276 79
1445088276 79
1445088276 79
1445088276 79
1445088276 79
1445088277 79
1445088277 79
1445088277 79
1445088277 79
1445088279 79
1445088279 79
1445088280 79
1445088280 79
1445088281 79
1445088281 79
1445088281 79
1445088281 79
1445088282 79
1445088282 79
1445088283 79
1445088283 79
1445088284 79
1445088284 79
1445088284 79
1445088284 79
1445088285 79
1445088285 79
1445088286 79
1445088286 79
1445088287 79
1445088287 79
1445088287 79
1445088287 79
1445088288 79
1445088288 79
1445088288 79
1445088288 79
1445088288 79
1445088289 79
1445088289 79
1445088290 79
1445088290 79
1445088290 79
1445088290 79
1445088291 79
1445088291 79
1445088291 79
1445088291 79
1445088292 79
1445088292 79
1445088293 79
1445088293 79
1445088293 79
1445088293 79
1445088295 79
1445088295 79
1445088295 79
1445088295 79
1445088296 79
1445088296 79
1445088296 79
1445088296 79
1445088296 79
1445088297 79
1445088297 79
1445088298 79
1445088298 79
1445088299 79
1445088299 79
1445088299 79
1445088299 79
1445088299 79
1445088299 79
1445088299 79
1445088300 79
1445088300 79
1445088301 79
1445088301 79
1445088302 79
1445088302 79
1445088302 79
1445088302 79
1445088302 79
1445088302 79
1445088303 79
1445088303 79
1445088303 79
1445088304 79
1445088304 79
1445088305 79
1445088305 79
1445088305 79
1445088305 79
1445088306 79
1445088306 79
1445088306 79
1445088306 79
1445088307 79
1445088307 79
1445088307 79
1445088308 79
1445088308 79
1445088308 79
1445088308 79
1445088309 79
1445088309 79
1445088309 79
1445088310 79
1445088310 79
1445088310 79
1445088310 79
1445088311 79
1445088311 79
1445088312 79
1445088312 79
1445088313 79
1445088313 79
1445088313 79
1445088313 79
1445088314 79
1445088314 79
1445088314 79
1445088314 79
1445088314 79
1445088315 79
1445088315 79
1445088316 79
1445088316 79
1445088317 79
1445088317 79
1445088317 79
1445088317 79
1445088317 79
1445088317 79
1445088318 79
1445088318 79
1445088318 79
1445088319 79
1445088319 79
1445088320 79
1445088320 79
1445088320 79
1445088320 79
1445088321 79
1445088321 79
1445088321 79
1445088322 79
1445088322 79
1445088322 79
1445088323 79
1445088323 79
1445088323 79
1445088323 79
1445088323 79
1445088323 79
1445088324 79
1445088324 79
1445088325 79
1445088325 79
1445088325 79
1445088326 79
1445088326 79
1445088326 79
1445088326 79
1445088326 79
1445088326 79
1445088327 79
1445088327 79
1445088327 79
1445088328 79
1445088328 79
1445088328 79
1445088329 79
1445088329 79
1445088329 79
1445088330 79
1445088330 79
1445088330 79
1445088331 79
1445088331 79
1445088332 79
1445088332 79
1445088332 79
1445088332 79
1445088332 79
1445088333 79
1445088333 79
1445088333 79
1445088334 79
1445088334 79
1445088334 79
1445088335 79
1445088335 79
1445088335 79
1445088335 79
1445088336 79
1445088336 79
1445088336 79
1445088337 79
1445088337 79
1445088337 79
1445088338 79
1445088338 79
1445088338 79
1445088338 79
1445088338 79
1445088339 79
1445088339 79
1445088340 79
1445088340 79
1445088340 79
1445088341 79
1445088341 79
1445088341 79
1445088341 79
1445088341 79
1445088342 79
1445088342 79
1445088342 79
1445088343 79
1445088343 79
1445088344 79
1445088344 79
1445088344 79
1445088344 79
1445088344 79
1445088345 79
1445088345 79
1445088345 79
1445088346 79
1445088346 79
1445088346 79
1445088347 79
1445088347 79
1445088347 79
1445088347 79
1445088348 79
1445088349 79
1445088349 79
1445088349 79
1445088349 79
1445088350 79
1445088350 79
1445088350 79
1445088350 79
1445088351 79
1445088351 79
1445088351 79
1445088351 79
1445088351 79
1445088351 79
1445088351 79
1445088351 79
1445088351 79
1445088351 79
1445088351 79
1445088351 79
1445088351 79
1445088351 79
1445088351 79
1445088351 79
1445088352 79
1445088352 79
1445088352 79
1445088353 79
1445088353 79
1445088353 79
1445088353 79
1445088353 79
1445088353 79
1445088353 79
1445088353 79
1445088353 79
1445088353 79
1445088353 79
1445088353 79
1445088353 79
1445088353 79
1445088353 79
1445088353 79
1445088353 79
1445088353 79
1445088353 79
1445088353 79
1445088353 79
1445088353 79
1445088353 79
1445088353 79
1445088353 79
1445088353 79
1445088353 79
1445088353 79
1445088353 79
1445088353 79
1445088354 79
1445088354 79
1445088354 79
1445088354 79
1445088354 79
1445088354 79
1445088354 79
1445088354 79
1445088354 79
1445088354 79
1445088354 79
1445088354 79
1445088354 79
1445088354 79
1445088354 79
1445088354 79
1445088355 79
1445088355 79
1445088355 79
1445088355 79
1445088356 79
1445088356 79
1445088356 79
1445088356 79
1445088356 79
1445088356 79
1445088356 79
1445088356 79
1445088357 79
1445088357 79
1445088357 79
1445088357 79
1445088358 79
1445088358 79
1445088358 79
1445088358 79
1445088358 79
1445088358 79
1445088358 79
1445088358 79
1445088358 79
1445088358 79
1445088359 79
1445088359 79
1445088359 79
1445088359 79
1445088359 79
1445088360 79
1445088360 79
1445088360 79
1445088361 79
1445088361 79
1445088362 79
1445088362 79
1445088362 79
1445088362 79
1445088363 79
1445088363 79
1445088363 79
1445088364 79
1445088364 79
1445088364 79
1445088364 79
1445088365 79
1445088365 79
1445088365 79
1445088365 79
1445088365 79
1445088365 79
1445088365 79
1445088365 79
1445088365 79
1445088365 79
1445088365 79
1445088365 79
1445088365 79
1445088365 79
1445088365 79
1445088365 79
1445088366 79
1445088366 79
1445088366 79
1445088366 79
1445088366 79
1445088366 79
1445088366 62
1445088366 55
1445088366 -1
1445088366 79
1445088366 79
1445088367 79
1445088367 79
1445088368 79
1445088368 79
1445088368 79
1445088368 79
1445088369 79
1445088369 79
1445088369 79
1445088369 79
1445088369 79
1445088370 79
1445088370 79
1445088370 79
1445088370 79
1445088371 79
1445088371 79
1445088371 79
1445088371 79
1445088372 79
1445088372 79
1445088372 79
1445088372 79
1445088372 79
1445088373 79
1445088373 79
1445088373 79
1445088374 79
1445088374 79
1445088374 79
1445088374 79
1445088374 79
1445088375 79
1445088375 79
1445088375 79
1445088375 79
1445088376 79
1445088376 79
1445088376 79
1445088376 79
1445088377 79
1445088377 79
1445088377 79
1445088378 79
1445088378 79
1445088378 79
1445088378 79
1445088378 79
1445088378 79
1445088379 79
1445088379 79
1445088379 79
1445088380 79
1445088381 79
1445088381 79
1445088381 79
1445088381 79
1445088381 79
1445088382 79
1445088382 79
1445088382 79
1445088382 79
1445088383 79
1445088383 79
1445088383 79
1445088383 79
1445088384 79
1445088384 79
1445088384 79
1445088384 79
1445088384 79
1445088384 79
1445088384 79
1445088384 79
1445088384 79
1445088384 79
1445088384 79
1445088384 79
1445088384 79
1445088384 79
1445088384 79
1445088385 79
1445088385 79
1445088385 79
1445088385 79
1445088385 79
1445088386 79
1445088386 79
1445088386 79
1445088386 79
1445088386 79
1445088386 62
1445088386 55
1445088386 -1
1445088386 79
1445088386 79
1445088387 79
1445088387 79
1445088387 79
1445088387 79
1445088387 79
1445088387 79
1445088387 79
1445088387 79
1445088387 79
1445088387 79
1445088387 79
1445088387 79
1445088387 79
1445088387 79
1445088387 79
1445088387 79
1445088388 79
1445088388 79
1445088388 79
1445088389 79
1445088390 79
1445088390 79
1445088390 79
1445088391 79
1445088391 79
1445088391 79
1445088391 79
1445088391 79
1445088391 79
1445088392 79
1445088392 79
1445088393 79
1445088393 79
1445088394 79
1445088394 79
1445088394 79
1445088394 79
1445088394 79
1445088395 79
1445088395 79
1445088395 79
1445088396 79
1445088396 79
1445088397 79
1445088397 79
1445088397 79
1445088398 79
1445088398 79
1445088398 79
1445088398 79
1445088399 79
1445088399 79
1445088399 79
1445088400 79
1445088400 79
1445088400 79
1445088401 79
1445088401 79
1445088401 79
1445088401 79
1445088402 79
1445088402 79
1445088403 79
1445088403 79
1445088403 79
1445088403 79
1445088403 79
1445088404 79
1445088404 79
1445088404 79
1445088405 79
1445088406 79
1445088406 79
1445088406 79
1445088406 79
1445088406 79
1445088406 79
1445088407 79
1445088407 79
1445088407 79
1445088408 79
1445088408 79
1445088409 79
1445088409 79
1445088409 79
1445088409 79
1445088409 79
1445088410 79
1445088410 79
1445088410 79
1445088411 79
1445088411 79
1445088411 79
1445088412 79
1445088412 79
1445088412 79
1445088412 79
1445088413 79
1445088413 79
1445088413 79
1445088413 79
1445088413 79
1445088413 79
1445088414 79
1445088414 79
1445088415 79
1445088415 79
1445088415 79
1445088415 79
1445088415 79
1445088415 79
1445088416 79
1445088416 79
1445088417 79
1445088417 79
1445088417 79
1445088418 79
1445088418 79
1445088418 79
1445088418 79
1445088418 79
1445088418 79
1445088419 79
1445088419 79
1445088420 79
1445088420 79
1445088421 79
1445088421 79
1445088421 79
1445088421 79
1445088422 79
1445088422 79
1445088422 79
1445088422 79
1445088423 79
1445088423 79
1445088424 79
1445088424 79
1445088424 79
1445088424 79
1445088424 79
1445088425 79
1445088425 79
1445088425 79
1445088426 79
1445088426 79
1445088426 79
1445088426 79
1445088427 79
1445088427 79
1445088427 79
1445088427 79
1445088428 79
1445088428 79
1445088428 79
1445088428 79
1445088428 79
1445088428 79
1445088428 79
1445088428 79
1445088428 79
1445088428 79
1445088428 79
1445088428 79
1445088428 79
1445088428 79
1445088428 79
1445088428 79
1445088428 79
1445088428 79
1445088428 79
1445088428 79
1445088428 79
1445088428 79
1445088428 79
1445088428 79
1445088429 79
1445088429 79
1445088429 79
1445088429 79
1445088429 79
1445088430 79
1445088430 5
1445088430 79
1445088430 79
1445088430 79
1445088430 79
1445088430 79
1445088430 79
1445088430 79
1445088430 79
1445088430 79
1445088430 79
1445088431 79
1445088431 79
1445088431 79
1445088431 79
1445088431 79
1445088431 5
1445088431 79
1445088431 79
1445088431 79
1445088431 79
1445088431 79
1445088431 79
1445088431 10
1445088431 57
1445088431 59
1445088431 53
1445088431 60
1445088431 56
1445088431 40
1445088431 43
1445088431 26
1445088431 20
1445088431 24
1445088431 33
1445088431 5
1445088431 79
1445088431 79
1445088431 79
1445088431 79
1445088431 79
1445088431 79
1445088432 79
1445088432 79
1445088432 79
1445088432 79
1445088433 79
1445088433 79
1445088433 79
1445088433 10
1445088433 57
1445088433 59
1445088433 53
1445088433 60
1445088433 56
1445088433 40
1445088433 43
1445088433 26
1445088433 20
1445088433 24
1445088433 33
1445088434 79
1445088434 79
1445088434 79
1445088434 79
1445088435 79
1445088435 10
1445088435 57
1445088435 59
1445088435 53
1445088435 60
1445088435 56
1445088435 40
1445088435 43
1445088435 26
1445088435 20
1445088435 24
1445088435 33
1445088435 79
1445088435 79
1445088435 79
1445088436 79
1445088437 79
1445088437 79
1445088437 79
1445088438 79
1445088438 79
1445088438 79
1445088439 79
1445088439 79
1445088440 79
1445088440 79
1445088440 79
1445088441 79
1445088441 79
1445088441 79
1445088442 79
1445088442 79
1445088443 79
1445088443 79
1445088443 79
1445088444 79
1445088444 79
1445088444 79
1445088445 79
1445088445 79
1445088446 79
1445088446 79
1445088446 79
1445088447 79
1445088447 79
1445088447 79
1445088448 79
1445088448 79
1445088449 79
1445088449 79
1445088449 79
1445088450 79
1445088450 79
1445088450 79
1445088451 79
1445088451 79
1445088451 79
1445088451 79
1445088451 79
1445088451 79
1445088452 79
1445088452 79
1445088452 79
1445088452 79
1445088452 79
1445088452 79
1445088452 79
1445088452 79
1445088452 79
1445088452 79
1445088452 79
1445088452 79
1445088452 79
1445088452 79
1445088452 79
1445088452 79
1445088452 79
1445088453 79
1445088453 79
1445088453 79
1445088453 79
1445088453 79
1445088453 79
1445088453 79
1445088453 79
1445088453 62
1445088453 55
1445088453 -1
1445088453 79
1445088453 62
1445088453 55
1445088453 -1
1445088453 79
1445088453 79
1445088453 79
1445088453 79
1445088453 79
1445088453 79
1445088453 79
1445088453 79
1445088453 79
1445088453 79
1445088453 79
1445088453 79
1445088454 79
1445088454 79
1445088454 79
1445088454 79
1445088454 79
1445088454 79
1445088454 79
1445088454 79
1445088454 79
1445088454 79
1445088454 79
1445088454 79
1445088454 79
1445088454 79
1445088454 79
1445088454 79
1445088454 79
1445088454 79
1445088454 79
1445088454 79
1445088454 79
1445088455 79
1445088455 79
1445088455 79
1445088455 79
1445088455 79
1445088455 79
1445088455 79
1445088455 79
1445088455 79
1445088455 79
1445088456 79
1445088456 79
1445088456 79
1445088456 79
1445088456 62
1445088456 55
1445088456 -1
1445088456 79
1445088456 79
1445088457 79
1445088457 79
1445088457 79
1445088457 79
1445088458 79
1445088458 79
1445088458 79
1445088458 79
1445088458 79
1445088458 79
1445088458 79
1445088458 79
1445088458 79
1445088458 79
1445088458 79
1445088458 79
1445088458 79
1445088458 79
1445088459 79
1445088459 79
1445088459 79
1445088459 79
1445088460 79
1445088461 79
1445088462 79
1445088462 79
1445088462 79
1445088463 79
1445088463 79
1445088463 79
1445088463 79
1445088463 79
1445088463 79
1445088463 79
1445088463 79
1445088464 79
1445088464 79
1445088464 79
1445088464 79
1445088464 79
1445088465 79
1445088465 79
1445088465 79
1445088465 79
1445088465 79
1445088465 62
1445088465 55
1445088465 -1
1445088465 79
1445088465 79
1445088465 79
1445088465 79
1445088465 79
1445088465 79
1445088465 79
1445088465 79
1445088465 79
1445088465 79
1445088465 79
1445088465 79
1445088465 79
1445088465 79
1445088466 79
1445088466 79
1445088466 79
1445088467 79
1445088467 79
1445088467 79
1445088467 79
1445088468 79
1445088468 79
1445088468 79
1445088469 79
1445088469 79
1445088470 79
1445088471 79
1445088471 79
1445088471 79
1445088472 79
1445088472 79
1445088473 79
1445088474 79
1445088474 79
1445088474 79
1445088475 79
1445088475 79
1445088476 79
1445088477 79
1445088477 79
1445088477 79
1445088478 79
1445088478 79
1445088478 79
1445088479 79
1445088480 79
1445088480 79
1445088480 79
1445088480 79
1445088480 79
1445088480 79
1445088481 79
1445088481 79
1445088481 79
1445088482 79
1445088483 79
1445088483 79
1445088483 79
1445088484 79
1445088484 79
1445088484 79
1445088485 79
1445088486 79
1445088486 79
1445088486 79
1445088487 79
1445088487 79
1445088487 79
1445088488 79
1445088489 79
1445088489 79
1445088489 79
1445088490 79
1445088490 79
1445088490 79
1445088491 79
1445088492 79
1445088492 79
1445088492 79
1445088493 79
1445088493 79
1445088493 79
1445088494 79
1445088495 79
1445088495 79
1445088495 79
1445088495 79
1445088495 79
1445088495 79
1445088495 79
1445088495 79
1445088495 79
1445088495 79
1445088495 79
1445088495 79
1445088495 79
1445088495 79
1445088495 79
1445088495 79
1445088495 79
1445088496 79
1445088496 79
1445088496 79
1445088497 79
1445088497 79
1445088497 79
1445088497 79
1445088497 79
1445088497 79
1445088497 79
1445088497 79
1445088497 79
1445088497 79
1445088497 79
1445088497 79
1445088497 79
1445088497 79
1445088497 79
1445088497 79
1445088498 79
1445088498 79
1445088498 79
1445088498 79
1445088498 79
1445088498 79
1445088499 79
1445088499 79
1445088499 79
1445088500 79
1445088501 79
1445088501 79
1445088501 79
1445088502 79
1445088502 79
1445088502 79
1445088503 79
1445088503 79
1445088504 79
1445088504 79
1445088504 79
1445088505 79
1445088505 79
1445088505 79
1445088506 79
1445088506 79
1445088506 79
1445088506 79
1445088507 79
1445088507 79
1445088507 79
1445088507 79
1445088508 79
1445088508 79
1445088508 79
1445088508 79
1445088508 79
1445088508 79
1445088509 79
1445088509 79
1445088510 79
1445088510 79
1445088510 79
1445088510 79
1445088511 79
1445088511 79
1445088511 79
1445088512 79
1445088512 79
1445088513 79
1445088513 79
1445088513 79
1445088514 79
1445088514 79
1445088514 79
1445088514 79
1445088515 79
1445088515 79
1445088516 79
1445088516 79
1445088517 79
1445088517 79
1445088517 79
1445088517 79
1445088517 79
1445088518 79
1445088518 79
1445088518 79
1445088519 79
1445088519 79
1445088520 79
1445088520 79
1445088520 79
1445088520 79
1445088521 79
1445088521 79
1445088522 79
1445088522 79
1445088522 79
1445088523 79
1445088523 79
1445088523 79
1445088523 79
1445088524 79
1445088524 79
1445088525 79
1445088525 79
1445088526 79
1445088526 79
1445088526 79
1445088526 79
1445088526 79
1445088527 79
1445088527 79
1445088528 79
1445088528 79
1445088529 79
1445088529 79
1445088529 79
1445088529 79
1445088529 79
1445088530 79
1445088530 79
1445088531 79
1445088531 79
1445088532 79
1445088532 79
1445088532 79
1445088532 79
1445088533 79
1445088533 79
1445088534 79
1445088535 79
1445088535 79
1445088535 79
1445088535 79
1445088535 79
1445088536 79
1445088536 79
1445088537 79
1445088537 79
1445088538 79
1445088538 79
1445088538 79
1445088538 79
1445088538 79
1445088539 79
1445088539 79
1445088540 79
1445088541 79
1445088541 79
1445088541 79
1445088541 79
1445088541 79
1445088541 79
1445088541 79
1445088541 79
1445088541 79
1445088541 79
1445088541 79
1445088541 79
1445088541 79
1445088541 79
1445088541 79
1445088541 79
1445088541 79
1445088541 79
1445088541 79
1445088541 79
1445088541 79
1445088541 79
1445088541 79
1445088541 79
1445088541 79
1445088542 79
1445088542 79
1445088542 79
1445088542 79
1445088542 79
1445088542 79
1445088542 79
1445088542 79
1445088542 79
1445088542 79
1445088542 79
1445088542 79
1445088542 79
1445088542 79
1445088542 79
1445088542 79
1445088542 79
1445088542 62
1445088542 55
1445088542 -1
1445088543 79
1445088543 79
1445088543 79
1445088543 79
1445088543 79
1445088543 79
1445088543 79
1445088543 79
1445088543 79
1445088543 79
1445088543 79
1445088543 79
1445088544 79
1445088544 79
1445088544 79
1445088545 79
1445088545 79
1445088545 79
1445088545 79
1445088545 62
1445088545 55
1445088545 -1
1445088545 79
1445088545 79
1445088545 79
1445088545 79
1445088545 79
1445088545 79
1445088545 79
1445088545 79
1445088545 79
1445088545 79
1445088545 79
1445088545 79
1445088545 79
1445088545 79
1445088545 79
1445088545 79
1445088545 79
1445088546 79
1445088546 79
1445088546 79
1445088547 79
1445088547 79
1445088547 79
1445088548 79
1445088548 79
1445088549 79
1445088549 79
1445088549 79
1445088550 79
1445088550 79
1445088550 79
1445088550 79
1445088550 79
1445088550 79
1445088550 79
1445088550 79
1445088551 79
1445088551 79
1445088551 79
1445088551 79
1445088551 79
1445088551 79
1445088551 79
1445088552 79
1445088552 79
1445088552 79
1445088552 79
1445088552 62
1445088552 55
1445088552 -1
1445088553 79
1445088553 79
1445088553 79
1445088554 79
1445088554 79
1445088554 79
1445088554 79
1445088554 79
1445088555 79
1445088556 79
1445088556 79
1445088556 79
1445088557 79
1445088557 79
1445088557 79
1445088557 79
1445088557 79
1445088557 79
1445088557 79
1445088557 79
1445088557 79
1445088557 79
1445088558 79
1445088558 79
1445088558 79
1445088559 79
1445088559 79
1445088560 79
1445088560 79
1445088560 79
1445088560 79
1445088561 79
1445088561 79
1445088562 79
1445088562 79
1445088563 79
1445088563 79
1445088563 79
1445088564 79
1445088564 79
1445088565 79
1445088565 79
1445088565 79
1445088566 79
1445088566 79
1445088566 79
1445088566 79
1445088566 79
1445088566 79
1445088566 79
1445088566 79
1445088566 79
1445088566 79
1445088566 79
1445088566 79
1445088566 79
1445088566 79
1445088566 79
1445088566 79
1445088567 79
1445088567 79
1445088567 79
1445088567 79
1445088568 79
1445088568 79
1445088568 79
1445088568 79
1445088568 79
1445088569 79
1445088569 79
1445088569 79
1445088569 79
1445088569 79
1445088569 79
1445088570 79
1445088571 79
1445088571 79
1445088571 79
1445088572 79
1445088572 79
1445088572 79
1445088572 79
1445088573 79
1445088574 79
1445088574 79
1445088574 79
1445088575 79
1445088575 79
1445088575 79
1445088576 79
1445088576 79
1445088576 79
1445088577 79
1445088577 79
1445088578 79
1445088578 79
1445088578 79
1445088578 79
1445088579 79
1445088580 79
1445088580 79
1445088581 79
1445088581 79
1445088581 79
1445088582 79
1445088582 79
1445088582 79
1445088583 79
1445088583 79
1445088583 79
1445088584 79
1445088584 79
1445088584 79
1445088585 79
1445088585 79
1445088585 79
1445088586 79
1445088586 79
1445088586 79
1445088587 79
1445088587 79
1445088587 79
1445088588 79
1445088588 79
1445088588 79
1445088589 79
1445088589 79
1445088589 79
1445088590 79
1445088590 79
1445088590 79
1445088591 79
1445088591 79
1445088591 79
1445088591 79
1445088592 79
1445088592 79
1445088592 79
1445088593 79
1445088593 79
1445088594 79
1445088594 79
1445088594 79
1445088594 79
1445088595 79
1445088595 79
1445088595 79
1445088595 79
1445088595 79
1445088595 79
1445088595 79
1445088595 79
1445088595 79
1445088595 79
1445088595 79
1445088595 79
1445088595 79
1445088596 79
1445088596 79
1445088596 79
1445088596 79
1445088596 62
1445088596 55
1445088596 -1
1445088596 79
1445088597 79
1445088597 79
1445088597 79
1445088597 79
1445088598 79
1445088598 79
1445088598 79
1445088599 79
1445088599 79
1445088600 79
1445088600 79
1445088600 79
1445088600 79
1445088601 79
1445088601 79
1445088602 79
1445088602 79
1445088602 79
1445088602 79
1445088603 79
1445088603 79
1445088604 79
1445088604 79
1445088604 79
1445088605 79
1445088605 79
1445088606 79
1445088606 79
1445088606 79
1445088606 79
1445088607 79
1445088607 79
1445088608 79
1445088608 79
1445088609 79
1445088609 79
1445088609 79
1445088609 79
1445088610 79
1445088610 79
1445088610 79
1445088611 79
1445088611 79
1445088612 79
1445088612 79
1445088612 79
1445088613 79
1445088613 79
1445088614 79
1445088614 79
1445088614 79
1445088615 79
1445088615 79
1445088615 79
1445088616 79
1445088616 79
1445088617 79
1445088617 79
1445088617 79
1445088617 79
1445088618 79
1445088618 79
1445088618 79
1445088619 79
1445088619 79
1445088620 79
1445088620 79
1445088621 79
1445088621 79
1445088621 79
1445088621 79
1445088622 79
1445088622 79
1445088622 79
1445088623 79
1445088623 79
1445088624 79
1445088624 79
1445088625 79
1445088625 79
1445088625 79
1445088625 79
1445088626 79
1445088626 79
1445088626 79
1445088627 79
1445088627 79
1445088628 79
1445088628 79
1445088628 79
1445088629 79
1445088629 79
1445088629 79
1445088629 79
1445088630 79
1445088630 79
1445088631 79
1445088631 79
1445088632 79
1445088632 79
1445088632 79
1445088632 79
1445088633 79
1445088633 79
1445088634 79
1445088634 79
1445088635 79
1445088635 79
1445088636 79
1445088636 79
1445088636 79
1445088636 79
1445088636 79
1445088637 79
1445088637 79
1445088637 79
1445088638 79
1445088638 79
1445088639 79
1445088639 79
1445088640 79
1445088640 79
1445088640 79
1445088640 79
1445088640 79
1445088641 79
1445088641 79
1445088642 79
1445088643 79
1445088643 79
1445088643 79
1445088643 79
1445088644 79
1445088644 79
1445088644 79
1445088644 79
1445088645 79
1445088646 79
1445088646 79
1445088646 79
1445088647 79
1445088647 79
1445088647 79
1445088647 79
1445088647 79
1445088647 79
1445088647 79
1445088647 79
1445088648 79
1445088648 79
1445088648 79
1445088648 79
1445088648 79
1445088648 79
1445088648 79
1445088648 79
1445088648 79
1445088648 79
1445088648 79
1445088649 79
1445088650 79
1445088650 79
1445088651 79
1445088651 79
1445088651 79
1445088652 79
1445088652 79
1445088652 79
1445088653 79
1445088653 79
1445088654 79
1445088655 79
1445088655 79
1445088655 79
1445088655 79
1445088655 79
1445088656 79
1445088656 79
1445088657 79
1445088658 79
1445088658 79
1445088659 79
1445088659 79
1445088659 79
1445088659 79
1445088659 79
1445088660 79
1445088661 79
1445088661 79
1445088662 79
1445088662 79
1445088662 79
1445088662 79
1445088663 79
1445088663 79
1445088664 79
1445088664 79
1445088665 79
1445088665 79
1445088666 79
1445088666 79
1445088666 79
1445088667 79
1445088667 79
1445088667 79
1445088667 79
1445088667 79
1445088667 79
1445088667 79
1445088667 79
1445088667 79
1445088667 79
1445088667 79
1445088667 79
1445088667 79
1445088667 79
1445088667 79
1445088667 79
1445088667 79
1445088667 79
1445088667 79
1445088667 79
1445088667 79
1445088667 5
1445088667 79
1445088668 79
1445088668 79
1445088668 79
1445088668 79
1445088668 62
1445088668 55
1445088668 -1
1445088669 79
1445088669 10
1445088669 57
1445088669 59
1445088669 53
1445088669 60
1445088669 56
1445088669 40
1445088669 43
1445088669 26
1445088669 20
1445088669 24
1445088669 33
1445088669 79
1445088669 79
1445088669 79
1445088669 79
1445088669 62
1445088669 55
1445088669 -1
1445088670 79
1445088670 79
1445088670 79
1445088671 79
1445088671 79
1445088672 79
1445088673 79
1445088673 79
1445088673 79
1445088674 79
1445088674 79
1445088675 79
1445088676 79
1445088676 79
1445088677 79
1445088677 79
1445088678 79
1445088678 79
1445088679 79
1445088679 79
1445088680 79
1445088680 79
1445088681 79
1445088681 79
1445088682 79
1445088683 79
1445088684 79
1445088685 79
1445088685 79
1445088686 79
1445088686 79
1445088687 79
1445088688 79
1445088689 79
1445088690 79
1445088690 79
1445088691 79
1445088691 79
1445088692 79
1445088692 79
1445088693 79
1445088694 79
1445088694 79
1445088695 79
1445088695 79
1445088696 79
1445088696 79
1445088698 79
1445088698 79
1445088698 79
1445088699 79
1445088700 79
1445088700 79
1445088701 79
1445088701 79
1445088701 79
1445088702 79
1445088703 79
1445088704 79
1445088704 79
1445088704 79
1445088704 79
1445088705 79
1445088706 79
1445088707 79
1445088707 79
1445088708 79
1445088708 79
1445088708 79
1445088709 79
1445088710 79
1445088710 79
1445088711 79
1445088712 79
1445088713 79
1445088713 79
1445088713 79
1445088714 79
1445088715 79
1445088715 79
1445088716 79
1445088716 79
1445088717 79
1445088717 79
1445088718 79
1445088718 79
1445088719 79
1445088719 79
1445088720 79
1445088721 79
1445088721 79
1445088722 79
1445088722 79
1445088723 79
1445088724 79
1445088725 79
1445088725 79
1445088725 79
1445088726 79
1445088727 79
1445088728 79
1445088728 79
1445088728 79
1445088729 79
1445088730 79
1445088731 79
1445088731 79
1445088731 79
1445088732 79
1445088733 79
1445088734 79
1445088734 79
1445088735 79
1445088735 79
1445088736 79
1445088737 79
1445088738 79
1445088739 79
1445088739 79
1445088740 79
1445088741 79
1445088741 79
1445088742 79
1445088742 79
1445088743 79
1445088744 79
1445088744 79
1445088744 79
1445088745 79
1445088745 79
1445088745 79
1445088746 79
1445088747 79
1445088747 79
1445088748 79
1445088748 79
1445088749 79
1445088749 79
1445088750 79
1445088750 79
1445088751 79
1445088752 79
1445088752 79
1445088753 79
1445088753 79
1445088753 79
1445088754 79
1445088755 79
1445088755 79
1445088756 79
1445088756 79
1445088756 79
1445088757 79
1445088758 79
1445088759 79
1445088759 79
1445088759 79
1445088759 79
1445088760 79
1445088761 79
1445088762 79
1445088762 79
1445088762 79
1445088762 79
1445088762 79
1445088763 79
1445088764 79
1445088765 79
1445088765 79
1445088765 79
1445088766 79
1445088766 79
1445088767 79
1445088768 79
1445088768 79
1445088769 79
1445088769 79
1445088769 79
1445088770 79
1445088771 79
1445088771 79
1445088772 79
1445088772 79
1445088772 79
1445088773 79
1445088774 79
1445088774 79
1445088775 79
1445088776 79
1445088776 79
1445088776 79
1445088777 79
1445088777 79
1445088779 79
1445088779 79
1445088779 79
1445088780 79
1445088780 79
1445088781 79
1445088782 79
1445088782 79
1445088782 79
1445088783 79
1445088783 79
1445088784 79
1445088785 79
1445088785 79
1445088786 79
1445088786 79
1445088786 79
1445088787 79
1445088788 79
1445088789 79
1445088789 79
1445088789 79
1445088789 79
1445088790 79
1445088791 79
1445088792 79
1445088792 79
1445088792 79
1445088793 79
1445088793 79
1445088794 79
1445088795 79
1445088795 79
1445088796 79
1445088796 79
1445088796 79
1445088797 79
1445088798 79
1445088798 79
1445088799 79
1445088799 79
1445088800 79
1445088800 79
1445088801 79
1445088801 79
1445088802 79
1445088802 79
1445088803 79
1445088803 79
1445088804 79
1445088804 79
1445088805 79
1445088805 79
1445088806 79
1445088806 79
1445088807 79
1445088807 79
1445088808 79
1445088808 79
1445088809 79
1445088810 79
1445088810 79
1445088810 79
1445088811 79
1445088812 79
1445088812 79
1445088813 79
1445088813 79
1445088813 79
1445088814 79
1445088815 79
1445088815 79
1445088816 79
1445088816 79
1445088817 79
1445088817 79
1445088818 79
1445088818 79
1445088819 79
1445088819 79
1445088820 79
1445088820 79
1445088821 79
1445088821 79
1445088822 79
1445088822 79
1445088823 79
1445088824 79
1445088824 79
1445088824 79
1445088825 79
1445088825 79
1445088826 79
1445088827 79
1445088827 79
1445088827 79
1445088828 79
1445088828 79
1445088829 79
1445088830 79
1445088830 79
1445088831 79
1445088831 79
1445088831 79
1445088832 79
1445088833 79
1445088834 79
1445088834 79
1445088834 79
1445088835 79
1445088835 79
1445088836 79
1445088837 79
1445088837 79
1445088837 79
1445088838 79
1445088838 79
1445088839 79
1445088840 79
1445088840 79
1445088840 79
1445088841 79
1445088841 79
1445088842 79
1445088843 79
1445088843 79
1445088844 79
1445088844 79
1445088845 79
1445088846 79
1445088846 79
1445088847 79
1445088847 79
1445088847 79
1445088848 79
1445088849 79
1445088849 79
1445088850 79
1445088850 79
1445088850 79
1445088850 79
1445088850 79
1445088850 79
1445088850 79
1445088850 79
1445088850 79
1445088850 79
1445088850 79
1445088850 79
1445088850 79
1445088850 79
1445088850 79
1445088850 79
1445088850 79
1445088850 79
1445088850 79
1445088850 5
1445088850 79
1445088850 79
1445088850 10
1445088850 57
1445088850 59
1445088850 53
1445088850 60
1445088850 56
1445088850 40
1445088850 43
1445088850 26
1445088850 20
1445088850 24
1445088850 33
1445088851 79
1445088851 79
1445088851 79
1445088851 79
1445088851 79
1445088851 62
1445088851 55
1445088851 -1
1445088852 79
1445088852 79
1445088852 79
1445088852 79
1445088852 62
1445088852 55
1445088852 -1
1445088853 79
1445088853 79
1445088854 79
1445088855 79
1445088856 79
1445088856 79
1445088857 79
1445088858 79
1445088859 79
1445088859 79
1445088860 79
1445088861 79
1445088862 79
1445088862 79
1445088863 79
1445088864 79
1445088865 79
1445088865 79
1445088866 79
1445088867 79
1445088868 79
1445088868 79
1445088869 79
1445088870 79
1445088871 79
1445088872 79
1445088873 79
1445088874 79
1445088874 79
1445088875 79
1445088876 79
1445088877 79
1445088877 79
1445088878 79
1445088879 79
1445088880 79
1445088881 79
1445088881 79
1445088882 79
1445088884 79
1445088884 79
1445088885 79
1445088886 79
1445088887 79
1445088887 79
1445088888 79
1445088889 79
1445088890 79
1445088890 79
1445088891 79
1445088892 79
1445088893 79
1445088893 79
1445088894 79
1445088896 79
1445088896 79
1445088897 79
1445088898 79
1445088899 79
1445088899 79
1445088900 79
1445088901 79
1445088902 79
1445088903 79
1445088904 79
1445088905 79
1445088906 79
1445088906 79
1445088907 79
1445088908 79
1445088909 79
1445088909 79
1445088910 79
1445088911 79
1445088912 79
1445088913 79
1445088914 79
1445088915 79
1445088915 79
1445088916 79
1445088916 79
1445088918 79
1445088921 79
1445088924 79
1445088928 79
1445088931 79
1445088934 79
1445088937 79
1445088940 79
1445088943 79
1445088946 79
1445088949 79
1445088952 79
1445088955 79
1445088958 79
1445088961 79
1445088964 79
1445088967 79
1445088970 79
1445088973 79
1445088976 79
1445088979 79
1445088982 79
1445088985 79
1445088988 79
1445088991 79
1445088994 79
1445088997 79
1445089000 79
1445089002 79
1445089003 79
1445089006 79
1445089009 79
1445089012 79
1445089015 79
1445089018 79
1445089021 79
1445089024 79
1445089027 79
1445089030 79
1445089033 79
1445089036 79
1445089039 79
1445089042 79
1445089045 79
1445089048 79
1445089051 79
1445089054 79
1445089057 79
1445089060 79
1445089064 79
1445089067 79
1445089070 79
1445089073 79
1445089076 79
1445089079 79
1445089082 79
1445089085 79
1445089088 79
1445089091 79
1445089094 79
1445089097 79
1445089100 79
1445089103 79
1445089106 79
1445089109 79
1445089112 79
1445089115 79
1445089118 79
1445089121 79
1445089124 79
1445089127 79
1445089130 79
1445089133 79
1445089136 79
1445089139 79
1445089142 79
1445089145 79
1445089148 79
1445089151 79
1445089154 79
1445089157 79
1445089160 79
1445089163 79
1445089166 79
1445089169 79
1445089172 79
1445089175 79
1445089178 79
1445089181 79
1445089185 79
1445089188 79
1445089191 79
1445089194 79
1445089197 79
1445089200 79
1445089203 79
1445089206 79
1445089209 79
1445089212 79
1445089215 79
1445089218 79
1445089221 79
1445089224 79
1445089227 79
1445089230 79
1445089233 79
1445089236 79
1445089239 79
1445089242 79
1445089245 79
1445089248 79
1445089251 79
1445089254 79
1445089285 8
1445089285 6
1445089285 1
1445089285 68
1445089285 67
1445089285 73
1445089285 65
1445089285 44
1445089285 38
1445089285 45
1445089285 45
1445089285 23
1445089285 48
1445089285 34
1445089285 70
1445089285 66
1445089285 71
1445089285 29
1445089285 31
1445089285 48
1445089285 49
1445089285 37
1445089285 42
1445089285 52
1445089285 30
1445089285 75
1445089285 12
1445089285 36
1445089285 61
1445089285 47
1445089285 39
1445089285 39
1445089285 27
1445089285 21
1445089285 28
1445089285 46
1445089285 45
1445089285 -1
1445089286 8
1445089286 6
1445089286 1
1445089286 68
1445089286 67
1445089286 73
1445089286 65
1445089286 44
1445089286 38
1445089286 45
1445089286 45
1445089286 23
1445089286 48
1445089286 34
1445089286 70
1445089286 66
1445089286 71
1445089286 29
1445089286 31
1445089286 48
1445089286 49
1445089286 37
1445089286 42
1445089286 52
1445089286 30
1445089286 75
1445089286 12
1445089286 36
1445089286 61
1445089286 47
1445089286 39
1445089286 39
1445089286 27
1445089286 21
1445089286 28
1445089286 46
1445089286 45
1445089286 -1
1445089287 8
1445089287 6
1445089287 1
1445089287 68
1445089287 67
1445089287 73
1445089287 65
1445089287 44
1445089287 38
1445089287 45
1445089287 45
1445089287 23
1445089287 48
1445089287 34
1445089287 70
1445089287 66
1445089287 71
1445089287 29
1445089287 31
1445089287 48
1445089287 49
1445089287 37
1445089287 42
1445089287 52
1445089287 30
1445089287 75
1445089287 12
1445089287 36
1445089287 61
1445089287 47
1445089287 39
1445089287 39
1445089287 27
1445089287 21
1445089287 28
1445089287 46
1445089287 45
1445089287 -1
1445089288 8
1445089288 6
1445089288 1
1445089288 68
1445089288 67
1445089288 73
1445089288 65
1445089288 44
1445089288 38
1445089288 45
1445089288 45
1445089288 23
1445089288 48
1445089288 34
1445089288 70
1445089288 66
1445089288 71
1445089288 29
1445089288 31
1445089288 48
1445089288 49
1445089288 37
1445089288 42
1445089288 52
1445089288 30
1445089288 75
1445089288 12
1445089288 36
1445089288 61
1445089288 47
1445089288 39
1445089288 39
1445089288 27
1445089288 21
1445089288 28
1445089288 46
1445089288 45
1445089288 -1
1445089289 8
1445089289 6
1445089289 1
1445089289 68
1445089289 67
1445089289 73
1445089289 65
1445089289 44
1445089289 38
1445089289 45
1445089289 45
1445089289 23
1445089289 48
1445089289 34
1445089289 70
1445089289 66
1445089289 71
1445089289 29
1445089289 31
1445089289 48
1445089289 49
1445089289 37
1445089289 42
1445089289 52
1445089289 30
1445089289 75
1445089289 12
1445089289 36
1445089289 61
1445089289 47
1445089289 39
1445089289 39
1445089289 27
1445089289 21
1445089289 28
1445089289 46
1445089289 45
1445089289 -1
1445089290 8
1445089290 6
1445089290 1
1445089290 68
1445089290 67
1445089290 73
1445089290 65
1445089290 44
1445089290 38
1445089290 45
1445089290 45
1445089290 23
1445089290 48
1445089290 34
1445089290 70
1445089290 66
1445089290 71
1445089290 29
1445089290 31
1445089290 48
1445089290 49
1445089290 37
1445089290 42
1445089290 52
1445089290 30
1445089290 75
1445089290 12
1445089290 36
1445089290 61
1445089290 47
1445089290 39
1445089290 39
1445089290 27
1445089290 21
1445089290 28
1445089290 46
1445089290 45
1445089290 -1
1445089291 8
1445089291 6
1445089291 1
1445089291 68
1445089291 67
1445089291 73
1445089291 65
1445089291 44
1445089291 38
1445089291 45
1445089291 45
1445089291 23
1445089291 48
1445089291 34
1445089291 70
1445089291 66
1445089291 71
1445089291 29
1445089291 31
1445089291 48
1445089291 49
1445089291 37
1445089291 42
1445089291 52
1445089291 30
1445089291 75
1445089291 12
1445089291 36
1445089291 61
1445089291 47
1445089291 39
1445089291 39
1445089291 27
1445089291 21
1445089291 28
1445089291 46
1445089291 45
1445089291 -1
1445089292 8
1445089292 6
1445089292 1
1445089292 68
1445089292 67
1445089292 73
1445089292 65
1445089292 44
1445089292 38
1445089292 45
1445089292 45
1445089292 23
1445089292 48
1445089292 34
1445089292 70
1445089292 66
1445089292 71
1445089292 29
1445089292 31
1445089292 48
1445089292 49
1445089292 37
1445089292 42
1445089292 52
1445089292 30
1445089292 75
1445089292 12
1445089292 36
1445089292 61
1445089292 47
1445089292 39
1445089292 39
1445089292 27
1445089292 21
1445089292 28
1445089292 46
1445089292 45
1445089292 -1
1445089293 8
1445089293 6
1445089293 1
1445089293 68
1445089293 67
1445089293 73
1445089293 65
1445089293 44
1445089293 38
1445089293 45
1445089293 45
1445089293 23
1445089293 48
1445089293 34
1445089293 70
1445089293 66
1445089293 71
1445089293 29
1445089293 31
1445089293 48
1445089293 49
1445089293 37
1445089293 42
1445089293 52
1445089293 30
1445089293 75
1445089293 12
1445089293 36
1445089293 61
1445089293 47
1445089293 39
1445089293 39
1445089293 27
1445089293 21
1445089293 28
1445089293 46
1445089293 45
1445089293 -1
1445089294 8
1445089294 6
1445089294 1
1445089294 68
1445089294 67
1445089294 73
1445089294 65
1445089294 44
1445089294 38
1445089294 45
1445089294 45
1445089294 23
1445089294 48
1445089294 34
1445089294 70
1445089294 66
1445089294 71
1445089294 29
1445089294 31
1445089294 48
1445089294 49
1445089294 37
1445089294 42
1445089294 52
1445089294 30
1445089294 75
1445089294 12
1445089294 36
1445089294 61
1445089294 47
1445089294 39
1445089294 39
1445089294 27
1445089294 21
1445089294 28
1445089294 46
1445089294 45
1445089294 -1
1445089295 8
1445089295 6
1445089295 1
1445089295 68
1445089295 67
1445089295 73
1445089295 65
1445089295 44
1445089295 38
1445089295 45
1445089295 45
1445089295 23
1445089295 48
1445089295 34
1445089295 70
1445089295 66
1445089295 71
1445089295 29
1445089295 31
1445089295 48
1445089295 49
1445089295 37
1445089295 42
1445089295 52
1445089295 30
1445089295 75
1445089295 12
1445089295 36
1445089295 61
1445089295 47
1445089295 39
1445089295 39
1445089295 27
1445089295 21
1445089295 28
1445089295 46
1445089295 45
1445089295 -1
1445089296 8
1445089296 6
1445089296 1
1445089296 68
1445089296 67
1445089296 73
1445089296 65
1445089296 44
1445089296 38
1445089296 45
1445089296 45
1445089296 23
1445089296 48
1445089296 34
1445089296 70
1445089296 66
1445089296 71
1445089296 29
1445089296 31
1445089296 48
1445089296 49
1445089296 37
1445089296 42
1445089296 52
1445089296 30
1445089296 75
1445089296 12
1445089296 36
1445089296 61
1445089296 47
1445089296 39
1445089296 39
1445089296 27
1445089296 21
1445089296 28
1445089296 46
1445089296 45
1445089296 -1
1445089297 8
1445089297 6
1445089297 1
1445089297 68
1445089297 67
1445089297 73
1445089297 65
1445089297 44
1445089297 38
1445089297 45
1445089297 45
1445089297 23
1445089297 48
1445089297 34
1445089297 70
1445089297 66
1445089297 71
1445089297 29
1445089297 31
1445089297 48
1445089297 49
1445089297 37
1445089297 42
1445089297 52
1445089297 30
1445089297 75
1445089297 12
1445089297 36
1445089297 61
1445089297 47
1445089297 39
1445089297 39
1445089297 27
1445089297 21
1445089297 28
1445089297 46
1445089297 45
1445089297 -1
1445089298 8
1445089298 6
1445089298 1
1445089298 68
1445089298 67
1445089298 73
1445089298 65
1445089298 44
1445089298 38
1445089298 45
1445089298 45
1445089298 23
1445089298 48
1445089298 34
1445089298 70
1445089298 66
1445089298 71
1445089298 29
1445089298 31
1445089298 48
1445089298 49
1445089298 37
1445089298 42
1445089298 52
1445089298 30
1445089298 75
1445089298 12
1445089298 36
1445089298 61
1445089298 47
1445089298 39
1445089298 39
1445089298 27
1445089298 21
1445089298 28
1445089298 46
1445089298 45
1445089298 -1
1445089299 8
1445089299 6
1445089299 1
1445089299 68
1445089299 67
1445089299 73
1445089299 65
1445089299 44
1445089299 38
1445089299 45
1445089299 45
1445089299 23
1445089299 48
1445089299 34
1445089299 70
1445089299 66
1445089299 71
1445089299 29
1445089299 31
1445089299 48
1445089299 49
1445089299 37
1445089299 42
1445089299 52
1445089299 30
1445089299 75
1445089299 12
1445089299 36
1445089299 61
1445089299 47
1445089299 39
1445089299 39
1445089299 27
1445089299 21
1445089299 28
1445089299 46
1445089299 45
1445089299 -1
1445089300 8
1445089300 6
1445089300 1
1445089300 68
1445089300 67
1445089300 73
1445089300 65
1445089300 44
1445089300 38
1445089300 45
1445089300 45
1445089300 23
1445089300 48
1445089300 34
1445089300 70
1445089300 66
1445089300 71
1445089300 29
1445089300 31
1445089300 48
1445089300 49
1445089300 37
1445089300 42
1445089300 52
1445089300 30
1445089300 75
1445089300 12
1445089300 36
1445089300 61
1445089300 47
1445089300 39
1445089300 39
1445089300 27
1445089300 21
1445089300 28
1445089300 46
1445089300 45
1445089300 -1
1445089301 8
1445089301 6
1445089301 1
1445089301 64
1445089301 73
1445089301 65
1445089301 44
1445089301 38
1445089301 45
1445089301 45
1445089301 23
1445089301 48
1445089301 34
1445089301 70
1445089301 66
1445089301 71
1445089301 29
1445089301 31
1445089301 48
1445089301 49
1445089301 37
1445089301 42
1445089301 52
1445089301 30
1445089301 75
1445089301 12
1445089301 36
1445089301 61
1445089301 47
1445089301 39
1445089301 39
1445089301 27
1445089301 21
1445089301 28
1445089301 46
1445089301 45
1445089301 -1
1445089302 8
1445089302 6
1445089302 1
1445089302 64
1445089302 73
1445089302 65
1445089302 44
1445089302 38
1445089302 45
1445089302 45
1445089302 23
1445089302 48
1445089302 34
1445089302 70
1445089302 66
1445089302 71
1445089302 29
1445089302 31
1445089302 48
1445089302 49
1445089302 37
1445089302 42
1445089302 52
1445089302 30
1445089302 75
1445089302 12
1445089302 36
1445089302 61
1445089302 47
1445089302 39
1445089302 39
1445089302 27
1445089302 21
1445089302 28
1445089302 46
1445089302 45
1445089302 -1
1445089302 11
1445089302 2
1445089302 38
1445089302 45
1445089302 45
1445089302 23
1445089302 50
1445089302 13
1445089302 70
1445089302 66
1445089302 71
1445089302 29
1445089302 31
1445089302 50
1445089302 16
1445089302 17
1445089302 18
1445089302 15
1445089302 75
1445089302 9
1445089302 57
1445089302 59
1445089302 53
1445089302 60
1445089302 56
1445089302 22
1445089302 41
1445089302 51
1445089302 51
1445089302 78
1445089302 78
1445089302 25
1445089302 76
1445089302 77
1445089302 74
1445089302 32
1445089302 35
1445089303 8
1445089303 6
1445089303 1
1445089303 64
1445089303 73
1445089303 65
1445089303 44
1445089303 38
1445089303 45
1445089303 45
1445089303 23
1445089303 48
1445089303 34
1445089303 70
1445089303 66
1445089303 71
1445089303 29
1445089303 31
1445089303 48
1445089303 49
1445089303 37
1445089303 42
1445089303 52
1445089303 30
1445089303 75
1445089303 12
1445089303 36
1445089303 61
1445089303 47
1445089303 39
1445089303 39
1445089303 27
1445089303 21
1445089303 28
1445089303 46
1445089303 45
1445089303 -1
1445089303 7
1445089304 8
1445089304 6
1445089304 1
1445089304 64
1445089304 73
1445089304 65
1445089304 44
1445089304 38
1445089304 45
1445089304 45
1445089304 23
1445089304 48
1445089304 34
1445089304 70
1445089304 66
1445089304 71
1445089304 29
1445089304 31
1445089304 48
1445089304 49
1445089304 37
1445089304 42
1445089304 52
1445089304 30
1445089304 75
1445089304 12
1445089304 36
1445089304 61
1445089304 47
1445089304 39
1445089304 39
1445089304 27
1445089304 21
1445089304 28
1445089304 46
1445089304 45
1445089304 -1
1445089304 79
1445089304 11
1445089304 3
1445089304 38
1445089304 45
1445089304 45
1445089304 23
1445089304 50
1445089304 13
1445089304 70
1445089304 66
1445089304 71
1445089304 29
1445089304 31
1445089304 50
1445089304 16
1445089304 17
1445089304 18
1445089304 15
1445089304 75
1445089304 19
1445089304 21
1445089304 28
1445089304 46
1445089304 45
1445089304 -1
1445089304 72
1445089304 58
1445089304 54
1445089304 47
1445089304 39
1445089304 39
1445089304 27
1445089304 21
1445089304 -1
1445089305 8
1445089305 6
1445089305 1
1445089305 64
1445089305 73
1445089305 65
1445089305 44
1445089305 38
1445089305 45
1445089305 45
1445089305 23
1445089305 48
1445089305 34
1445089305 70
1445089305 66
1445089305 71
1445089305 29
1445089305 31
1445089305 48
1445089305 49
1445089305 37
1445089305 42
1445089305 52
1445089305 30
1445089305 75
1445089305 12
1445089305 36
1445089305 61
1445089305 47
1445089305 39
1445089305 39
1445089305 27
1445089305 21
1445089305 28
1445089305 46
1445089305 45
1445089305 -1
1445089305 7
1445089306 8
1445089306 6
1445089306 1
1445089306 64
1445089306 73
1445089306 65
1445089306 44
1445089306 38
1445089306 45
1445089306 45
1445089306 23
1445089306 48
1445089306 34
1445089306 70
1445089306 66
1445089306 71
1445089306 29
1445089306 31
1445089306 48
1445089306 49
1445089306 37
1445089306 42
1445089306 52
1445089306 30
1445089306 75
1445089306 12
1445089306 36
1445089306 61
1445089306 47
1445089306 39
1445089306 39
1445089306 27
1445089306 21
1445089306 28
1445089306 46
1445089306 45
1445089306 -1
1445089306 79
1445089306 11
1445089306 3
1445089306 38
1445089306 45
1445089306 45
1445089306 23
1445089306 50
1445089306 13
1445089306 70
1445089306 66
1445089306 71
1445089306 29
1445089306 31
1445089306 50
1445089306 16
1445089306 17
1445089306 18
1445089306 15
1445089306 75
1445089306 19
1445089306 21
1445089306 28
1445089306 46
1445089306 45
1445089306 -1
1445089306 72
1445089306 58
1445089306 54
1445089306 47
1445089306 39
1445089306 39
1445089306 27
1445089306 21
1445089306 -1
1445089307 8
1445089307 6
1445089307 1
1445089307 64
1445089307 73
1445089307 65
1445089307 44
1445089307 38
1445089307 45
1445089307 45
1445089307 23
1445089307 48
1445089307 34
1445089307 70
1445089307 66
1445089307 71
1445089307 29
1445089307 31
1445089307 48
1445089307 49
1445089307 37
1445089307 42
1445089307 52
1445089307 30
1445089307 75
1445089307 12
1445089307 36
1445089307 61
1445089307 47
1445089307 39
1445089307 39
1445089307 27
1445089307 21
1445089307 28
1445089307 46
1445089307 45
1445089307 -1
1445089307 7
1445089308 8
1445089308 6
1445089308 1
1445089308 64
1445089308 73
1445089308 65
1445089308 44
1445089308 38
1445089308 45
1445089308 45
1445089308 23
1445089308 48
1445089308 34
1445089308 70
1445089308 66
1445089308 71
1445089308 29
1445089308 31
1445089308 48
1445089308 49
1445089308 37
1445089308 42
1445089308 52
1445089308 30
1445089308 75
1445089308 12
1445089308 36
1445089308 61
1445089308 47
1445089308 39
1445089308 39
1445089308 27
1445089308 21
1445089308 28
1445089308 46
1445089308 45
1445089308 -1
1445089308 79
1445089308 11
1445089308 3
1445089308 38
1445089308 45
1445089308 45
1445089308 23
1445089308 50
1445089308 13
1445089308 70
1445089308 66
1445089308 71
1445089308 29
1445089308 31
1445089308 50
1445089308 16
1445089308 17
1445089308 18
1445089308 15
1445089308 75
1445089308 19
1445089308 21
1445089308 28
1445089308 46
1445089308 45
1445089308 -1
1445089308 72
1445089308 58
1445089308 54
1445089308 47
1445089308 39
1445089308 39
1445089308 27
1445089308 21
1445089308 -1
1445089309 8
1445089309 6
1445089309 1
1445089309 64
1445089309 73
1445089309 65
1445089309 44
1445089309 38
1445089309 45
1445089309 45
1445089309 23
1445089309 48
1445089309 34
1445089309 70
1445089309 66
1445089309 71
1445089309 29
1445089309 31
1445089309 48
1445089309 49
1445089309 37
1445089309 42
1445089309 52
1445089309 30
1445089309 75
1445089309 12
1445089309 36
1445089309 61
1445089309 47
1445089309 39
1445089309 39
1445089309 27
1445089309 21
1445089309 28
1445089309 46
1445089309 45
1445089309 -1
1445089309 7
1445089310 8
1445089310 6
1445089310 1
1445089310 64
1445089310 73
1445089310 65
1445089310 44
1445089310 38
1445089310 45
1445089310 45
1445089310 23
1445089310 48
1445089310 34
1445089310 70
1445089310 66
1445089310 71
1445089310 29
1445089310 31
1445089310 48
1445089310 49
1445089310 37
1445089310 42
1445089310 52
1445089310 30
1445089310 75
1445089310 12
1445089310 36
1445089310 61
1445089310 47
1445089310 39
1445089310 39
1445089310 27
1445089310 21
1445089310 28
1445089310 46
1445089310 45
1445089310 -1
1445089310 79
1445089310 11
1445089310 3
1445089310 38
1445089310 45
1445089310 45
1445089310 23
1445089310 50
1445089310 13
1445089310 70
1445089310 66
1445089310 71
1445089310 29
1445089310 31
1445089310 50
1445089310 16
1445089310 17
1445089310 18
1445089310 15
1445089310 75
1445089310 19
1445089310 21
1445089310 28
1445089310 46
1445089310 45
1445089310 -1
1445089310 72
1445089310 58
1445089310 54
1445089310 47
1445089310 39
1445089310 39
1445089310 27
1445089310 21
1445089310 -1
1445089311 8
1445089311 6
1445089311 1
1445089311 64
1445089311 73
1445089311 65
1445089311 44
1445089311 38
1445089311 45
1445089311 45
1445089311 23
1445089311 48
1445089311 34
1445089311 70
1445089311 66
1445089311 71
1445089311 29
1445089311 31
1445089311 48
1445089311 49
1445089311 37
1445089311 42
1445089311 52
1445089311 30
1445089311 75
1445089311 12
1445089311 36
1445089311 61
1445089311 47
1445089311 39
1445089311 39
1445089311 27
1445089311 21
1445089311 28
1445089311 46
1445089311 45
1445089311 -1
1445089311 7
1445089312 8
1445089312 6
1445089312 1
1445089312 64
1445089312 73
1445089312 65
1445089312 44
1445089312 38
1445089312 45
1445089312 45
1445089312 23
1445089312 48
1445089312 34
1445089312 70
1445089312 66
1445089312 71
1445089312 29
1445089312 31
1445089312 48
1445089312 49
1445089312 37
1445089312 42
1445089312 52
1445089312 30
1445089312 75
1445089312 12
1445089312 36
1445089312 61
1445089312 47
1445089312 39
1445089312 39
1445089312 27
1445089312 21
1445089312 28
1445089312 46
1445089312 45
1445089312 -1
1445089312 79
1445089312 11
1445089312 3
1445089312 38
1445089312 45
1445089312 45
1445089312 23
1445089312 50
1445089312 13
1445089312 70
1445089312 66
1445089312 71
1445089312 29
1445089312 31
1445089312 50
1445089312 16
1445089312 17
1445089312 18
1445089312 15
1445089312 75
1445089312 19
1445089312 21
1445089312 28
1445089312 46
1445089312 45
1445089312 -1
1445089312 72
1445089312 58
1445089312 54
1445089312 47
1445089312 39
1445089312 39
1445089312 27
1445089312 21
1445089312 -1
1445089313 8
1445089313 6
1445089313 1
1445089313 64
1445089313 73
1445089313 65
1445089313 44
1445089313 38
1445089313 45
1445089313 45
1445089313 23
1445089313 48
1445089313 34
1445089313 70
1445089313 66
1445089313 71
1445089313 29
1445089313 31
1445089313 48
1445089313 49
1445089313 37
1445089313 42
1445089313 52
1445089313 30
1445089313 75
1445089313 12
1445089313 36
1445089313 61
1445089313 47
1445089313 39
1445089313 39
1445089313 27
1445089313 21
1445089313 28
1445089313 46
1445089313 45
1445089313 -1
