1445088251 35
1445088252 35
1445088252 35
1445088252 35
1445088253 35
1445088253 35
1445088253 35
1445088253 35
1445088253 35
1445088253 35
1445088253 35
1445088253 35
1445088253 35
1445088253 35
1445088253 35
1445088253 35
1445088253 35
1445088253 35
1445088253 35
1445088254 35
1445088254 35
1445088254 35
1445088254 35
1445088254 35
1445088254 35
1445088254 35
1445088254 35
1445088254 35
1445088254 35
1445088254 35
1445088254 35
1445088254 35
1445088254 35
1445088254 35
1445088254 8
1445088254 35
1445088254 35
1445088254 35
1445088254 35
1445088254 35
1445088254 35
1445088254 35
1445088254 64
1445088254 5
1445088255 64
1445088255 35
1445088256 35
1445088256 35
1445088256 35
1445088256 35
1445088256 35
1445088256 35
1445088256 35
1445088256 35
1445088256 35
1445088256 35
1445088256 35
1445088256 35
1445088256 35
1445088256 35
1445088256 35
1445088256 35
1445088256 35
1445088256 35
1445088256 35
1445088256 35
1445088256 35
1445088256 35
1445088256 35
1445088257 35
1445088257 35
1445088257 35
1445088257 35
1445088257 35
1445088257 35
1445088257 35
1445088257 35
1445088257 35
1445088257 35
1445088257 35
1445088257 35
1445088257 35
1445088257 35
1445088257 35
1445088257 35
1445088257 35
1445088257 35
1445088257 35
1445088257 35
1445088257 35
1445088257 35
1445088257 35
1445088257 35
1445088257 35
1445088257 35
1445088257 35
1445088257 35
1445088257 35
1445088257 35
1445088257 35
1445088257 35
1445088257 35
1445088257 35
1445088257 35
1445088257 35
1445088257 35
1445088257 35
1445088257 35
1445088257 35
1445088257 35
1445088257 35
1445088257 35
1445088257 35
1445088257 35
1445088257 35
1445088257 35
1445088257 35
1445088257 35
1445088257 35
1445088257 35
1445088257 35
1445088258 35
1445088258 35
1445088258 35
1445088259 35
1445088259 35
1445088259 35
1445088259 35
1445088259 35
1445088259 35
1445088259 35
1445088259 35
1445088259 35
1445088259 35
1445088259 35
1445088259 35
1445088259 35
1445088259 35
1445088259 35
1445088259 35
1445088259 35
1445088259 35
1445088259 35
1445088259 35
1445088259 35
1445088259 35
1445088259 35
1445088259 35
1445088259 35
1445088259 35
1445088259 35
1445088259 35
1445088259 35
1445088259 35
1445088259 35
1445088259 35
1445088259 35
1445088259 35
1445088259 35
1445088259 35
1445088259 35
1445088259 35
1445088260 35
1445088260 35
1445088260 35
1445088260 35
1445088260 35
1445088260 35
1445088260 35
1445088260 35
1445088260 35
1445088260 35
1445088260 35
1445088260 35
1445088260 35
1445088260 35
1445088260 35
1445088260 35
1445088260 35
1445088260 35
1445088260 35
1445088260 35
1445088260 35
1445088260 35
1445088260 35
1445088260 35
1445088260 35
1445088260 35
1445088260 35
1445088260 35
1445088260 35
1445088261 35
1445088261 35
1445088262 35
1445088262 35
1445088263 35
1445088263 35
1445088264 35
1445088264 35
1445088264 35
1445088264 35
1445088264 35
1445088264 35
1445088264 35
1445088264 35
1445088265 35
1445088265 35
1445088266 35
1445088266 35
1445088267 35
1445088267 35
1445088268 35
1445088268 35
1445088270 35
1445088270 35
1445088271 35
1445088271 35
1445088271 35
1445088271 35
1445088272 35
1445088272 35
1445088273 35
1445088273 35
1445088274 35
1445088274 35
1445088274 35
1445088274 35
1445088275 35
1445088275 35
1445088276 35
1445088276 35
1445088276 35
1445088276 35
1445088276 35
1445088276 35
1445088276 35
1445088276 35
1445088276 35
1445088276 35
1445088276 35
1445088277 35
1445088277 35
1445088277 35
1445088277 35
1445088279 35
1445088279 35
1445088280 35
1445088280 35
1445088281 35
1445088281 35
1445088281 35
1445088281 35
1445088282 35
1445088282 35
1445088283 35
1445088283 35
1445088284 35
1445088284 35
1445088284 35
1445088284 35
1445088285 35
1445088285 35
1445088286 35
1445088286 35
1445088287 35
1445088287 35
1445088287 35
1445088287 35
1445088288 35
1445088288 35
1445088288 35
1445088288 35
1445088288 35
1445088289 35
1445088289 35
1445088290 35
1445088290 35
1445088290 35
1445088290 35
1445088291 35
1445088291 35
1445088291 35
1445088291 35
1445088292 35
1445088292 35
1445088293 35
1445088293 35
1445088293 35
1445088293 35
1445088295 35
1445088295 35
1445088295 35
1445088295 35
1445088296 35
1445088296 35
1445088296 35
1445088296 35
1445088296 35
1445088297 35
1445088297 35
1445088298 35
1445088298 35
1445088299 35
1445088299 35
1445088299 35
1445088299 35
1445088299 35
1445088299 35
1445088299 35
1445088300 35
1445088300 35
1445088301 35
1445088301 35
1445088302 35
1445088302 35
1445088302 35
1445088302 35
1445088302 35
1445088302 35
1445088303 35
1445088303 35
1445088303 35
1445088304 35
1445088304 35
1445088305 35
1445088305 35
1445088305 35
1445088305 35
1445088306 35
1445088306 35
1445088306 35
1445088306 35
1445088307 35
1445088307 35
1445088307 35
1445088308 35
1445088308 35
1445088308 35
1445088308 35
1445088309 35
1445088309 35
1445088309 35
1445088310 35
1445088310 35
1445088310 35
1445088310 35
1445088311 35
1445088311 35
1445088312 35
1445088312 35
1445088313 35
1445088313 35
1445088313 35
1445088313 35
1445088314 35
1445088314 35
1445088314 35
1445088314 35
1445088314 35
1445088315 35
1445088315 35
1445088316 35
1445088316 35
1445088317 35
1445088317 35
1445088317 35
1445088317 35
1445088317 35
1445088317 35
1445088318 35
1445088318 35
1445088318 35
1445088319 35
1445088319 35
1445088320 35
1445088320 35
1445088320 35
1445088320 35
1445088321 35
1445088321 35
1445088321 35
1445088322 35
1445088322 35
1445088322 35
1445088323 35
1445088323 35
1445088323 35
1445088323 35
1445088323 35
1445088323 35
1445088324 35
1445088324 35
1445088325 35
1445088325 35
1445088325 35
1445088326 35
1445088326 35
1445088326 35
1445088326 35
1445088326 35
1445088326 35
1445088327 35
1445088327 35
1445088327 35
1445088328 35
1445088328 35
1445088328 35
1445088329 35
1445088329 35
1445088329 35
1445088330 35
1445088330 35
1445088330 35
1445088331 35
1445088331 35
1445088332 35
1445088332 35
1445088332 35
1445088332 35
1445088332 35
1445088333 35
1445088333 35
1445088333 35
1445088334 35
1445088334 35
1445088334 35
1445088335 35
1445088335 35
1445088335 35
1445088335 35
1445088336 35
1445088336 35
1445088336 35
1445088337 35
1445088337 35
1445088337 35
1445088338 35
1445088338 35
1445088338 35
1445088338 35
1445088338 35
1445088339 35
1445088339 35
1445088340 35
1445088340 35
1445088340 35
1445088341 35
1445088341 35
1445088341 35
1445088341 35
1445088341 35
1445088342 35
1445088342 35
1445088342 35
1445088343 35
1445088343 35
1445088344 35
1445088344 35
1445088344 35
1445088344 35
1445088344 35
1445088345 35
1445088345 35
1445088345 35
1445088346 35
1445088346 35
1445088346 35
1445088347 35
1445088347 35
1445088347 35
1445088347 35
1445088348 35
1445088349 35
1445088349 35
1445088349 35
1445088349 35
1445088350 35
1445088350 35
1445088350 35
1445088350 35
1445088351 35
1445088351 35
1445088351 35
1445088351 35
1445088351 35
1445088351 35
1445088351 35
1445088351 35
1445088351 35
1445088351 35
1445088351 35
1445088351 35
1445088351 35
1445088351 35
1445088351 35
1445088351 35
1445088352 35
1445088352 35
1445088352 35
1445088353 35
1445088353 35
1445088353 35
1445088353 35
1445088353 35
1445088353 35
1445088353 35
1445088353 35
1445088353 35
1445088353 35
1445088353 35
1445088353 35
1445088353 35
1445088353 35
1445088353 35
1445088353 35
1445088353 35
1445088353 35
1445088353 35
1445088353 35
1445088353 35
1445088353 35
1445088353 35
1445088353 35
1445088353 35
1445088353 35
1445088353 35
1445088353 35
1445088353 35
1445088353 35
1445088354 35
1445088354 35
1445088354 35
1445088354 35
1445088354 35
1445088354 35
1445088354 35
1445088354 35
1445088354 35
1445088354 35
1445088354 35
1445088354 35
1445088354 35
1445088354 35
1445088354 35
1445088354 35
1445088355 35
1445088355 35
1445088355 35
1445088355 35
1445088356 35
1445088356 35
1445088356 35
1445088356 35
1445088356 35
1445088356 35
1445088356 35
1445088356 35
1445088357 35
1445088357 35
1445088357 35
1445088357 35
1445088358 35
1445088358 35
1445088358 35
1445088358 35
1445088358 35
1445088358 35
1445088358 35
1445088358 35
1445088358 35
1445088358 35
1445088359 35
1445088359 35
1445088359 35
1445088359 35
1445088359 35
1445088360 35
1445088360 35
1445088360 35
1445088361 35
1445088361 35
1445088362 35
1445088362 35
1445088362 35
1445088362 35
1445088363 35
1445088363 35
1445088363 35
1445088364 35
1445088364 35
1445088364 35
1445088364 35
1445088365 35
1445088365 35
1445088365 35
1445088365 35
1445088365 35
1445088365 35
1445088365 35
1445088365 35
1445088365 35
1445088365 35
1445088365 35
1445088365 35
1445088365 35
1445088365 35
1445088365 35
1445088365 35
1445088366 35
1445088366 35
1445088366 35
1445088366 35
1445088366 35
1445088366 35
1445088366 113
1445088366 119
1445088366 170
1445088366 35
1445088366 35
1445088367 35
1445088367 35
1445088368 35
1445088368 35
1445088368 35
1445088368 35
1445088369 35
1445088369 35
1445088369 35
1445088369 35
1445088369 35
1445088370 35
1445088370 35
1445088370 35
1445088370 35
1445088371 35
1445088371 35
1445088371 35
1445088371 35
1445088372 35
1445088372 35
1445088372 35
1445088372 35
1445088372 35
1445088373 35
1445088373 35
1445088373 35
1445088374 35
1445088374 35
1445088374 35
1445088374 35
1445088374 35
1445088375 35
1445088375 35
1445088375 35
1445088375 35
1445088376 35
1445088376 35
1445088376 35
1445088376 35
1445088377 35
1445088377 35
1445088377 35
1445088378 35
1445088378 35
1445088378 35
1445088378 35
1445088378 35
1445088378 35
1445088379 35
1445088379 35
1445088379 35
1445088380 35
1445088381 35
1445088381 35
1445088381 35
1445088381 35
1445088381 35
1445088382 35
1445088382 35
1445088382 35
1445088382 35
1445088383 35
1445088383 35
1445088383 35
1445088383 35
1445088384 35
1445088384 35
1445088384 35
1445088384 35
1445088384 35
1445088384 35
1445088384 35
1445088384 35
1445088384 35
1445088384 35
1445088384 35
1445088384 35
1445088384 35
1445088384 35
1445088384 35
1445088385 35
1445088385 35
1445088385 35
1445088385 35
1445088385 35
1445088386 35
1445088386 35
1445088386 35
1445088386 35
1445088386 35
1445088386 113
1445088386 119
1445088386 170
1445088386 35
1445088386 35
1445088387 35
1445088387 35
1445088387 35
1445088387 35
1445088387 35
1445088387 35
1445088387 35
1445088387 35
1445088387 35
1445088387 35
1445088387 35
1445088387 35
1445088387 35
1445088387 35
1445088387 35
1445088387 35
1445088388 35
1445088388 35
1445088388 35
1445088389 35
1445088390 35
1445088390 35
1445088390 35
1445088391 35
1445088391 35
1445088391 35
1445088391 35
1445088391 35
1445088391 35
1445088392 35
1445088392 35
1445088393 35
1445088393 35
1445088394 35
1445088394 35
1445088394 35
1445088394 35
1445088394 35
1445088395 35
1445088395 35
1445088395 35
1445088396 35
1445088396 35
1445088397 35
1445088397 35
1445088397 35
1445088398 35
1445088398 35
1445088398 35
1445088398 35
1445088399 35
1445088399 35
1445088399 35
1445088400 35
1445088400 35
1445088400 35
1445088401 35
1445088401 35
1445088401 35
1445088401 35
1445088402 35
1445088402 35
1445088403 35
1445088403 35
1445088403 35
1445088403 35
1445088403 35
1445088404 35
1445088404 35
1445088404 35
1445088405 35
1445088406 35
1445088406 35
1445088406 35
1445088406 35
1445088406 35
1445088406 35
1445088407 35
1445088407 35
1445088407 35
1445088408 35
1445088408 35
1445088409 35
1445088409 35
1445088409 35
1445088409 35
1445088409 35
1445088410 35
1445088410 35
1445088410 35
1445088411 35
1445088411 35
1445088411 35
1445088412 35
1445088412 35
1445088412 35
1445088412 35
1445088413 35
1445088413 35
1445088413 35
1445088413 35
1445088413 35
1445088413 35
1445088414 35
1445088414 35
1445088415 35
1445088415 35
1445088415 35
1445088415 35
1445088415 35
1445088415 35
1445088416 35
1445088416 35
1445088417 35
1445088417 35
1445088417 35
1445088418 35
1445088418 35
1445088418 35
1445088418 35
1445088418 35
1445088418 35
1445088419 35
1445088419 35
1445088420 35
1445088420 35
1445088421 35
1445088421 35
1445088421 35
1445088421 35
1445088422 35
1445088422 35
1445088422 35
1445088422 35
1445088423 35
1445088423 35
1445088424 35
1445088424 35
1445088424 35
1445088424 35
1445088424 35
1445088425 35
1445088425 35
1445088425 35
1445088426 35
1445088426 35
1445088426 35
1445088426 35
1445088427 35
1445088427 35
1445088427 35
1445088427 35
1445088428 35
1445088428 35
1445088428 35
1445088428 35
1445088428 35
1445088428 35
1445088428 35
1445088428 35
1445088428 35
1445088428 35
1445088428 35
1445088428 35
1445088428 35
1445088428 35
1445088428 35
1445088428 35
1445088428 35
1445088428 35
1445088428 35
1445088428 35
1445088428 35
1445088428 35
1445088428 35
1445088428 35
1445088429 35
1445088429 35
1445088429 35
1445088429 35
1445088429 35
1445088430 35
1445088430 89
1445088430 35
1445088430 35
1445088430 35
1445088430 35
1445088430 35
1445088430 35
1445088430 35
1445088430 35
1445088430 35
1445088430 35
1445088431 35
1445088431 35
1445088431 35
1445088431 35
1445088431 35
1445088431 89
1445088431 35
1445088431 35
1445088431 35
1445088431 35
1445088431 35
1445088431 35
1445088431 36
1445088431 164
1445088431 106
1445088431 4
1445088431 106
1445088431 106
1445088431 61
1445088431 15
1445088431 61
1445088431 61
1445088431 61
1445088431 61
1445088431 89
1445088431 35
1445088431 35
1445088431 35
1445088431 35
1445088431 35
1445088431 35
1445088432 35
1445088432 35
1445088432 35
1445088432 35
1445088433 35
1445088433 35
1445088433 35
1445088433 36
1445088433 164
1445088433 106
1445088433 4
1445088433 106
1445088433 106
1445088433 61
1445088433 15
1445088433 61
1445088433 61
1445088433 61
1445088433 61
1445088434 35
1445088434 35
1445088434 35
1445088434 35
1445088435 35
1445088435 36
1445088435 164
1445088435 106
1445088435 4
1445088435 106
1445088435 106
1445088435 61
1445088435 15
1445088435 61
1445088435 61
1445088435 61
1445088435 61
1445088435 35
1445088435 35
1445088435 35
1445088436 35
1445088437 35
1445088437 35
1445088437 35
1445088438 35
1445088438 35
1445088438 35
1445088439 35
1445088439 35
1445088440 35
1445088440 35
1445088440 35
1445088441 35
1445088441 35
1445088441 35
1445088442 35
1445088442 35
1445088443 35
1445088443 35
1445088443 35
1445088444 35
1445088444 35
1445088444 35
1445088445 35
1445088445 35
1445088446 35
1445088446 35
1445088446 35
1445088447 35
1445088447 35
1445088447 35
1445088448 35
1445088448 35
1445088449 35
1445088449 35
1445088449 35
1445088450 35
1445088450 35
1445088450 35
1445088451 35
1445088451 35
1445088451 35
1445088451 35
1445088451 35
1445088451 35
1445088452 35
1445088452 35
1445088452 35
1445088452 35
1445088452 35
1445088452 35
1445088452 35
1445088452 35
1445088452 35
1445088452 35
1445088452 35
1445088452 35
1445088452 35
1445088452 35
1445088452 35
1445088452 35
1445088452 35
1445088453 35
1445088453 35
1445088453 35
1445088453 35
1445088453 35
1445088453 35
1445088453 35
1445088453 35
1445088453 113
1445088453 119
1445088453 170
1445088453 35
1445088453 113
1445088453 119
1445088453 170
1445088453 35
1445088453 35
1445088453 35
1445088453 35
1445088453 35
1445088453 35
1445088453 35
1445088453 35
1445088453 35
1445088453 35
1445088453 35
1445088453 35
1445088454 35
1445088454 35
1445088454 35
1445088454 35
1445088454 35
1445088454 35
1445088454 35
1445088454 35
1445088454 35
1445088454 35
1445088454 35
1445088454 35
1445088454 35
1445088454 35
1445088454 35
1445088454 35
1445088454 35
1445088454 35
1445088454 35
1445088454 35
1445088454 35
1445088455 35
1445088455 35
1445088455 35
1445088455 35
1445088455 35
1445088455 35
1445088455 35
1445088455 35
1445088455 35
1445088455 35
1445088456 35
1445088456 35
1445088456 35
1445088456 35
1445088456 113
1445088456 119
1445088456 170
1445088456 35
1445088456 35
1445088457 35
1445088457 35
1445088457 35
1445088457 35
1445088458 35
1445088458 35
1445088458 35
1445088458 35
1445088458 35
1445088458 35
1445088458 35
1445088458 35
1445088458 35
1445088458 35
1445088458 35
1445088458 35
1445088458 35
1445088458 35
1445088459 35
1445088459 35
1445088459 35
1445088459 35
1445088460 35
1445088461 35
1445088462 35
1445088462 35
1445088462 35
1445088463 35
1445088463 35
1445088463 35
1445088463 35
1445088463 35
1445088463 35
1445088463 35
1445088463 35
1445088464 35
1445088464 35
1445088464 35
1445088464 35
1445088464 35
1445088465 35
1445088465 35
1445088465 35
1445088465 35
1445088465 35
1445088465 113
1445088465 119
1445088465 170
1445088465 35
1445088465 35
1445088465 35
1445088465 35
1445088465 35
1445088465 35
1445088465 35
1445088465 35
1445088465 35
1445088465 35
1445088465 35
1445088465 35
1445088465 35
1445088465 35
1445088466 35
1445088466 35
1445088466 35
1445088467 35
1445088467 35
1445088467 35
1445088467 35
1445088468 35
1445088468 35
1445088468 35
1445088469 35
1445088469 35
1445088470 35
1445088471 35
1445088471 35
1445088471 35
1445088472 35
1445088472 35
1445088473 35
1445088474 35
1445088474 35
1445088474 35
1445088475 35
1445088475 35
1445088476 35
1445088477 35
1445088477 35
1445088477 35
1445088478 35
1445088478 35
1445088478 35
1445088479 35
1445088480 35
1445088480 35
1445088480 35
1445088480 35
1445088480 35
1445088480 35
1445088481 35
1445088481 35
1445088481 35
1445088482 35
1445088483 35
1445088483 35
1445088483 35
1445088484 35
1445088484 35
1445088484 35
1445088485 35
1445088486 35
1445088486 35
1445088486 35
1445088487 35
1445088487 35
1445088487 35
1445088488 35
1445088489 35
1445088489 35
1445088489 35
1445088490 35
1445088490 35
1445088490 35
1445088491 35
1445088492 35
1445088492 35
1445088492 35
1445088493 35
1445088493 35
1445088493 35
1445088494 35
1445088495 35
1445088495 35
1445088495 35
1445088495 35
1445088495 35
1445088495 35
1445088495 35
1445088495 35
1445088495 35
1445088495 35
1445088495 35
1445088495 35
1445088495 35
1445088495 35
1445088495 35
1445088495 35
1445088495 35
1445088496 35
1445088496 35
1445088496 35
1445088497 35
1445088497 35
1445088497 35
1445088497 35
1445088497 35
1445088497 35
1445088497 35
1445088497 35
1445088497 35
1445088497 35
1445088497 35
1445088497 35
1445088497 35
1445088497 35
1445088497 35
1445088497 35
1445088498 35
1445088498 35
1445088498 35
1445088498 35
1445088498 35
1445088498 35
1445088499 35
1445088499 35
1445088499 35
1445088500 35
1445088501 35
1445088501 35
1445088501 35
1445088502 35
1445088502 35
1445088502 35
1445088503 35
1445088503 35
1445088504 35
1445088504 35
1445088504 35
1445088505 35
1445088505 35
1445088505 35
1445088506 35
1445088506 35
1445088506 35
1445088506 35
1445088507 35
1445088507 35
1445088507 35
1445088507 35
1445088508 35
1445088508 35
1445088508 35
1445088508 35
1445088508 35
1445088508 35
1445088509 35
1445088509 35
1445088510 35
1445088510 35
1445088510 35
1445088510 35
1445088511 35
1445088511 35
1445088511 35
1445088512 35
1445088512 35
1445088513 35
1445088513 35
1445088513 35
1445088514 35
1445088514 35
1445088514 35
1445088514 35
1445088515 35
1445088515 35
1445088516 35
1445088516 35
1445088517 35
1445088517 35
1445088517 35
1445088517 35
1445088517 35
1445088518 35
1445088518 35
1445088518 35
1445088519 35
1445088519 35
1445088520 35
1445088520 35
1445088520 35
1445088520 35
1445088521 35
1445088521 35
1445088522 35
1445088522 35
1445088522 35
1445088523 35
1445088523 35
1445088523 35
1445088523 35
1445088524 35
1445088524 35
1445088525 35
1445088525 35
1445088526 35
1445088526 35
1445088526 35
1445088526 35
1445088526 35
1445088527 35
1445088527 35
1445088528 35
1445088528 35
1445088529 35
1445088529 35
1445088529 35
1445088529 35
1445088529 35
1445088530 35
1445088530 35
1445088531 35
1445088531 35
1445088532 35
1445088532 35
1445088532 35
1445088532 35
1445088533 35
1445088533 35
1445088534 35
1445088535 35
1445088535 35
1445088535 35
1445088535 35
1445088535 35
1445088536 35
1445088536 35
1445088537 35
1445088537 35
1445088538 35
1445088538 35
1445088538 35
1445088538 35
1445088538 35
1445088539 35
1445088539 35
1445088540 35
1445088541 35
1445088541 35
1445088541 35
1445088541 35
1445088541 35
1445088541 35
1445088541 35
1445088541 35
1445088541 35
1445088541 35
1445088541 35
1445088541 35
1445088541 35
1445088541 35
1445088541 35
1445088541 35
1445088541 35
1445088541 35
1445088541 35
1445088541 35
1445088541 35
1445088541 35
1445088541 35
1445088541 35
1445088541 35
1445088542 35
1445088542 35
1445088542 35
1445088542 35
1445088542 35
1445088542 35
1445088542 35
1445088542 35
1445088542 35
1445088542 35
1445088542 35
1445088542 35
1445088542 35
1445088542 35
1445088542 35
1445088542 35
1445088542 35
1445088542 113
1445088542 119
1445088542 170
1445088543 35
1445088543 35
1445088543 35
1445088543 35
1445088543 35
1445088543 35
1445088543 35
1445088543 35
1445088543 35
1445088543 35
1445088543 35
1445088543 35
1445088544 35
1445088544 35
1445088544 35
1445088545 35
1445088545 35
1445088545 35
1445088545 35
1445088545 113
1445088545 119
1445088545 170
1445088545 35
1445088545 35
1445088545 35
1445088545 35
1445088545 35
1445088545 35
1445088545 35
1445088545 35
1445088545 35
1445088545 35
1445088545 35
1445088545 35
1445088545 35
1445088545 35
1445088545 35
1445088545 35
1445088545 35
1445088546 35
1445088546 35
1445088546 35
1445088547 35
1445088547 35
1445088547 35
1445088548 35
1445088548 35
1445088549 35
1445088549 35
1445088549 35
1445088550 35
1445088550 35
1445088550 35
1445088550 35
1445088550 35
1445088550 35
1445088550 35
1445088550 35
1445088551 35
1445088551 35
1445088551 35
1445088551 35
1445088551 35
1445088551 35
1445088551 35
1445088552 35
1445088552 35
1445088552 35
1445088552 35
1445088552 113
1445088552 119
1445088552 170
1445088553 35
1445088553 35
1445088553 35
1445088554 35
1445088554 35
1445088554 35
1445088554 35
1445088554 35
1445088555 35
1445088556 35
1445088556 35
1445088556 35
1445088557 35
1445088557 35
1445088557 35
1445088557 35
1445088557 35
1445088557 35
1445088557 35
1445088557 35
1445088557 35
1445088557 35
1445088558 35
1445088558 35
1445088558 35
1445088559 35
1445088559 35
1445088560 35
1445088560 35
1445088560 35
1445088560 35
1445088561 35
1445088561 35
1445088562 35
1445088562 35
1445088563 35
1445088563 35
1445088563 35
1445088564 35
1445088564 35
1445088565 35
1445088565 35
1445088565 35
1445088566 35
1445088566 35
1445088566 35
1445088566 35
1445088566 35
1445088566 35
1445088566 35
1445088566 35
1445088566 35
1445088566 35
1445088566 35
1445088566 35
1445088566 35
1445088566 35
1445088566 35
1445088566 35
1445088567 35
1445088567 35
1445088567 35
1445088567 35
1445088568 35
1445088568 35
1445088568 35
1445088568 35
1445088568 35
1445088569 35
1445088569 35
1445088569 35
1445088569 35
1445088569 35
1445088569 35
1445088570 35
1445088571 35
1445088571 35
1445088571 35
1445088572 35
1445088572 35
1445088572 35
1445088572 35
1445088573 35
1445088574 35
1445088574 35
1445088574 35
1445088575 35
1445088575 35
1445088575 35
1445088576 35
1445088576 35
1445088576 35
1445088577 35
1445088577 35
1445088578 35
1445088578 35
1445088578 35
1445088578 35
1445088579 35
1445088580 35
1445088580 35
1445088581 35
1445088581 35
1445088581 35
1445088582 35
1445088582 35
1445088582 35
1445088583 35
1445088583 35
1445088583 35
1445088584 35
1445088584 35
1445088584 35
1445088585 35
1445088585 35
1445088585 35
1445088586 35
1445088586 35
1445088586 35
1445088587 35
1445088587 35
1445088587 35
1445088588 35
1445088588 35
1445088588 35
1445088589 35
1445088589 35
1445088589 35
1445088590 35
1445088590 35
1445088590 35
1445088591 35
1445088591 35
1445088591 35
1445088591 35
1445088592 35
1445088592 35
1445088592 35
1445088593 35
1445088593 35
1445088594 35
1445088594 35
1445088594 35
1445088594 35
1445088595 35
1445088595 35
1445088595 35
1445088595 35
1445088595 35
1445088595 35
1445088595 35
1445088595 35
1445088595 35
1445088595 35
1445088595 35
1445088595 35
1445088595 35
1445088596 35
1445088596 35
1445088596 35
1445088596 35
1445088596 113
1445088596 119
1445088596 170
1445088596 35
1445088597 35
1445088597 35
1445088597 35
1445088597 35
1445088598 35
1445088598 35
1445088598 35
1445088599 35
1445088599 35
1445088600 35
1445088600 35
1445088600 35
1445088600 35
1445088601 35
1445088601 35
1445088602 35
1445088602 35
1445088602 35
1445088602 35
1445088603 35
1445088603 35
1445088604 35
1445088604 35
1445088604 35
1445088605 35
1445088605 35
1445088606 35
1445088606 35
1445088606 35
1445088606 35
1445088607 35
1445088607 35
1445088608 35
1445088608 35
1445088609 35
1445088609 35
1445088609 35
1445088609 35
1445088610 35
1445088610 35
1445088610 35
1445088611 35
1445088611 35
1445088612 35
1445088612 35
1445088612 35
1445088613 35
1445088613 35
1445088614 35
1445088614 35
1445088614 35
1445088615 35
1445088615 35
1445088615 35
1445088616 35
1445088616 35
1445088617 35
1445088617 35
1445088617 35
1445088617 35
1445088618 35
1445088618 35
1445088618 35
1445088619 35
1445088619 35
1445088620 35
1445088620 35
1445088621 35
1445088621 35
1445088621 35
1445088621 35
1445088622 35
1445088622 35
1445088622 35
1445088623 35
1445088623 35
1445088624 35
1445088624 35
1445088625 35
1445088625 35
1445088625 35
1445088625 35
1445088626 35
1445088626 35
1445088626 35
1445088627 35
1445088627 35
1445088628 35
1445088628 35
1445088628 35
1445088629 35
1445088629 35
1445088629 35
1445088629 35
1445088630 35
1445088630 35
1445088631 35
1445088631 35
1445088632 35
1445088632 35
1445088632 35
1445088632 35
1445088633 35
1445088633 35
1445088634 35
1445088634 35
1445088635 35
1445088635 35
1445088636 35
1445088636 35
1445088636 35
1445088636 35
1445088636 35
1445088637 35
1445088637 35
1445088637 35
1445088638 35
1445088638 35
1445088639 35
1445088639 35
1445088640 35
1445088640 35
1445088640 35
1445088640 35
1445088640 35
1445088641 35
1445088641 35
1445088642 35
1445088643 35
1445088643 35
1445088643 35
1445088643 35
1445088644 35
1445088644 35
1445088644 35
1445088644 35
1445088645 35
1445088646 35
1445088646 35
1445088646 35
1445088647 35
1445088647 35
1445088647 35
1445088647 35
1445088647 35
1445088647 35
1445088647 35
1445088647 35
1445088648 35
1445088648 35
1445088648 35
1445088648 35
1445088648 35
1445088648 35
1445088648 35
1445088648 35
1445088648 35
1445088648 35
1445088648 35
1445088649 35
1445088650 35
1445088650 35
1445088651 35
1445088651 35
1445088651 35
1445088652 35
1445088652 35
1445088652 35
1445088653 35
1445088653 35
1445088654 35
1445088655 35
1445088655 35
1445088655 35
1445088655 35
1445088655 35
1445088656 35
1445088656 35
1445088657 35
1445088658 35
1445088658 35
1445088659 35
1445088659 35
1445088659 35
1445088659 35
1445088659 35
1445088660 35
1445088661 35
1445088661 35
1445088662 35
1445088662 35
1445088662 35
1445088662 35
1445088663 35
1445088663 35
1445088664 35
1445088664 35
1445088665 35
1445088665 35
1445088666 35
1445088666 35
1445088666 35
1445088667 35
1445088667 35
1445088667 35
1445088667 35
1445088667 35
1445088667 35
1445088667 35
1445088667 35
1445088667 35
1445088667 35
1445088667 35
1445088667 35
1445088667 35
1445088667 35
1445088667 35
1445088667 35
1445088667 35
1445088667 35
1445088667 35
1445088667 35
1445088667 35
1445088667 89
1445088667 35
1445088668 35
1445088668 35
1445088668 35
1445088668 35
1445088668 113
1445088668 119
1445088668 170
1445088669 35
1445088669 36
1445088669 164
1445088669 106
1445088669 4
1445088669 106
1445088669 106
1445088669 61
1445088669 15
1445088669 61
1445088669 61
1445088669 61
1445088669 61
1445088669 35
1445088669 35
1445088669 35
1445088669 35
1445088669 113
1445088669 119
1445088669 170
1445088670 35
1445088670 35
1445088670 35
1445088671 35
1445088671 35
1445088672 35
1445088673 35
1445088673 35
1445088673 35
1445088674 35
1445088674 35
1445088675 35
1445088676 35
1445088676 35
1445088677 35
1445088677 35
1445088678 35
1445088678 35
1445088679 35
1445088679 35
1445088680 35
1445088680 35
1445088681 35
1445088681 35
1445088682 35
1445088683 35
1445088684 35
1445088685 35
1445088685 35
1445088686 35
1445088686 35
1445088687 35
1445088688 35
1445088689 35
1445088690 35
1445088690 35
1445088691 35
1445088691 35
1445088692 35
1445088692 35
1445088693 35
1445088694 35
1445088694 35
1445088695 35
1445088695 35
1445088696 35
1445088696 35
1445088698 35
1445088698 35
1445088698 35
1445088699 35
1445088700 35
1445088700 35
1445088701 35
1445088701 35
1445088701 35
1445088702 35
1445088703 35
1445088704 35
1445088704 35
1445088704 35
1445088704 35
1445088705 35
1445088706 35
1445088707 35
1445088707 35
1445088708 35
1445088708 35
1445088708 35
1445088709 35
1445088710 35
1445088710 35
1445088711 35
1445088712 35
1445088713 35
1445088713 35
1445088713 35
1445088714 35
1445088715 35
1445088715 35
1445088716 35
1445088716 35
1445088717 35
1445088717 35
1445088718 35
1445088718 35
1445088719 35
1445088719 35
1445088720 35
1445088721 35
1445088721 35
1445088722 35
1445088722 35
1445088723 35
1445088724 35
1445088725 35
1445088725 35
1445088725 35
1445088726 35
1445088727 35
1445088728 35
1445088728 35
1445088728 35
1445088729 35
1445088730 35
1445088731 35
1445088731 35
1445088731 35
1445088732 35
1445088733 35
1445088734 35
1445088734 35
1445088735 35
1445088735 35
1445088736 35
1445088737 35
1445088738 35
1445088739 35
1445088739 35
1445088740 35
1445088741 35
1445088741 35
1445088742 35
1445088742 35
1445088743 35
1445088744 35
1445088744 35
1445088744 35
1445088745 35
1445088745 35
1445088745 35
1445088746 35
1445088747 35
1445088747 35
1445088748 35
1445088748 35
1445088749 35
1445088749 35
1445088750 35
1445088750 35
1445088751 35
1445088752 35
1445088752 35
1445088753 35
1445088753 35
1445088753 35
1445088754 35
1445088755 35
1445088755 35
1445088756 35
1445088756 35
1445088756 35
1445088757 35
1445088758 35
1445088759 35
1445088759 35
1445088759 35
1445088759 35
1445088760 35
1445088761 35
1445088762 35
1445088762 35
1445088762 35
1445088762 35
1445088762 35
1445088763 35
1445088764 35
1445088765 35
1445088765 35
1445088765 35
1445088766 35
1445088766 35
1445088767 35
1445088768 35
1445088768 35
1445088769 35
1445088769 35
1445088769 35
1445088770 35
1445088771 35
1445088771 35
1445088772 35
1445088772 35
1445088772 35
1445088773 35
1445088774 35
1445088774 35
1445088775 35
1445088776 35
1445088776 35
1445088776 35
1445088777 35
1445088777 35
1445088779 35
1445088779 35
1445088779 35
1445088780 35
1445088780 35
1445088781 35
1445088782 35
1445088782 35
1445088782 35
1445088783 35
1445088783 35
1445088784 35
1445088785 35
1445088785 35
1445088786 35
1445088786 35
1445088786 35
1445088787 35
1445088788 35
1445088789 35
1445088789 35
1445088789 35
1445088789 35
1445088790 35
1445088791 35
1445088792 35
1445088792 35
1445088792 35
1445088793 35
1445088793 35
1445088794 35
1445088795 35
1445088795 35
1445088796 35
1445088796 35
1445088796 35
1445088797 35
1445088798 35
1445088798 35
1445088799 35
1445088799 35
1445088800 35
1445088800 35
1445088801 35
1445088801 35
1445088802 35
1445088802 35
1445088803 35
1445088803 35
1445088804 35
1445088804 35
1445088805 35
1445088805 35
1445088806 35
1445088806 35
1445088807 35
1445088807 35
1445088808 35
1445088808 35
1445088809 35
1445088810 35
1445088810 35
1445088810 35
1445088811 35
1445088812 35
1445088812 35
1445088813 35
1445088813 35
1445088813 35
1445088814 35
1445088815 35
1445088815 35
1445088816 35
1445088816 35
1445088817 35
1445088817 35
1445088818 35
1445088818 35
1445088819 35
1445088819 35
1445088820 35
1445088820 35
1445088821 35
1445088821 35
1445088822 35
1445088822 35
1445088823 35
1445088824 35
1445088824 35
1445088824 35
1445088825 35
1445088825 35
1445088826 35
1445088827 35
1445088827 35
1445088827 35
1445088828 35
1445088828 35
1445088829 35
1445088830 35
1445088830 35
1445088831 35
1445088831 35
1445088831 35
1445088832 35
1445088833 35
1445088834 35
1445088834 35
1445088834 35
1445088835 35
1445088835 35
1445088836 35
1445088837 35
1445088837 35
1445088837 35
1445088838 35
1445088838 35
1445088839 35
1445088840 35
1445088840 35
1445088840 35
1445088841 35
1445088841 35
1445088842 35
1445088843 35
1445088843 35
1445088844 35
1445088844 35
1445088845 35
1445088846 35
1445088846 35
1445088847 35
1445088847 35
1445088847 35
1445088848 35
1445088849 35
1445088849 35
1445088850 35
1445088850 35
1445088850 35
1445088850 35
1445088850 35
1445088850 35
1445088850 35
1445088850 35
1445088850 35
1445088850 35
1445088850 35
1445088850 35
1445088850 35
1445088850 35
1445088850 35
1445088850 35
1445088850 35
1445088850 35
1445088850 35
1445088850 89
1445088850 35
1445088850 35
1445088850 36
1445088850 164
1445088850 106
1445088850 4
1445088850 106
1445088850 106
1445088850 61
1445088850 15
1445088850 61
1445088850 61
1445088850 61
1445088850 61
1445088851 35
1445088851 35
1445088851 35
1445088851 35
1445088851 35
1445088851 113
1445088851 119
1445088851 170
1445088852 35
1445088852 35
1445088852 35
1445088852 35
1445088852 113
1445088852 119
1445088852 170
1445088853 35
1445088853 35
1445088854 35
1445088855 35
1445088856 35
1445088856 35
1445088857 35
1445088858 35
1445088859 35
1445088859 35
1445088860 35
1445088861 35
1445088862 35
1445088862 35
1445088863 35
1445088864 35
1445088865 35
1445088865 35
1445088866 35
1445088867 35
1445088868 35
1445088868 35
1445088869 35
1445088870 35
1445088871 35
1445088872 35
1445088873 35
1445088874 35
1445088874 35
1445088875 35
1445088876 35
1445088877 35
1445088877 35
1445088878 35
1445088879 35
1445088880 35
1445088881 35
1445088881 35
1445088882 35
1445088884 35
1445088884 35
1445088885 35
1445088886 35
1445088887 35
1445088887 35
1445088888 35
1445088889 35
1445088890 35
1445088890 35
1445088891 35
1445088892 35
1445088893 35
1445088893 35
1445088894 35
1445088896 35
1445088896 35
1445088897 35
1445088898 35
1445088899 35
1445088899 35
1445088900 35
1445088901 35
1445088902 35
1445088903 35
1445088904 35
1445088905 35
1445088906 35
1445088906 35
1445088907 35
1445088908 35
1445088909 35
1445088909 35
1445088910 35
1445088911 35
1445088912 35
1445088913 35
1445088914 35
1445088915 35
1445088915 35
1445088916 35
1445088916 35
1445088918 35
1445088921 35
1445088924 35
1445088928 35
1445088931 35
1445088934 35
1445088937 35
1445088940 35
1445088943 35
1445088946 35
1445088949 35
1445088952 35
1445088955 35
1445088958 35
1445088961 35
1445088964 35
1445088967 35
1445088970 35
1445088973 35
1445088976 35
1445088979 35
1445088982 35
1445088985 35
1445088988 35
1445088991 35
1445088994 35
1445088997 35
1445089000 35
1445089002 35
1445089003 35
1445089006 35
1445089009 35
1445089012 35
1445089015 35
1445089018 35
1445089021 35
1445089024 35
1445089027 35
1445089030 35
1445089033 35
1445089036 35
1445089039 35
1445089042 35
1445089045 35
1445089048 35
1445089051 35
1445089054 35
1445089057 35
1445089060 35
1445089064 35
1445089067 35
1445089070 35
1445089073 35
1445089076 35
1445089079 35
1445089082 35
1445089085 35
1445089088 35
1445089091 35
1445089094 35
1445089097 35
1445089100 35
1445089103 35
1445089106 35
1445089109 35
1445089112 35
1445089115 35
1445089118 35
1445089121 35
1445089124 35
1445089127 35
1445089130 35
1445089133 35
1445089136 35
1445089139 35
1445089142 35
1445089145 35
1445089148 35
1445089151 35
1445089154 35
1445089157 35
1445089160 35
1445089163 35
1445089166 35
1445089169 35
1445089172 35
1445089175 35
1445089178 35
1445089181 35
1445089185 35
1445089188 35
1445089191 35
1445089194 35
1445089197 35
1445089200 35
1445089203 35
1445089206 35
1445089209 35
1445089212 35
1445089215 35
1445089218 35
1445089221 35
1445089224 35
1445089227 35
1445089230 35
1445089233 35
1445089236 35
1445089239 35
1445089242 35
1445089245 35
1445089248 35
1445089251 35
1445089254 35
1445089285 80
1445089285 160
1445089285 39
1445089285 71
1445089285 148
1445089285 62
1445089285 62
1445089285 53
1445089285 53
1445089285 15
1445089285 15
1445089285 44
1445089285 12
1445089285 126
1445089285 99
1445089285 62
1445089285 127
1445089285 42
1445089285 42
1445089285 12
1445089285 19
1445089285 126
1445089285 19
1445089285 19
1445089285 142
1445089285 31
1445089285 18
1445089285 11
1445089285 4
1445089285 131
1445089285 131
1445089285 131
1445089285 152
1445089285 152
1445089285 15
1445089285 152
1445089285 15
1445089285 170
1445089286 80
1445089286 160
1445089286 39
1445089286 71
1445089286 148
1445089286 62
1445089286 62
1445089286 53
1445089286 53
1445089286 15
1445089286 15
1445089286 44
1445089286 12
1445089286 126
1445089286 99
1445089286 62
1445089286 127
1445089286 42
1445089286 42
1445089286 12
1445089286 19
1445089286 126
1445089286 19
1445089286 19
1445089286 142
1445089286 31
1445089286 18
1445089286 11
1445089286 4
1445089286 131
1445089286 131
1445089286 131
1445089286 152
1445089286 152
1445089286 15
1445089286 152
1445089286 15
1445089286 170
1445089287 80
1445089287 160
1445089287 39
1445089287 71
1445089287 148
1445089287 62
1445089287 62
1445089287 53
1445089287 53
1445089287 15
1445089287 15
1445089287 44
1445089287 12
1445089287 126
1445089287 99
1445089287 62
1445089287 127
1445089287 42
1445089287 42
1445089287 12
1445089287 19
1445089287 126
1445089287 19
1445089287 19
1445089287 142
1445089287 31
1445089287 18
1445089287 11
1445089287 4
1445089287 131
1445089287 131
1445089287 131
1445089287 152
1445089287 152
1445089287 15
1445089287 152
1445089287 15
1445089287 170
1445089288 80
1445089288 160
1445089288 39
1445089288 71
1445089288 148
1445089288 62
1445089288 62
1445089288 53
1445089288 53
1445089288 15
1445089288 15
1445089288 44
1445089288 12
1445089288 126
1445089288 99
1445089288 62
1445089288 127
1445089288 42
1445089288 42
1445089288 12
1445089288 19
1445089288 126
1445089288 19
1445089288 19
1445089288 142
1445089288 31
1445089288 18
1445089288 11
1445089288 4
1445089288 131
1445089288 131
1445089288 131
1445089288 152
1445089288 152
1445089288 15
1445089288 152
1445089288 15
1445089288 170
1445089289 80
1445089289 160
1445089289 39
1445089289 71
1445089289 148
1445089289 62
1445089289 62
1445089289 53
1445089289 53
1445089289 15
1445089289 15
1445089289 44
1445089289 12
1445089289 126
1445089289 99
1445089289 62
1445089289 127
1445089289 42
1445089289 42
1445089289 12
1445089289 19
1445089289 126
1445089289 19
1445089289 19
1445089289 142
1445089289 31
1445089289 18
1445089289 11
1445089289 4
1445089289 131
1445089289 131
1445089289 131
1445089289 152
1445089289 152
1445089289 15
1445089289 152
1445089289 15
1445089289 170
1445089290 80
1445089290 160
1445089290 39
1445089290 71
1445089290 148
1445089290 62
1445089290 62
1445089290 53
1445089290 53
1445089290 15
1445089290 15
1445089290 44
1445089290 12
1445089290 126
1445089290 99
1445089290 62
1445089290 127
1445089290 42
1445089290 42
1445089290 12
1445089290 19
1445089290 126
1445089290 19
1445089290 19
1445089290 142
1445089290 31
1445089290 18
1445089290 11
1445089290 4
1445089290 131
1445089290 131
1445089290 131
1445089290 152
1445089290 152
1445089290 15
1445089290 152
1445089290 15
1445089290 170
1445089291 80
1445089291 160
1445089291 39
1445089291 71
1445089291 148
1445089291 62
1445089291 62
1445089291 53
1445089291 53
1445089291 15
1445089291 15
1445089291 44
1445089291 12
1445089291 126
1445089291 99
1445089291 62
1445089291 127
1445089291 42
1445089291 42
1445089291 12
1445089291 19
1445089291 126
1445089291 19
1445089291 19
1445089291 142
1445089291 31
1445089291 18
1445089291 11
1445089291 4
1445089291 131
1445089291 131
1445089291 131
1445089291 152
1445089291 152
1445089291 15
1445089291 152
1445089291 15
1445089291 170
1445089292 80
1445089292 160
1445089292 39
1445089292 71
1445089292 148
1445089292 62
1445089292 62
1445089292 53
1445089292 53
1445089292 15
1445089292 15
1445089292 44
1445089292 12
1445089292 126
1445089292 99
1445089292 62
1445089292 127
1445089292 42
1445089292 42
1445089292 12
1445089292 19
1445089292 126
1445089292 19
1445089292 19
1445089292 142
1445089292 31
1445089292 18
1445089292 11
1445089292 4
1445089292 131
1445089292 131
1445089292 131
1445089292 152
1445089292 152
1445089292 15
1445089292 152
1445089292 15
1445089292 170
1445089293 80
1445089293 160
1445089293 39
1445089293 71
1445089293 148
1445089293 62
1445089293 62
1445089293 53
1445089293 53
1445089293 15
1445089293 15
1445089293 44
1445089293 12
1445089293 126
1445089293 99
1445089293 62
1445089293 127
1445089293 42
1445089293 42
1445089293 12
1445089293 19
1445089293 126
1445089293 19
1445089293 19
1445089293 142
1445089293 31
1445089293 18
1445089293 11
1445089293 4
1445089293 131
1445089293 131
1445089293 131
1445089293 152
1445089293 152
1445089293 15
1445089293 152
1445089293 15
1445089293 170
1445089294 80
1445089294 160
1445089294 39
1445089294 71
1445089294 148
1445089294 62
1445089294 62
1445089294 53
1445089294 53
1445089294 15
1445089294 15
1445089294 44
1445089294 12
1445089294 126
1445089294 99
1445089294 62
1445089294 127
1445089294 42
1445089294 42
1445089294 12
1445089294 19
1445089294 126
1445089294 19
1445089294 19
1445089294 142
1445089294 31
1445089294 18
1445089294 11
1445089294 4
1445089294 131
1445089294 131
1445089294 131
1445089294 152
1445089294 152
1445089294 15
1445089294 152
1445089294 15
1445089294 170
1445089295 80
1445089295 160
1445089295 39
1445089295 71
1445089295 148
1445089295 62
1445089295 62
1445089295 53
1445089295 53
1445089295 15
1445089295 15
1445089295 44
1445089295 12
1445089295 126
1445089295 99
1445089295 62
1445089295 127
1445089295 42
1445089295 42
1445089295 12
1445089295 19
1445089295 126
1445089295 19
1445089295 19
1445089295 142
1445089295 31
1445089295 18
1445089295 11
1445089295 4
1445089295 131
1445089295 131
1445089295 131
1445089295 152
1445089295 152
1445089295 15
1445089295 152
1445089295 15
1445089295 170
1445089296 80
1445089296 160
1445089296 39
1445089296 71
1445089296 148
1445089296 62
1445089296 62
1445089296 53
1445089296 53
1445089296 15
1445089296 15
1445089296 44
1445089296 12
1445089296 126
1445089296 99
1445089296 62
1445089296 127
1445089296 42
1445089296 42
1445089296 12
1445089296 19
1445089296 126
1445089296 19
1445089296 19
1445089296 142
1445089296 31
1445089296 18
1445089296 11
1445089296 4
1445089296 131
1445089296 131
1445089296 131
1445089296 152
1445089296 152
1445089296 15
1445089296 152
1445089296 15
1445089296 170
1445089297 80
1445089297 160
1445089297 39
1445089297 71
1445089297 148
1445089297 62
1445089297 62
1445089297 53
1445089297 53
1445089297 15
1445089297 15
1445089297 44
1445089297 12
1445089297 126
1445089297 99
1445089297 62
1445089297 127
1445089297 42
1445089297 42
1445089297 12
1445089297 19
1445089297 126
1445089297 19
1445089297 19
1445089297 142
1445089297 31
1445089297 18
1445089297 11
1445089297 4
1445089297 131
1445089297 131
1445089297 131
1445089297 152
1445089297 152
1445089297 15
1445089297 152
1445089297 15
1445089297 170
1445089298 80
1445089298 160
1445089298 39
1445089298 71
1445089298 148
1445089298 62
1445089298 62
1445089298 53
1445089298 53
1445089298 15
1445089298 15
1445089298 44
1445089298 12
1445089298 126
1445089298 99
1445089298 62
1445089298 127
1445089298 42
1445089298 42
1445089298 12
1445089298 19
1445089298 126
1445089298 19
1445089298 19
1445089298 142
1445089298 31
1445089298 18
1445089298 11
1445089298 4
1445089298 131
1445089298 131
1445089298 131
1445089298 152
1445089298 152
1445089298 15
1445089298 152
1445089298 15
1445089298 170
1445089299 80
1445089299 160
1445089299 39
1445089299 71
1445089299 148
1445089299 62
1445089299 62
1445089299 53
1445089299 53
1445089299 15
1445089299 15
1445089299 44
1445089299 12
1445089299 126
1445089299 99
1445089299 62
1445089299 127
1445089299 42
1445089299 42
1445089299 12
1445089299 19
1445089299 126
1445089299 19
1445089299 19
1445089299 142
1445089299 31
1445089299 18
1445089299 11
1445089299 4
1445089299 131
1445089299 131
1445089299 131
1445089299 152
1445089299 152
1445089299 15
1445089299 152
1445089299 15
1445089299 170
1445089300 80
1445089300 160
1445089300 39
1445089300 71
1445089300 148
1445089300 62
1445089300 62
1445089300 53
1445089300 53
1445089300 15
1445089300 15
1445089300 44
1445089300 12
1445089300 126
1445089300 99
1445089300 62
1445089300 127
1445089300 42
1445089300 42
1445089300 12
1445089300 19
1445089300 126
1445089300 19
1445089300 19
1445089300 142
1445089300 31
1445089300 18
1445089300 11
1445089300 4
1445089300 131
1445089300 131
1445089300 131
1445089300 152
1445089300 152
1445089300 15
1445089300 152
1445089300 15
1445089300 170
1445089301 80
1445089301 160
1445089301 39
1445089301 99
1445089301 62
1445089301 62
1445089301 53
1445089301 53
1445089301 15
1445089301 15
1445089301 44
1445089301 12
1445089301 126
1445089301 99
1445089301 62
1445089301 127
1445089301 42
1445089301 42
1445089301 12
1445089301 19
1445089301 126
1445089301 19
1445089301 19
1445089301 142
1445089301 31
1445089301 18
1445089301 11
1445089301 4
1445089301 131
1445089301 131
1445089301 131
1445089301 152
1445089301 152
1445089301 15
1445089301 152
1445089301 15
1445089301 170
1445089302 80
1445089302 160
1445089302 39
1445089302 99
1445089302 62
1445089302 62
1445089302 53
1445089302 53
1445089302 15
1445089302 15
1445089302 44
1445089302 12
1445089302 126
1445089302 99
1445089302 62
1445089302 127
1445089302 42
1445089302 42
1445089302 12
1445089302 19
1445089302 126
1445089302 19
1445089302 19
1445089302 142
1445089302 31
1445089302 18
1445089302 11
1445089302 4
1445089302 131
1445089302 131
1445089302 131
1445089302 152
1445089302 152
1445089302 15
1445089302 152
1445089302 15
1445089302 170
1445089302 38
1445089302 145
1445089302 53
1445089302 15
1445089302 15
1445089302 44
1445089302 12
1445089302 2
1445089302 99
1445089302 62
1445089302 127
1445089302 42
1445089302 42
1445089302 12
1445089302 98
1445089302 38
1445089302 38
1445089302 98
1445089302 31
1445089302 36
1445089302 164
1445089302 106
1445089302 4
1445089302 106
1445089302 106
1445089302 144
1445089302 53
1445089302 53
1445089302 53
1445089302 51
1445089302 51
1445089302 152
1445089302 51
1445089302 136
1445089302 51
1445089302 152
1445089302 15
1445089303 80
1445089303 160
1445089303 39
1445089303 99
1445089303 62
1445089303 62
1445089303 53
1445089303 53
1445089303 15
1445089303 15
1445089303 44
1445089303 12
1445089303 126
1445089303 99
1445089303 62
1445089303 127
1445089303 42
1445089303 42
1445089303 12
1445089303 19
1445089303 126
1445089303 19
1445089303 19
1445089303 142
1445089303 31
1445089303 18
1445089303 11
1445089303 4
1445089303 131
1445089303 131
1445089303 131
1445089303 152
1445089303 152
1445089303 15
1445089303 152
1445089303 15
1445089303 170
1445089303 80
1445089304 80
1445089304 160
1445089304 39
1445089304 99
1445089304 62
1445089304 62
1445089304 53
1445089304 53
1445089304 15
1445089304 15
1445089304 44
1445089304 12
1445089304 126
1445089304 99
1445089304 62
1445089304 127
1445089304 42
1445089304 42
1445089304 12
1445089304 19
1445089304 126
1445089304 19
1445089304 19
1445089304 142
1445089304 31
1445089304 18
1445089304 11
1445089304 4
1445089304 131
1445089304 131
1445089304 131
1445089304 152
1445089304 152
1445089304 15
1445089304 152
1445089304 15
1445089304 170
1445089304 35
1445089304 38
1445089304 101
1445089304 53
1445089304 15
1445089304 15
1445089304 44
1445089304 12
1445089304 2
1445089304 99
1445089304 62
1445089304 127
1445089304 42
1445089304 42
1445089304 12
1445089304 98
1445089304 38
1445089304 38
1445089304 98
1445089304 31
1445089304 79
1445089304 152
1445089304 15
1445089304 152
1445089304 15
1445089304 170
1445089304 94
1445089304 4
1445089304 4
1445089304 131
1445089304 131
1445089304 131
1445089304 152
1445089304 152
1445089304 170
1445089305 80
1445089305 160
1445089305 39
1445089305 99
1445089305 62
1445089305 62
1445089305 53
1445089305 53
1445089305 15
1445089305 15
1445089305 44
1445089305 12
1445089305 126
1445089305 99
1445089305 62
1445089305 127
1445089305 42
1445089305 42
1445089305 12
1445089305 19
1445089305 126
1445089305 19
1445089305 19
1445089305 142
1445089305 31
1445089305 18
1445089305 11
1445089305 4
1445089305 131
1445089305 131
1445089305 131
1445089305 152
1445089305 152
1445089305 15
1445089305 152
1445089305 15
1445089305 170
1445089305 80
1445089306 80
1445089306 160
1445089306 39
1445089306 99
1445089306 62
1445089306 62
1445089306 53
1445089306 53
1445089306 15
1445089306 15
1445089306 44
1445089306 12
1445089306 126
1445089306 99
1445089306 62
1445089306 127
1445089306 42
1445089306 42
1445089306 12
1445089306 19
1445089306 126
1445089306 19
1445089306 19
1445089306 142
1445089306 31
1445089306 18
1445089306 11
1445089306 4
1445089306 131
1445089306 131
1445089306 131
1445089306 152
1445089306 152
1445089306 15
1445089306 152
1445089306 15
1445089306 170
1445089306 35
1445089306 38
1445089306 101
1445089306 53
1445089306 15
1445089306 15
1445089306 44
1445089306 12
1445089306 2
1445089306 99
1445089306 62
1445089306 127
1445089306 42
1445089306 42
1445089306 12
1445089306 98
1445089306 38
1445089306 38
1445089306 98
1445089306 31
1445089306 79
1445089306 152
1445089306 15
1445089306 152
1445089306 15
1445089306 170
1445089306 94
1445089306 4
1445089306 4
1445089306 131
1445089306 131
1445089306 131
1445089306 152
1445089306 152
1445089306 170
1445089307 80
1445089307 160
1445089307 39
1445089307 99
1445089307 62
1445089307 62
1445089307 53
1445089307 53
1445089307 15
1445089307 15
1445089307 44
1445089307 12
1445089307 126
1445089307 99
1445089307 62
1445089307 127
1445089307 42
1445089307 42
1445089307 12
1445089307 19
1445089307 126
1445089307 19
1445089307 19
1445089307 142
1445089307 31
1445089307 18
1445089307 11
1445089307 4
1445089307 131
1445089307 131
1445089307 131
1445089307 152
1445089307 152
1445089307 15
1445089307 152
1445089307 15
1445089307 170
1445089307 80
1445089308 80
1445089308 160
1445089308 39
1445089308 99
1445089308 62
1445089308 62
1445089308 53
1445089308 53
1445089308 15
1445089308 15
1445089308 44
1445089308 12
1445089308 126
1445089308 99
1445089308 62
1445089308 127
1445089308 42
1445089308 42
1445089308 12
1445089308 19
1445089308 126
1445089308 19
1445089308 19
1445089308 142
1445089308 31
1445089308 18
1445089308 11
1445089308 4
1445089308 131
1445089308 131
1445089308 131
1445089308 152
1445089308 152
1445089308 15
1445089308 152
1445089308 15
1445089308 170
1445089308 35
1445089308 38
1445089308 101
1445089308 53
1445089308 15
1445089308 15
1445089308 44
1445089308 12
1445089308 2
1445089308 99
1445089308 62
1445089308 127
1445089308 42
1445089308 42
1445089308 12
1445089308 98
1445089308 38
1445089308 38
1445089308 98
1445089308 31
1445089308 79
1445089308 152
1445089308 15
1445089308 152
1445089308 15
1445089308 170
1445089308 94
1445089308 4
1445089308 4
1445089308 131
1445089308 131
1445089308 131
1445089308 152
1445089308 152
1445089308 170
1445089309 80
1445089309 160
1445089309 39
1445089309 99
1445089309 62
1445089309 62
1445089309 53
1445089309 53
1445089309 15
1445089309 15
1445089309 44
1445089309 12
1445089309 126
1445089309 99
1445089309 62
1445089309 127
1445089309 42
1445089309 42
1445089309 12
1445089309 19
1445089309 126
1445089309 19
1445089309 19
1445089309 142
1445089309 31
1445089309 18
1445089309 11
1445089309 4
1445089309 131
1445089309 131
1445089309 131
1445089309 152
1445089309 152
1445089309 15
1445089309 152
1445089309 15
1445089309 170
1445089309 80
1445089310 80
1445089310 160
1445089310 39
1445089310 99
1445089310 62
1445089310 62
1445089310 53
1445089310 53
1445089310 15
1445089310 15
1445089310 44
1445089310 12
1445089310 126
1445089310 99
1445089310 62
1445089310 127
1445089310 42
1445089310 42
1445089310 12
1445089310 19
1445089310 126
1445089310 19
1445089310 19
1445089310 142
1445089310 31
1445089310 18
1445089310 11
1445089310 4
1445089310 131
1445089310 131
1445089310 131
1445089310 152
1445089310 152
1445089310 15
1445089310 152
1445089310 15
1445089310 170
1445089310 35
1445089310 38
1445089310 101
1445089310 53
1445089310 15
1445089310 15
1445089310 44
1445089310 12
1445089310 2
1445089310 99
1445089310 62
1445089310 127
1445089310 42
1445089310 42
1445089310 12
1445089310 98
1445089310 38
1445089310 38
1445089310 98
1445089310 31
1445089310 79
1445089310 152
1445089310 15
1445089310 152
1445089310 15
1445089310 170
1445089310 94
1445089310 4
1445089310 4
1445089310 131
1445089310 131
1445089310 131
1445089310 152
1445089310 152
1445089310 170
1445089311 80
1445089311 160
1445089311 39
1445089311 99
1445089311 62
1445089311 62
1445089311 53
1445089311 53
1445089311 15
1445089311 15
1445089311 44
1445089311 12
1445089311 126
1445089311 99
1445089311 62
1445089311 127
1445089311 42
1445089311 42
1445089311 12
1445089311 19
1445089311 126
1445089311 19
1445089311 19
1445089311 142
1445089311 31
1445089311 18
1445089311 11
1445089311 4
1445089311 131
1445089311 131
1445089311 131
1445089311 152
1445089311 152
1445089311 15
1445089311 152
1445089311 15
1445089311 170
1445089311 80
1445089312 80
1445089312 160
1445089312 39
1445089312 99
1445089312 62
1445089312 62
1445089312 53
1445089312 53
1445089312 15
1445089312 15
1445089312 44
1445089312 12
1445089312 126
1445089312 99
1445089312 62
1445089312 127
1445089312 42
1445089312 42
1445089312 12
1445089312 19
1445089312 126
1445089312 19
1445089312 19
1445089312 142
1445089312 31
1445089312 18
1445089312 11
1445089312 4
1445089312 131
1445089312 131
1445089312 131
1445089312 152
1445089312 152
1445089312 15
1445089312 152
1445089312 15
1445089312 170
1445089312 35
1445089312 38
1445089312 101
1445089312 53
1445089312 15
1445089312 15
1445089312 44
1445089312 12
1445089312 2
1445089312 99
1445089312 62
1445089312 127
1445089312 42
1445089312 42
1445089312 12
1445089312 98
1445089312 38
1445089312 38
1445089312 98
1445089312 31
1445089312 79
1445089312 152
1445089312 15
1445089312 152
1445089312 15
1445089312 170
1445089312 94
1445089312 4
1445089312 4
1445089312 131
1445089312 131
1445089312 131
1445089312 152
1445089312 152
1445089312 170
1445089313 80
1445089313 160
1445089313 39
1445089313 99
1445089313 62
1445089313 62
1445089313 53
1445089313 53
1445089313 15
1445089313 15
1445089313 44
1445089313 12
1445089313 126
1445089313 99
1445089313 62
1445089313 127
1445089313 42
1445089313 42
1445089313 12
1445089313 19
1445089313 126
1445089313 19
1445089313 19
1445089313 142
1445089313 31
1445089313 18
1445089313 11
1445089313 4
1445089313 131
1445089313 131
1445089313 131
1445089313 152
1445089313 152
1445089313 15
1445089313 152
1445089313 15
1445089313 170
