1445175207 16
1445175207 11
1445175207 12
1445175207 20
1445175207 4
1445175207 3
1445175208 1
1445175209 2
1445175212 5
1445175212 9
1445175220 6
1445175220 23
1445175220 8
1445175220 17
1445175220 21
1445175220 18
1445175220 10
1445175242 19
1445175242 14
1445175242 15
1445175242 23
1445175283 22
1445175284 13
1445175288 19
1445175288 14
1445175288 15
1445175288 23
1445175328 22
1445175328 13
1445175331 19
1445175331 14
1445175331 15
1445175331 23
1445175370 22
1445175370 13
1445175376 19
1445175376 14
1445175376 15
1445175376 23
1445175414 22
1445175414 13
1445175418 19
1445175418 14
1445175418 15
1445175418 23
1445175447 22
1445175447 13
1445175451 19
1445175451 14
1445175451 15
1445175451 23
1445175453 7
