1445071675 8
1445071675 147
1445071675 16
1445071675 102
1445071675 83
1445071676 8
1445071679 147
1445071680 160
1445071684 82
1445071685 67
1445071688 22
1445071689 102
1445071689 3
1445071689 75
1445071689 25
1445071689 25
1445071689 154
1445071705 102
1445071705 25
1445071705 25
1445071705 102
1445071748 75
1445071749 25
1445071756 102
1445071756 25
1445071756 25
1445071756 102
1445071800 75
1445071801 25
1445071809 102
1445071809 25
1445071809 25
1445071809 102
1445071851 75
1445071851 25
1445071858 102
1445071858 25
1445071858 25
1445071858 102
1445071905 75
1445071906 25
1445071913 102
1445071913 25
1445071913 25
1445071913 102
1445071954 75
1445071954 25
1445071959 102
1445071959 25
1445071959 25
1445071959 102
1445072001 75
1445072001 25
1445072009 102
1445072009 25
1445072009 25
1445072009 102
1445072055 75
1445072056 25
1445072061 67
1445072061 102
1445072061 25
1445072061 25
1445072092 75
1445072092 102
1445072093 160
1445072175 129
1445072176 3
1445072176 16
1445072176 16
1445072176 111
