1445162532 8
1445162532 147
1445162532 16
1445162532 102
1445162532 83
1445162532 8
1445162533 147
1445162534 160
1445162535 82
1445162535 67
1445162536 22
1445162537 102
1445162537 3
1445162537 75
1445162537 25
1445162537 25
1445162537 154
1445162546 102
1445162546 25
1445162546 25
1445162546 102
1445162577 75
1445162577 25
1445162583 102
1445162583 25
1445162583 25
1445162583 102
1445162616 75
1445162616 25
1445162622 102
1445162622 25
1445162622 25
1445162622 102
1445162652 75
1445162652 25
1445162657 102
1445162657 25
1445162657 25
1445162657 102
1445162689 75
1445162689 25
1445162757 14
1445162757 18
1445162757 11
1445162757 4
1445162757 131
1445162757 131
1445162757 126
1445162757 149
1445162757 149
1445162757 149
1445162757 23
1445162757 23
1445162757 23
1445162757 23
1445162757 19
1445162757 136
1445162757 2
1445162757 2
1445162757 2
1445162757 153
1445162757 41
1445162757 6
1445162757 72
1445162757 6
1445162757 41
1445162757 141
1445162757 41
1445162757 9
1445162757 137
1445162757 128
1445162757 141
1445162757 81
1445162757 18
1445162757 11
1445162757 4
1445162757 131
1445162757 131
1445162757 126
1445162757 149
1445162757 149
1445162757 149
1445162757 23
1445162757 23
1445162757 23
1445162757 23
1445162757 19
1445162757 136
1445162757 2
1445162757 2
1445162757 2
1445162757 153
1445162757 41
1445162757 6
1445162757 72
1445162757 6
1445162757 41
1445162757 141
1445162757 41
1445162757 9
1445162757 137
1445162757 128
1445162757 141
1445162757 14
1445162757 18
1445162757 11
1445162757 4
1445162757 131
1445162757 131
1445162757 126
1445162757 149
1445162757 149
1445162757 149
1445162757 23
1445162757 23
1445162757 23
1445162757 23
1445162757 19
1445162757 136
1445162757 2
1445162757 2
1445162757 2
1445162757 153
1445162757 41
1445162757 6
1445162757 72
1445162757 6
1445162757 41
1445162757 141
1445162757 41
1445162757 9
1445162757 137
1445162757 128
1445162757 141
1445162757 81
1445162757 18
1445162757 11
1445162757 4
1445162757 131
1445162757 131
1445162757 126
1445162757 149
1445162757 149
1445162757 149
1445162757 23
1445162757 23
1445162757 23
1445162757 23
1445162757 19
1445162757 136
1445162757 2
1445162757 2
1445162757 2
1445162757 153
1445162757 41
1445162757 6
1445162757 72
1445162757 6
1445162757 41
1445162757 141
1445162757 41
1445162757 9
1445162757 137
1445162757 128
1445162757 141
1445162757 160
1445162757 147
1445162758 80
1445162758 14
1445162758 18
1445162758 11
1445162758 4
1445162758 131
1445162758 131
1445162758 126
1445162758 149
1445162758 149
1445162758 149
1445162758 23
1445162758 23
1445162758 19
1445162758 136
1445162758 2
1445162758 2
1445162758 2
1445162758 153
1445162758 41
1445162758 6
1445162758 72
1445162758 6
1445162758 41
1445162758 141
1445162758 41
1445162758 9
1445162758 137
1445162758 128
1445162758 141
1445162758 81
1445162758 18
1445162758 11
1445162758 4
1445162758 131
1445162758 131
1445162758 126
1445162758 149
1445162758 149
1445162758 149
1445162758 23
1445162758 23
1445162758 19
1445162758 136
1445162758 2
1445162758 2
1445162758 2
1445162758 153
1445162758 41
1445162758 6
1445162758 72
1445162758 6
1445162758 41
1445162758 141
1445162758 41
1445162758 9
1445162758 137
1445162758 128
1445162758 141
1445162758 160
1445162758 147
1445162758 80
1445162758 97
1445162758 39
1445162758 71
1445162758 148
1445162758 62
1445162758 62
1445162758 53
1445162758 53
1445162758 15
1445162758 15
1445162758 44
1445162758 12
1445162758 144
1445162758 71
1445162758 148
1445162758 62
1445162758 127
1445162758 42
1445162758 42
1445162758 12
1445162758 126
1445162758 126
1445162758 126
1445162758 23
1445162758 23
1445162758 23
1445162758 23
1445162758 23
1445162758 19
1445162758 136
1445162758 2
1445162758 2
1445162758 2
1445162758 153
1445162758 41
1445162758 6
1445162758 72
1445162758 6
1445162758 41
1445162758 141
1445162758 41
1445162758 9
1445162758 137
1445162758 128
1445162758 141
1445162758 18
1445162758 11
1445162758 4
1445162758 131
1445162758 131
1445162758 131
1445162758 152
1445162758 152
1445162758 15
1445162758 152
1445162758 15
1445162758 170
1445162758 67
1445162758 102
1445162758 25
1445162758 25
1445162763 75
1445162763 102
1445162763 160
1445162785 39
1445162785 71
1445162785 148
1445162785 62
1445162785 62
1445162785 53
1445162785 53
1445162785 15
1445162785 15
1445162785 44
1445162785 12
1445162785 144
1445162785 71
1445162785 148
1445162785 62
1445162785 127
1445162785 42
1445162785 42
1445162785 12
1445162785 126
1445162785 126
1445162785 126
1445162785 23
1445162785 23
1445162785 23
1445162785 23
1445162785 23
1445162785 19
1445162785 136
1445162785 2
1445162785 2
1445162785 2
1445162785 153
1445162785 41
1445162785 6
1445162785 72
1445162785 6
1445162785 41
1445162785 141
1445162785 41
1445162785 9
1445162785 137
1445162785 128
1445162785 141
1445162785 18
1445162785 11
1445162785 4
1445162785 131
1445162785 131
1445162785 131
1445162785 152
1445162785 152
1445162785 15
1445162785 152
1445162785 15
1445162785 170
1445162785 170
1445162785 154
1445162786 80
1445162786 39
1445162786 71
1445162786 148
1445162786 62
1445162786 62
1445162786 53
1445162786 53
1445162786 15
1445162786 15
1445162786 44
1445162786 12
1445162786 126
1445162786 71
1445162786 148
1445162786 62
1445162786 127
1445162786 42
1445162786 42
1445162786 12
1445162786 19
1445162786 144
1445162786 144
1445162786 128
1445162786 149
1445162786 153
1445162786 153
1445162786 91
1445162786 41
1445162786 9
1445162786 137
1445162786 128
1445162786 141
1445162786 18
1445162786 11
1445162786 4
1445162786 131
1445162786 131
1445162786 131
1445162786 152
1445162786 152
1445162786 15
1445162786 152
1445162786 15
1445162786 170
1445162786 170
1445162786 16
1445162786 16
1445162786 111
