1445067485 8
1445067485 147
1445067485 16
1445067485 102
1445067485 83
1445067485 8
1445067486 147
1445067486 160
1445067487 82
1445067487 67
1445067488 22
1445067488 102
1445067488 3
1445067488 75
1445067488 25
1445067488 25
1445067488 154
1445067493 102
1445067493 25
1445067493 25
1445067493 102
1445067505 75
1445067505 25
1445067526 102
1445067526 25
1445067526 25
1445067526 102
1445067537 75
1445067537 25
1445067544 67
1445067544 102
1445067544 25
1445067544 25
1445067553 75
1445067553 102
1445067553 160
1445067564 129
1445067564 3
