1445092029 24
1445092029 12
1445092029 19
1445092029 21
1445092029 6
1445092029 5
1445092030 2
1445092032 4
1445092033 8
1445092034 13
1445092035 7
1445092036 30
1445092036 11
1445092036 26
1445092036 22
1445092036 28
1445092036 9
1445092047 23
1445092047 16
1445092047 18
1445092047 30
1445092068 31
1445092068 17
1445092073 23
1445092073 16
1445092073 18
1445092073 30
1445092100 31
1445092100 17
1445092104 23
1445092104 16
1445092104 18
1445092104 30
1445092129 31
1445092130 17
1445092134 23
1445092134 16
1445092134 18
1445092134 30
1445092159 31
1445092159 17
1445092163 23
1445092163 16
1445092163 18
1445092163 30
1445092189 31
1445092189 17
1445092193 23
1445092193 16
1445092193 18
1445092193 30
1445092194 14
1445092218 31
1445092218 17
1445092218 23
1445092218 16
1445092218 18
1445092222 29
1445092222 25
1445092223 1
1445092281 3
1445092282 27
1445092282 20
1445092282 15
1445092282 10
