1445247699 21
1445247699 12
1445247699 17
1445247699 22
1445247699 6
1445247699 4
1445247700 2
1445247700 5
1445247701 7
1445247701 9
1445247702 8
1445247702 27
1445247702 13
1445247702 25
1445247702 18
1445247702 23
1445247702 11
1445247706 19
1445247706 15
1445247706 16
1445247706 27
1445247717 26
1445247717 14
1445247719 19
1445247719 15
1445247719 16
1445247719 27
1445247728 26
1445247728 14
1445247731 19
1445247731 15
1445247731 16
1445247731 27
1445247740 26
1445247740 14
1445247742 19
1445247742 15
1445247742 16
1445247742 27
1445247752 26
1445247752 14
1445247755 19
1445247755 15
1445247755 16
1445247755 27
1445247765 26
1445247765 14
1445247767 19
1445247767 15
1445247767 16
1445247767 27
1445247776 26
1445247776 14
1445247779 19
1445247779 15
1445247779 16
1445247779 27
1445247789 26
1445247789 14
1445247791 10
1445247791 19
1445247791 15
1445247791 16
1445247801 28
1445247801 20
1445247801 1
1445247832 3
1445247832 24
