1445176491 18
1445176491 12
1445176491 16
1445176491 20
1445176491 6
1445176491 4
1445176492 2
1445176492 5
1445176493 8
1445176493 13
1445176493 7
1445176493 26
1445176493 10
1445176493 19
1445176493 24
1445176493 25
1445176493 9
1445176495 21
1445176495 14
1445176495 15
1445176495 26
1445176503 28
1445176503 17
1445176504 21
1445176504 14
1445176504 15
1445176504 26
1445176512 28
1445176512 17
1445176513 21
1445176513 14
1445176513 15
1445176513 26
1445176521 28
1445176521 17
1445176522 21
1445176522 14
1445176522 15
1445176522 26
1445176530 28
1445176530 17
1445176531 11
1445176531 21
1445176531 14
1445176531 15
1445176538 27
1445176538 23
1445176538 1
1445176563 3
1445176563 22
