1445176491 8
1445176491 147
1445176491 16
1445176491 102
1445176491 83
1445176491 8
1445176492 147
1445176492 160
1445176493 82
1445176493 67
1445176493 22
1445176493 102
1445176493 3
1445176493 75
1445176493 25
1445176493 25
1445176493 154
1445176495 102
1445176495 25
1445176495 25
1445176495 102
1445176503 75
1445176503 25
1445176504 102
1445176504 25
1445176504 25
1445176504 102
1445176512 75
1445176512 25
1445176513 102
1445176513 25
1445176513 25
1445176513 102
1445176521 75
1445176521 25
1445176522 102
1445176522 25
1445176522 25
1445176522 102
1445176530 75
1445176530 25
1445176531 67
1445176531 102
1445176531 25
1445176531 25
1445176538 75
1445176538 102
1445176538 160
1445176563 129
1445176563 3
