1445076717 8
1445076717 147
1445076717 16
1445076717 102
1445076717 83
1445076717 8
1445076718 147
1445076718 160
1445076719 82
1445076719 67
1445076720 22
1445076720 102
1445076720 3
1445076720 75
1445076720 25
1445076720 25
1445076720 154
1445076723 102
1445076723 25
1445076723 25
1445076723 102
1445076734 75
1445076734 25
1445076737 102
1445076737 25
1445076737 25
1445076737 102
1445076746 75
1445076750 25
1445076752 67
1445076752 102
1445076752 25
1445076752 25
1445076761 75
1445076761 102
1445076761 160
1445076774 129
1445076774 3
