1445241142 24
1445241142 12
1445241142 14
1445241142 18
1445241142 6
1445241142 5
1445241143 2
1445241144 3
1445241145 8
1445241145 11
1445241145 7
1445241145 27
1445241145 10
1445241145 22
1445241145 23
1445241145 21
1445241145 13
1445241148 20
1445241148 16
1445241148 15
1445241148 27
1445241158 28
1445241158 17
1445241160 20
1445241160 16
1445241160 15
1445241160 27
1445241169 28
1445241169 17
1445241170 20
1445241170 16
1445241170 15
1445241170 27
1445241181 28
1445241181 17
1445241183 20
1445241183 16
1445241183 15
1445241183 27
1445241192 28
1445241192 17
1445241193 20
1445241193 16
1445241193 15
1445241193 27
1445241204 28
1445241204 17
1445241205 20
1445241205 16
1445241205 15
1445241205 27
1445241215 28
1445241215 17
1445241216 20
1445241216 16
1445241216 15
1445241216 27
1445241227 28
1445241227 17
1445241228 9
1445241228 20
1445241228 16
1445241228 15
1445241237 26
1445241237 19
1445241237 1
1445241275 4
1445241275 25
