1445067761 8
1445067761 147
1445067761 16
1445067761 102
1445067761 83
1445067761 8
1445067762 147
1445067763 160
1445067764 82
1445067764 67
1445067764 22
1445067764 102
1445067764 3
1445067764 75
1445067764 25
1445067764 25
1445067764 154
1445067769 102
1445067769 25
1445067769 25
1445067769 102
1445067780 75
1445067780 25
1445067784 102
1445067784 25
1445067784 25
1445067784 102
1445067794 75
1445067794 25
1445067798 102
1445067798 25
1445067798 25
1445067798 102
1445067807 75
1445067807 25
1445067811 102
1445067811 25
1445067811 25
1445067811 102
1445067821 75
1445067821 25
1445067825 102
1445067825 25
1445067825 25
1445067825 102
1445067834 75
1445067834 25
1445067838 102
1445067838 25
1445067838 25
1445067838 102
1445067849 75
1445067849 25
1445067853 102
1445067853 25
1445067853 25
1445067853 102
1445067862 75
1445067862 25
1445067864 67
1445067864 102
1445067864 25
1445067864 25
1445067874 75
1445067874 102
1445067874 160
1445067908 129
1445067908 3
1445067908 16
1445067908 16
1445067908 111
