1445088369 8
1445088369 147
1445088369 16
1445088369 102
1445088369 83
1445088369 8
1445088370 147
1445088370 160
1445088371 82
1445088371 67
1445088371 22
1445088371 102
1445088371 3
1445088371 75
1445088371 25
1445088371 25
1445088371 154
1445088373 102
1445088373 25
1445088373 25
1445088373 102
1445088383 75
1445088384 25
1445088385 102
1445088385 25
1445088385 25
1445088385 102
1445088396 75
1445088397 25
1445088398 102
1445088398 25
1445088398 25
1445088398 102
1445088407 75
1445088408 25
1445088409 102
1445088409 25
1445088409 25
1445088409 102
1445088417 75
1445088417 25
1445088419 102
1445088419 25
1445088419 25
1445088419 102
1445088428 75
1445088428 25
1445088430 102
1445088430 25
1445088430 25
1445088430 102
1445088430 67
1445088438 75
1445088438 25
1445088438 102
1445088438 25
1445088438 25
1445088439 75
1445088439 102
1445088439 160
1445088460 129
1445088460 3
