1445247563 25
1445247563 10
1445247563 20
1445247564 24
1445247564 6
1445247564 3
1445247564 2
1445247565 4
1445247566 8
1445247566 14
1445247566 7
1445247566 30
1445247566 9
1445247566 28
1445247566 26
1445247566 23
1445247566 11
1445247571 22
1445247571 18
1445247571 17
1445247571 30
1445247583 31
1445247583 16
1445247585 22
1445247585 18
1445247585 17
1445247585 30
1445247596 31
1445247596 16
1445247598 22
1445247598 18
1445247598 17
1445247598 30
1445247608 31
1445247608 16
1445247610 22
1445247610 18
1445247610 17
1445247610 30
1445247621 31
1445247621 16
1445247623 22
1445247623 18
1445247623 17
1445247623 30
1445247633 31
1445247633 16
1445247635 22
1445247635 18
1445247635 17
1445247635 30
1445247645 31
1445247645 16
1445247647 22
1445247647 18
1445247647 17
1445247647 30
1445247656 31
1445247656 16
1445247658 13
1445247658 22
1445247658 18
1445247658 17
1445247667 29
1445247667 27
1445247667 1
1445247697 5
1445247697 21
1445247697 19
1445247697 15
1445247697 12
