1445247563 8
1445247563 147
1445247563 16
1445247564 102
1445247564 83
1445247564 8
1445247564 147
1445247565 160
1445247566 82
1445247566 67
1445247566 22
1445247566 102
1445247566 3
1445247566 75
1445247566 25
1445247566 25
1445247566 154
1445247571 102
1445247571 25
1445247571 25
1445247571 102
1445247583 75
1445247583 25
1445247585 102
1445247585 25
1445247585 25
1445247585 102
1445247596 75
1445247596 25
1445247598 102
1445247598 25
1445247598 25
1445247598 102
1445247608 75
1445247608 25
1445247610 102
1445247610 25
1445247610 25
1445247610 102
1445247621 75
1445247621 25
1445247623 102
1445247623 25
1445247623 25
1445247623 102
1445247633 75
1445247633 25
1445247635 102
1445247635 25
1445247635 25
1445247635 102
1445247645 75
1445247645 25
1445247647 102
1445247647 25
1445247647 25
1445247647 102
1445247656 75
1445247656 25
1445247658 67
1445247658 102
1445247658 25
1445247658 25
1445247667 75
1445247667 102
1445247667 160
1445247697 129
1445247697 3
1445247697 16
1445247697 16
1445247697 111
