1445067507 24
1445067508 11
1445067508 17
1445067508 23
1445067508 6
1445067508 4
1445067514 2
1445067515 5
1445067519 8
1445067519 10
1445067520 7
1445067521 30
1445067521 13
1445067521 22
1445067521 26
1445067521 27
1445067521 9
1445067586 28
1445067586 19
1445067586 15
1445067586 30
1445067608 29
1445067608 16
1445067641 28
1445067641 19
1445067641 15
1445067641 30
1445067667 29
1445067667 16
1445067676 14
1445067676 28
1445067676 19
1445067676 15
1445067703 31
1445067704 25
1445067704 1
1445067753 3
1445067755 21
1445067755 20
1445067755 18
1445067755 12
