1445067507 8
1445067508 147
1445067508 16
1445067508 102
1445067508 83
1445067508 8
1445067514 147
1445067515 160
1445067519 82
1445067519 67
1445067520 22
1445067521 102
1445067521 3
1445067521 75
1445067521 25
1445067521 25
1445067521 154
1445067586 102
1445067586 25
1445067586 25
1445067586 102
1445067608 75
1445067608 25
1445067641 102
1445067641 25
1445067641 25
1445067641 102
1445067667 75
1445067667 25
1445067676 67
1445067676 102
1445067676 25
1445067676 25
1445067703 75
1445067704 102
1445067704 160
1445067753 129
1445067755 3
1445067755 16
1445067755 16
1445067755 111
