1445092191 17
1445092192 17
1445092192 17
1445092192 17
1445092193 17
1445092193 17
1445092193 17
1445092193 17
1445092193 17
1445092193 17
1445092193 17
1445092193 17
1445092193 17
1445092193 17
1445092193 17
1445092193 17
1445092193 17
1445092193 17
1445092193 17
1445092193 17
1445092193 17
1445092194 17
1445092194 17
1445092194 17
1445092194 17
1445092194 17
1445092194 17
1445092194 17
1445092194 17
1445092194 17
1445092194 17
1445092194 17
1445092194 17
1445092194 17
1445092194 17
1445092194 17
1445092194 17
1445092194 17
1445092194 17
1445092194 17
1445092194 17
1445092194 17
1445092194 17
1445092194 17
1445092194 17
1445092194 17
1445092194 17
1445092194 17
1445092194 8
1445092195 17
1445092195 17
1445092195 17
1445092195 17
1445092195 17
1445092195 17
1445092195 17
1445092195 15
1445092195 2
1445092195 14
1445092195 17
1445092196 17
1445092196 17
1445092196 17
1445092196 17
1445092196 17
1445092196 17
1445092196 17
1445092196 17
1445092196 17
1445092196 17
1445092196 17
1445092196 17
1445092196 17
1445092196 17
1445092196 17
1445092196 17
1445092197 17
1445092197 17
1445092197 17
1445092197 17
1445092197 17
1445092197 17
1445092197 17
1445092197 17
1445092197 17
1445092197 17
1445092197 17
1445092197 17
1445092197 17
1445092197 17
1445092197 17
1445092197 17
1445092197 17
1445092197 17
1445092197 17
1445092197 17
1445092197 17
1445092197 17
1445092197 17
1445092197 17
1445092197 17
1445092197 17
1445092197 17
1445092197 17
1445092197 17
1445092197 17
1445092197 17
1445092197 17
1445092197 17
1445092197 17
1445092197 17
1445092197 17
1445092197 17
1445092197 17
1445092197 17
1445092197 17
1445092197 17
1445092197 17
1445092197 17
1445092197 17
1445092197 17
1445092197 17
1445092197 17
1445092197 17
1445092197 17
1445092197 17
1445092197 17
1445092197 17
1445092197 17
1445092197 17
1445092197 17
1445092197 17
1445092197 17
1445092197 17
1445092197 17
1445092197 17
1445092197 17
1445092197 17
1445092197 17
1445092197 17
1445092197 17
1445092197 17
1445092197 17
1445092197 17
1445092197 17
1445092197 17
1445092197 17
1445092197 17
1445092197 17
1445092197 17
1445092197 17
1445092197 17
1445092197 17
1445092197 17
1445092197 17
1445092197 17
1445092197 17
1445092197 17
1445092197 17
1445092197 17
1445092197 17
1445092197 17
1445092197 17
1445092197 17
1445092197 17
1445092197 17
1445092197 17
1445092197 17
1445092197 17
1445092197 17
1445092197 17
1445092197 17
1445092198 17
1445092198 17
1445092198 17
1445092198 17
1445092199 17
1445092201 17
1445092201 17
1445092201 17
1445092201 17
1445092201 17
1445092201 17
1445092201 17
1445092201 17
1445092201 17
1445092201 17
1445092201 17
1445092201 17
1445092201 17
1445092201 17
1445092201 17
1445092201 17
1445092201 17
1445092201 17
1445092201 17
1445092202 17
1445092203 17
1445092203 17
1445092203 17
1445092204 17
1445092205 17
1445092206 17
1445092207 17
1445092208 17
1445092209 17
1445092210 17
1445092210 17
1445092211 17
1445092212 17
1445092213 17
1445092213 17
1445092214 17
1445092215 17
1445092216 17
1445092217 17
1445092217 17
1445092218 17
1445092219 17
1445092220 17
1445092220 17
1445092221 17
1445092222 17
1445092223 17
1445092223 17
1445092224 17
1445092225 17
1445092226 17
1445092226 17
1445092227 17
1445092228 17
1445092229 17
1445092229 17
1445092230 17
1445092231 17
1445092232 17
1445092232 17
1445092233 17
1445092234 17
1445092235 17
1445092235 17
1445092236 17
1445092237 17
1445092238 17
1445092238 17
1445092239 17
1445092240 17
1445092241 17
1445092241 17
1445092242 17
1445092243 17
1445092244 17
1445092244 17
1445092245 17
1445092246 17
1445092247 17
1445092247 17
1445092248 17
1445092249 17
1445092250 17
1445092250 17
1445092251 17
1445092253 17
1445092256 17
1445092314 17
1445092319 17
1445092322 17
1445092325 17
1445092328 17
1445092331 17
1445092334 17
1445092337 17
1445092340 17
1445092344 17
1445092347 17
1445092350 17
1445092353 17
1445092356 17
1445092359 17
1445092362 17
1445092365 17
1445092368 17
1445092371 17
1445092374 17
1445092377 17
1445092380 17
1445092383 17
1445092386 17
1445092389 17
1445092392 17
1445092395 17
1445092398 17
1445092401 17
1445092411 6
1445092411 7
1445092411 11
1445092411 1
1445092416 17
1445092419 17
1445092422 17
1445092425 17
1445092428 17
1445092431 17
1445092434 17
1445092437 17
1445092440 17
1445092443 17
1445092446 17
1445092449 17
1445092452 17
1445092455 17
1445092458 17
1445092461 17
1445092464 17
1445092467 17
1445092470 17
1445092473 17
1445092476 17
1445092479 17
1445092482 17
1445092485 17
1445092488 17
1445092491 17
1445092494 17
1445092497 17
1445092500 17
1445092503 17
1445092506 17
1445092509 17
1445092512 17
1445092515 17
1445092518 17
1445092521 17
1445092524 17
1445092527 17
1445092530 17
1445092533 17
1445092536 17
1445092539 17
1445092542 17
1445092545 17
1445092548 17
1445092551 17
1445092554 17
1445092557 17
1445092560 17
1445092564 17
1445092567 17
1445092570 17
1445092573 17
1445092576 17
1445092579 17
1445092582 17
1445092585 17
1445092588 17
1445092591 17
1445092594 17
1445092597 17
1445092600 17
1445092603 17
1445092606 17
1445092609 17
1445092612 17
1445092615 17
1445092618 17
1445092621 17
1445092624 17
1445092627 17
1445092630 17
1445092633 17
1445092636 17
1445092639 17
1445092642 17
1445092645 17
1445092648 17
1445092669 17
1445092672 17
1445092675 17
1445092678 17
1445092681 17
1445092684 17
1445092687 17
1445092690 17
1445092693 17
1445092696 17
1445092699 17
1445092702 17
1445092705 17
1445092708 17
1445092711 17
1445092714 17
1445092717 17
1445092720 17
1445092723 17
1445092726 17
1445092729 17
1445092732 17
1445092735 17
1445092738 17
1445092741 17
1445092744 17
1445092747 17
1445092750 17
1445092753 17
1445092756 17
1445092759 17
1445092762 17
1445092765 17
1445092768 17
1445092771 17
1445092774 17
1445092777 17
1445092780 17
1445092782 17
1445092782 17
1445092782 17
1445092782 17
1445092782 17
1445092782 17
1445092782 17
1445092782 17
1445092782 17
1445092782 17
1445092782 17
1445092782 17
1445092782 17
1445092782 17
1445092782 17
1445092782 17
1445092782 17
1445092782 17
1445092782 17
1445092782 17
1445092782 17
1445092782 17
1445092782 17
1445092782 17
1445092782 17
1445092782 17
1445092782 17
1445092783 17
1445092783 9
1445092783 17
1445092783 9
1445092783 17
1445092783 12
1445092783 17
1445092783 12
1445092783 17
1445092783 5
1445092783 16
1445092783 17
1445092783 4
1445092783 13
1445092783 17
1445092783 3
1445092783 10
1445092783 17
1445092783 17
1445092783 17
1445092783 17
1445092784 17
1445092784 17
1445092784 17
1445092784 17
1445092784 17
1445092784 17
