1445241597 8
1445241597 147
1445241597 16
1445241597 102
1445241597 83
1445241597 8
1445241598 147
1445241598 160
1445241599 82
1445241599 67
1445241599 22
1445241599 102
1445241599 3
1445241599 75
1445241599 25
1445241599 25
1445241600 154
1445241604 102
1445241604 25
1445241604 25
1445241604 102
1445241615 75
1445241619 25
1445241622 102
1445241622 25
1445241622 25
1445241622 102
1445241632 75
1445241632 25
1445241633 102
1445241633 25
1445241633 25
1445241633 102
1445241643 75
1445241643 25
1445241645 102
1445241645 25
1445241645 25
1445241645 102
1445241655 75
1445241655 25
1445241658 102
1445241658 25
1445241658 25
1445241658 102
1445241667 75
1445241667 25
1445241670 102
1445241670 25
1445241670 25
1445241670 102
1445241679 75
1445241680 25
1445241682 102
1445241682 25
1445241682 25
1445241682 102
1445241693 75
1445241693 25
1445241695 67
1445241695 102
1445241695 25
1445241695 25
1445241702 75
1445241702 102
1445241703 160
1445241736 129
1445241736 3
