1445088456 8
1445088456 147
1445088456 16
1445088456 102
1445088456 83
1445088457 8
1445088457 147
1445088458 160
1445088458 82
1445088458 67
1445088459 22
1445088459 102
1445088459 3
1445088459 75
1445088459 25
1445088459 25
1445088459 154
1445088460 102
1445088460 25
1445088460 25
1445088460 102
1445088469 75
1445088469 25
1445088470 102
1445088470 25
1445088470 25
1445088470 102
1445088478 75
1445088478 25
1445088478 102
1445088478 25
1445088478 25
1445088478 102
1445088487 75
1445088487 25
1445088488 102
1445088488 25
1445088488 25
1445088488 102
1445088496 75
1445088496 25
1445088497 102
1445088497 25
1445088497 25
1445088497 102
1445088506 75
1445088506 25
1445088507 102
1445088507 25
1445088507 25
1445088507 102
1445088507 67
1445088515 75
1445088515 25
1445088515 102
1445088515 25
1445088515 25
1445088516 75
1445088516 102
1445088516 160
1445088543 129
1445088543 3
1445088543 16
1445088543 16
1445088543 111
