1445073327 25
1445073327 11
1445073327 17
1445073327 20
1445073327 6
1445073327 5
1445073328 2
1445073328 4
1445073329 8
1445073329 9
1445073329 7
1445073330 26
1445073330 13
1445073330 21
1445073330 24
1445073330 18
1445073330 12
1445073334 23
1445073334 16
1445073334 15
1445073334 26
1445073345 27
1445073345 14
1445073348 23
1445073348 16
1445073348 15
1445073348 26
1445073358 27
1445073358 14
1445073360 23
1445073360 16
1445073360 15
1445073360 26
1445073371 27
1445073371 14
1445073373 23
1445073373 16
1445073373 15
1445073373 26
1445073383 27
1445073383 14
1445073386 23
1445073386 16
1445073386 15
1445073386 26
1445073395 27
1445073395 14
1445073397 23
1445073397 16
1445073397 15
1445073397 26
1445073407 27
1445073407 14
1445073409 23
1445073409 16
1445073409 15
1445073409 26
1445073419 27
1445073419 14
1445073420 10
1445073420 23
1445073420 16
1445073420 15
1445073429 28
1445073429 22
1445073429 1
1445073459 3
1445073459 19
