1445073327 8
1445073327 147
1445073327 16
1445073327 102
1445073327 83
1445073327 8
1445073328 147
1445073328 160
1445073329 82
1445073329 67
1445073329 22
1445073330 102
1445073330 3
1445073330 75
1445073330 25
1445073330 25
1445073330 154
1445073334 102
1445073334 25
1445073334 25
1445073334 102
1445073345 75
1445073345 25
1445073348 102
1445073348 25
1445073348 25
1445073348 102
1445073358 75
1445073358 25
1445073360 102
1445073360 25
1445073360 25
1445073360 102
1445073371 75
1445073371 25
1445073373 102
1445073373 25
1445073373 25
1445073373 102
1445073383 75
1445073383 25
1445073386 102
1445073386 25
1445073386 25
1445073386 102
1445073395 75
1445073395 25
1445073397 102
1445073397 25
1445073397 25
1445073397 102
1445073407 75
1445073407 25
1445073409 102
1445073409 25
1445073409 25
1445073409 102
1445073419 75
1445073419 25
1445073420 67
1445073420 102
1445073420 25
1445073420 25
1445073429 75
1445073429 102
1445073429 160
1445073459 129
1445073459 3
