1445088263 8
1445088263 147
1445088263 16
1445088263 102
1445088263 83
1445088263 8
1445088264 147
1445088264 160
1445088265 82
1445088265 67
1445088266 22
1445088266 102
1445088266 3
1445088266 75
1445088266 25
1445088266 25
1445088266 154
1445088268 102
1445088268 25
1445088268 25
1445088268 102
1445088279 75
1445088279 25
1445088280 102
1445088280 25
1445088280 25
1445088280 102
1445088292 75
1445088292 25
1445088294 102
1445088294 25
1445088294 25
1445088294 102
1445088304 75
1445088304 25
1445088305 102
1445088305 25
1445088305 25
1445088305 102
1445088314 75
1445088314 25
1445088316 102
1445088316 25
1445088316 25
1445088316 102
1445088325 75
1445088325 25
1445088327 102
1445088327 25
1445088327 25
1445088327 102
1445088327 67
1445088336 75
1445088336 25
1445088336 102
1445088336 25
1445088336 25
1445088337 75
1445088337 102
1445088337 160
1445088384 129
1445088384 3
1445088384 16
1445088384 16
1445088384 111
