1445068415 20
1445068415 10
1445068415 17
1445068415 23
1445068415 6
1445068415 3
1445068415 2
1445068416 4
1445068416 8
1445068416 13
1445068416 7
1445068416 28
1445068416 9
1445068416 18
1445068416 22
1445068416 19
1445068416 11
1445068421 24
1445068421 16
1445068421 15
1445068421 28
1445068431 27
1445068431 14
1445068440 24
1445068440 16
1445068440 15
1445068440 28
1445068450 27
1445068450 14
1445068457 12
1445068457 24
1445068457 16
1445068457 15
1445068465 26
1445068465 25
1445068465 1
1445068481 5
1445068481 21
