1445068415 8
1445068415 147
1445068415 16
1445068415 102
1445068415 83
1445068415 8
1445068415 147
1445068416 160
1445068416 82
1445068416 67
1445068416 22
1445068416 102
1445068416 3
1445068416 75
1445068416 25
1445068416 25
1445068416 154
1445068421 102
1445068421 25
1445068421 25
1445068421 102
1445068431 75
1445068431 25
1445068440 102
1445068440 25
1445068440 25
1445068440 102
1445068450 75
1445068450 25
1445068457 67
1445068457 102
1445068457 25
1445068457 25
1445068465 75
1445068465 102
1445068465 160
1445068481 129
1445068481 3
