1445088544 22
1445088544 10
1445088544 16
1445088544 23
1445088544 6
1445088544 5
1445088545 2
1445088546 3
1445088548 7
1445088548 13
1445088548 8
1445088548 28
1445088548 11
1445088548 25
1445088548 21
1445088548 20
1445088548 12
1445088550 18
1445088550 17
1445088550 15
1445088550 28
1445088559 27
1445088559 14
1445088560 18
1445088560 17
1445088560 15
1445088560 28
1445088568 27
1445088568 14
1445088569 18
1445088569 17
1445088569 15
1445088569 28
1445088578 27
1445088578 14
1445088579 18
1445088579 17
1445088579 15
1445088579 28
1445088588 27
1445088588 14
1445088590 18
1445088590 17
1445088590 15
1445088590 28
1445088599 27
1445088599 14
1445088600 18
1445088600 17
1445088600 15
1445088600 28
1445088600 9
1445088609 27
1445088609 14
1445088609 18
1445088609 17
1445088609 15
1445088610 26
1445088610 24
1445088610 1
1445088644 4
1445088644 19
