1445093452 8
1445093452 147
1445093452 16
1445093452 102
1445093452 83
1445093453 8
1445093453 147
1445093454 160
1445093455 82
1445093455 67
1445093455 154
1445093455 0
1445093455 58
1445093455 78
1445093455 78
1445093455 78
1445093455 78
1445093455 58
1445093455 60
1445093455 60
1445093455 60
1445093455 60
1445093455 167
1445093455 167
1445093461 167
1445093461 1
1445093461 78
1445093461 78
1445093461 60
1445093461 60
1445093461 167
1445093462 167
1445093462 1
1445093462 78
1445093462 78
1445093462 60
1445093462 60
1445093462 167
1445093466 167
1445093466 1
1445093470 167
1445093470 60
1445093470 167
1445093478 167
1445093478 60
1445093478 167
1445093486 167
1445093486 60
1445093486 167
1445093494 167
1445093494 60
1445093494 167
1445093503 167
1445093503 60
1445093503 167
1445093511 167
1445093511 60
1445093511 167
1445093519 167
1445093519 58
1445093519 1
1445093519 0
1445093519 120
1445093519 120
1445093519 102
1445093519 160
1445093519 60
1445093780 129
1445093780 129
1445093780 167
1445093780 3
