1445092007 23
1445092007 10
1445092007 17
1445092007 18
1445092007 6
1445092007 5
1445092007 2
1445092008 4
1445092009 7
1445092009 13
1445092009 8
1445092009 26
1445092009 9
1445092009 20
1445092009 19
1445092009 24
1445092009 12
1445092012 25
1445092012 14
1445092012 16
1445092012 26
1445092021 28
1445092021 15
1445092022 25
1445092022 14
1445092022 16
1445092022 26
1445092030 28
1445092030 15
1445092031 25
1445092031 14
1445092031 16
1445092031 26
1445092038 28
1445092038 15
1445092039 25
1445092039 14
1445092039 16
1445092039 26
1445092046 28
1445092046 15
1445092047 25
1445092047 14
1445092047 16
1445092047 26
1445092055 28
1445092055 15
1445092056 25
1445092056 14
1445092056 16
1445092056 26
1445092057 11
1445092064 28
1445092064 15
1445092064 25
1445092064 14
1445092064 16
1445092064 27
1445092065 22
1445092065 1
1445092087 3
1445092087 21
