1445076710 8
1445076710 147
1445076710 16
1445076710 102
1445076710 83
1445076711 8
1445076711 147
1445076712 160
1445076713 82
1445076713 67
1445076713 22
1445076713 102
1445076713 3
1445076713 75
1445076713 25
1445076713 25
1445076713 154
1445076718 102
1445076718 25
1445076718 25
1445076718 102
1445076730 75
1445076738 25
1445076740 102
1445076740 25
1445076740 25
1445076740 102
1445076751 75
1445076751 25
1445076754 102
1445076754 25
1445076754 25
1445076754 102
1445076764 75
1445076764 25
1445076766 102
1445076766 25
1445076766 25
1445076766 102
1445076777 75
1445076777 25
1445076779 102
1445076779 25
1445076779 25
1445076779 102
1445076790 75
1445076790 25
1445076792 102
1445076792 25
1445076792 25
1445076792 102
1445076803 75
1445076803 25
1445076805 102
1445076805 25
1445076805 25
1445076805 102
1445076815 75
1445076815 25
1445076816 67
1445076816 102
1445076816 25
1445076816 25
1445076825 75
1445076825 102
1445076825 160
1445076852 129
1445076852 3
