1445241001 18
1445241001 13
1445241001 14
1445241001 23
1445241001 6
1445241001 5
1445241002 2
1445241003 4
1445241004 8
1445241004 11
1445241004 7
1445241004 26
1445241004 9
1445241004 21
1445241004 22
1445241004 19
1445241004 12
1445241008 24
1445241008 15
1445241008 17
1445241008 26
1445241019 28
1445241019 16
1445241021 24
1445241021 15
1445241021 17
1445241021 26
1445241031 28
1445241031 16
1445241033 10
1445241033 24
1445241033 15
1445241033 17
1445241042 27
1445241042 20
1445241042 1
1445241053 3
1445241053 25
