1445241001 8
1445241001 147
1445241001 16
1445241001 102
1445241001 83
1445241001 8
1445241002 147
1445241003 160
1445241004 82
1445241004 67
1445241004 22
1445241004 102
1445241004 3
1445241004 75
1445241004 25
1445241004 25
1445241004 154
1445241008 102
1445241008 25
1445241008 25
1445241008 102
1445241019 75
1445241019 25
1445241021 102
1445241021 25
1445241021 25
1445241021 102
1445241031 75
1445241031 25
1445241033 67
1445241033 102
1445241033 25
1445241033 25
1445241042 75
1445241042 102
1445241042 160
1445241053 129
1445241053 3
