1445241023 19
1445241023 8
1445241023 11
1445241023 18
1445241023 4
1445241024 2
1445241025 1
1445241027 3
1445241029 5
1445241029 7
1445241034 6
1445241035 22
1445241035 10
1445241035 16
1445241035 15
1445241035 20
1445241035 9
1445241061 17
1445241061 12
1445241061 14
1445241061 22
1445241121 21
1445241121 13
1445241130 17
1445241130 12
1445241130 14
1445241130 22
1445241189 21
1445241190 13
1445241198 17
1445241198 12
1445241198 14
1445241198 22
1445241256 21
1445241257 13
1445241266 17
1445241266 12
1445241266 14
1445241266 22
