1445241023 8
1445241023 147
1445241023 16
1445241023 102
1445241023 83
1445241024 8
1445241025 147
1445241027 160
1445241029 82
1445241029 67
1445241034 22
1445241035 102
1445241035 3
1445241035 75
1445241035 25
1445241035 25
1445241035 154
1445241061 102
1445241061 25
1445241061 25
1445241061 102
1445241121 75
1445241121 25
1445241130 102
1445241130 25
1445241130 25
1445241130 102
1445241189 75
1445241190 25
1445241198 102
1445241198 25
1445241198 25
1445241198 102
1445241256 75
1445241257 25
1445241266 102
1445241266 25
1445241266 25
1445241266 102
