1445241446 27
1445241446 24
1445241446 26
1445241446 29
1445241446 19
1445241446 18
1445241447 6
1445241447 16
1445241448 21
1445241448 25
1445241448 23
1445241448 20
1445241448 17
1445241448 11
1445241448 10
1445241448 11
1445241448 10
1445241448 12
1445241448 2
1445241448 2
1445241448 13
1445241448 4
1445241448 13
1445241448 4
1445241449 15
1445241449 15
1445241449 3
1445241449 11
1445241449 10
1445241449 2
1445241449 13
1445241449 4
1445241449 9
1445241449 11
1445241449 10
1445241449 2
1445241449 13
1445241449 4
1445241450 15
1445241450 13
1445241450 4
1445241450 15
1445241450 13
1445241450 4
1445241450 15
1445241450 13
1445241450 4
1445241451 15
1445241451 13
1445241451 4
1445241451 15
1445241451 5
1445241451 15
1445241451 8
1445241463 12
1445241463 11
1445241463 10
1445241463 2
1445241463 13
1445241463 4
1445241464 15
1445241464 7
1445241534 14
1445241534 1
1445241534 36
1445241534 38
1445241534 38
1445241534 31
1445241534 40
1445241534 28
1445241534 30
1445241534 22
1445241534 44
1445241534 43
1445241534 41
1445241534 42
1445241534 45
1445241534 33
1445241534 37
1445241534 39
1445241534 39
1445241534 48
1445241534 48
1445241534 34
1445241534 47
1445241534 49
1445241534 46
1445241534 32
1445241534 35
