1445241446 8
1445241446 147
1445241446 16
1445241446 102
1445241446 83
1445241446 8
1445241447 147
1445241447 160
1445241448 82
1445241448 67
1445241448 154
1445241448 0
1445241448 58
1445241448 78
1445241448 78
1445241448 78
1445241448 78
1445241448 58
1445241448 60
1445241448 60
1445241448 60
1445241448 167
1445241448 60
1445241448 167
1445241449 167
1445241449 167
1445241449 1
1445241449 78
1445241449 78
1445241449 60
1445241449 60
1445241449 167
1445241449 1
1445241449 78
1445241449 78
1445241449 60
1445241449 60
1445241449 167
1445241450 167
1445241450 60
1445241450 167
1445241450 167
1445241450 60
1445241450 167
1445241450 167
1445241450 60
1445241450 167
1445241451 167
1445241451 60
1445241451 167
1445241451 167
1445241451 1
1445241451 167
1445241451 1
1445241463 58
1445241463 78
1445241463 78
1445241463 60
1445241463 60
1445241463 167
1445241464 167
1445241464 1
1445241534 58
1445241534 145
1445241534 53
1445241534 15
1445241534 15
1445241534 44
1445241534 12
1445241534 122
1445241534 122
1445241534 36
1445241534 164
1445241534 106
1445241534 4
1445241534 106
1445241534 106
1445241534 144
1445241534 53
1445241534 53
1445241534 53
1445241534 51
1445241534 51
1445241534 152
1445241534 51
1445241534 136
1445241534 51
1445241534 152
1445241534 15
