1445235826 8
1445235826 147
1445235826 16
1445235826 102
1445235826 83
1445235826 8
1445235827 147
1445235827 160
1445235828 82
1445235828 67
1445235829 22
1445235829 102
1445235829 3
1445235829 75
1445235829 25
1445235829 25
1445235829 154
1445235831 102
1445235831 25
1445235831 25
1445235831 102
1445235841 75
1445235841 25
1445235843 102
1445235843 25
1445235843 25
1445235843 102
1445235852 75
1445235852 25
1445235853 102
1445235853 25
1445235853 25
1445235853 102
1445235862 75
1445235862 25
1445235863 102
1445235863 25
1445235863 25
1445235863 102
1445235872 75
1445235872 25
1445235874 102
1445235874 25
1445235874 25
1445235874 102
1445235882 75
1445235882 25
1445235884 102
1445235884 25
1445235884 25
1445235884 102
1445235884 67
1445235892 75
1445235892 25
1445235892 102
1445235892 25
1445235892 25
1445235893 75
1445235893 102
1445235893 160
1445235931 129
1445235947 3
