1445175958 21
1445175958 9
1445175958 15
1445175958 23
1445175958 5
1445175958 4
1445175959 2
1445175961 3
1445175962 7
1445175962 10
1445175963 6
1445175963 25
1445175963 12
1445175963 20
1445175963 18
1445175963 22
1445175963 11
1445175970 19
1445175970 13
1445175970 16
1445175970 25
1445175986 26
1445175986 14
1445175990 19
1445175990 13
1445175990 16
1445175990 25
1445176007 26
1445176007 14
1445176011 19
1445176011 13
1445176011 16
1445176011 25
1445176027 26
1445176027 14
1445176032 19
1445176032 13
1445176032 16
1445176032 25
1445176049 26
1445176049 14
1445176053 19
1445176053 13
1445176053 16
1445176053 25
1445176069 26
1445176069 14
1445176072 19
1445176072 13
1445176072 16
1445176072 25
1445176073 8
1445176087 26
1445176087 14
1445176087 19
1445176087 13
1445176087 16
1445176089 24
1445176089 17
1445176089 1
