1445175958 8
1445175958 147
1445175958 16
1445175958 102
1445175958 83
1445175958 8
1445175959 147
1445175961 160
1445175962 82
1445175962 67
1445175963 22
1445175963 102
1445175963 3
1445175963 75
1445175963 25
1445175963 25
1445175963 154
1445175970 102
1445175970 25
1445175970 25
1445175970 102
1445175986 75
1445175986 25
1445175990 102
1445175990 25
1445175990 25
1445175990 102
1445176007 75
1445176007 25
1445176011 102
1445176011 25
1445176011 25
1445176011 102
1445176027 75
1445176027 25
1445176032 102
1445176032 25
1445176032 25
1445176032 102
1445176049 75
1445176049 25
1445176053 102
1445176053 25
1445176053 25
1445176053 102
1445176069 75
1445176069 25
1445176072 102
1445176072 25
1445176072 25
1445176072 102
1445176073 67
1445176087 75
1445176087 25
1445176087 102
1445176087 25
1445176087 25
1445176089 75
1445176089 102
1445176089 160
