1445094488 23
1445094488 10
1445094488 17
1445094488 20
1445094488 6
1445094488 3
1445094489 2
1445094490 5
1445094491 7
1445094491 12
1445094492 8
1445094492 27
1445094492 9
1445094492 24
1445094492 22
1445094492 18
1445094492 11
1445094495 21
1445094495 15
1445094495 16
1445094495 27
1445094504 28
1445094504 14
1445094505 21
1445094505 15
1445094505 16
1445094505 27
1445094513 28
1445094513 14
1445094514 21
1445094514 15
1445094514 16
1445094514 27
1445094522 28
1445094522 14
1445094523 21
1445094523 15
1445094523 16
1445094523 27
1445094533 28
1445094533 14
1445094533 21
1445094533 15
1445094533 16
1445094533 27
1445094544 28
1445094544 14
1445094545 21
1445094545 15
1445094545 16
1445094545 27
1445094545 13
1445094553 28
1445094553 14
1445094553 21
1445094553 15
1445094553 16
1445094554 26
1445094554 25
1445094554 1
1445094581 4
1445094582 19
