1445088592 23
1445088592 13
1445088592 16
1445088592 24
1445088592 6
1445088593 5
1445088595 2
1445088598 3
1445088601 8
1445088602 9
1445088611 7
1445088611 30
1445088611 12
1445088611 27
1445088611 21
1445088611 28
1445088611 14
1445088618 26
1445088618 17
1445088618 20
1445088618 30
1445088647 31
1445088647 18
1445088651 26
1445088651 17
1445088651 20
1445088651 30
1445088676 31
1445088676 18
1445088679 26
1445088679 17
1445088679 20
1445088679 30
1445088705 31
1445088705 18
1445088708 26
1445088708 17
1445088708 20
1445088708 30
1445088730 31
1445088730 18
1445088733 26
1445088733 17
1445088733 20
1445088733 30
1445088753 31
1445088753 18
1445088756 26
1445088756 17
1445088756 20
1445088756 30
1445088756 10
1445088773 31
1445088773 18
1445088773 26
1445088773 17
1445088773 20
1445088776 29
1445088776 22
1445088776 1
1445088827 4
1445088830 25
1445088830 19
1445088830 15
1445088830 11
