1445088592 8
1445088592 147
1445088592 16
1445088592 102
1445088592 83
1445088593 8
1445088595 147
1445088598 160
1445088601 82
1445088602 67
1445088611 22
1445088611 102
1445088611 3
1445088611 75
1445088611 25
1445088611 25
1445088611 154
1445088618 102
1445088618 25
1445088618 25
1445088618 102
1445088647 75
1445088647 25
1445088651 102
1445088651 25
1445088651 25
1445088651 102
1445088676 75
1445088676 25
1445088679 102
1445088679 25
1445088679 25
1445088679 102
1445088705 75
1445088705 25
1445088708 102
1445088708 25
1445088708 25
1445088708 102
1445088730 75
1445088730 25
1445088733 102
1445088733 25
1445088733 25
1445088733 102
1445088753 75
1445088753 25
1445088756 102
1445088756 25
1445088756 25
1445088756 102
1445088756 67
1445088773 75
1445088773 25
1445088773 102
1445088773 25
1445088773 25
1445088776 75
1445088776 102
1445088776 160
1445088827 129
1445088830 3
1445088830 16
1445088830 16
1445088830 111
