1445072856 8
1445072856 147
1445072856 16
1445072856 102
1445072856 83
1445072856 8
1445072857 147
1445072857 160
1445072858 82
1445072858 67
1445072858 154
1445072858 0
1445072858 58
1445072858 58
1445072858 78
1445072858 78
1445072858 60
1445072858 60
1445072858 167
1445072869 167
1445072869 1
1445072917 78
1445072917 58
1445072917 78
1445072917 60
1445072917 60
1445072917 167
1445072918 58
1445072919 78
1445072919 78
1445072919 58
1445072919 60
1445072919 60
1445072919 167
1445072922 58
1445072924 58
1445072927 58
1445072933 58
1445072933 167
1445072933 1
1445072933 78
1445072933 78
1445072933 60
1445072933 60
1445072933 167
1445072950 167
1445072950 1
1445072950 78
1445072950 78
1445072950 60
1445072950 60
1445072950 167
1445072952 167
1445072952 60
1445072952 167
1445072972 167
1445072972 60
1445072972 167
1445072974 167
1445072974 60
1445072974 167
1445072989 167
1445072989 60
1445072989 167
1445073000 167
1445073000 60
1445073000 167
1445073007 167
1445073007 1
1445073014 167
1445073014 58
1445073014 1
1445073014 0
1445073014 120
1445073014 120
1445073014 102
1445073014 160
1445073014 60
1445073067 129
1445073067 129
1445073067 167
1445073067 3
