1445248393 8
1445248393 147
1445248393 16
1445248393 102
1445248393 83
1445248393 8
1445248394 147
1445248395 160
1445248395 82
1445248395 67
1445248396 22
1445248396 102
1445248396 3
1445248396 75
1445248396 25
1445248396 25
1445248396 154
1445248400 102
1445248400 25
1445248400 25
1445248400 102
1445248411 75
1445248411 25
1445248413 102
1445248413 25
1445248413 25
1445248413 102
1445248422 75
1445248422 25
1445248425 102
1445248425 25
1445248425 25
1445248425 102
1445248434 75
1445248434 25
1445248436 102
1445248436 25
1445248436 25
1445248436 102
1445248446 75
1445248446 25
1445248448 102
1445248448 25
1445248448 25
1445248448 102
1445248458 75
1445248458 25
1445248460 102
1445248460 25
1445248460 25
1445248460 102
1445248470 75
1445248470 25
1445248472 102
1445248472 25
1445248472 25
1445248472 102
1445248481 75
1445248481 25
1445248483 67
1445248483 102
1445248483 25
1445248483 25
1445248492 75
1445248492 102
1445248492 160
1445248524 129
1445248524 3
