1445088387 8
1445088387 147
1445088387 16
1445088387 102
1445088387 83
1445088387 8
1445088388 147
1445088388 160
1445088389 82
1445088389 67
1445088389 22
1445088389 102
1445088389 3
1445088389 75
1445088389 25
1445088389 25
1445088389 154
1445088391 102
1445088391 25
1445088391 25
1445088391 102
1445088400 75
1445088404 25
1445088406 102
1445088406 25
1445088406 25
1445088406 102
1445088414 75
1445088416 25
1445088418 102
1445088418 25
1445088418 25
1445088418 102
1445088427 75
1445088427 25
1445088428 102
1445088428 25
1445088428 25
1445088428 102
1445088437 75
1445088437 25
1445088438 102
1445088438 25
1445088438 25
1445088438 102
1445088446 75
1445088446 25
1445088447 102
1445088447 25
1445088447 25
1445088447 102
1445088456 75
1445088456 25
1445088457 67
1445088457 102
1445088457 25
1445088457 25
1445088461 75
1445088461 102
1445088461 160
1445088493 129
1445088493 3
1445088493 16
1445088493 16
1445088493 111
