1445241280 8
1445241281 147
1445241281 16
1445241281 102
1445241281 83
1445241281 8
1445241282 147
1445241283 160
1445241284 82
1445241284 67
1445241284 22
1445241284 102
1445241284 3
1445241284 75
1445241284 25
1445241284 25
1445241284 154
1445241286 102
1445241286 25
1445241286 25
1445241286 102
1445241296 75
1445241296 25
1445241297 102
1445241297 25
1445241297 25
1445241297 102
1445241306 75
1445241306 25
1445241308 102
1445241308 25
1445241308 25
1445241308 102
1445241317 75
1445241317 25
1445241318 102
1445241318 25
1445241318 25
1445241318 102
1445241327 75
1445241327 25
1445241328 102
1445241328 25
1445241328 25
1445241328 102
1445241337 75
1445241337 25
1445241339 102
1445241339 25
1445241339 25
1445241339 102
1445241349 75
1445241349 25
1445241350 102
1445241350 25
1445241350 25
1445241350 102
1445241359 75
1445241359 25
1445241360 67
1445241360 102
1445241360 25
1445241360 25
1445241367 75
1445241367 102
1445241367 160
1445241397 129
1445241397 3
1445241397 16
1445241397 16
1445241397 111
