1445088259 19
1445088259 12
1445088259 16
1445088259 22
1445088259 6
1445088259 3
1445088260 2
1445088260 4
1445088261 8
1445088261 10
1445088262 7
1445088262 26
1445088262 13
1445088262 20
1445088262 23
1445088262 24
1445088262 9
1445088264 25
1445088264 17
1445088264 14
1445088264 26
1445088273 28
1445088273 15
1445088275 25
1445088275 17
1445088275 14
1445088275 26
1445088284 28
1445088284 15
1445088284 25
1445088284 17
1445088284 14
1445088284 26
1445088293 28
1445088293 15
1445088294 25
1445088294 17
1445088294 14
1445088294 26
1445088303 28
1445088303 15
1445088305 25
1445088305 17
1445088305 14
1445088305 26
1445088315 28
1445088315 15
1445088317 25
1445088317 17
1445088317 14
1445088317 26
1445088318 11
1445088327 28
1445088327 15
1445088327 25
1445088327 17
1445088327 14
1445088328 27
1445088328 18
1445088328 1
1445088352 5
1445088352 21
