1445162664 20
1445162665 12
1445162665 17
1445162665 18
1445162665 6
1445162665 5
1445162665 3
1445162666 4
1445162667 8
1445162667 11
1445162667 9
1445162667 29
1445162667 13
1445162667 19
1445162667 23
1445162667 22
1445162667 10
1445162670 21
1445162670 14
1445162670 16
1445162670 29
1445162682 30
1445162682 15
1445162683 21
1445162683 14
1445162683 16
1445162683 29
1445162694 30
1445162694 15
1445162696 21
1445162696 14
1445162696 16
1445162696 29
1445162705 30
1445162705 15
1445162707 21
1445162707 14
1445162707 16
1445162707 29
1445162716 30
1445162716 15
1445162718 21
1445162718 14
1445162718 16
1445162718 29
1445162727 30
1445162727 15
1445162729 21
1445162729 14
1445162729 16
1445162729 29
1445162740 30
1445162740 15
1445162741 21
1445162741 14
1445162741 16
1445162741 29
1445162748 1
1445162748 33
1445162748 34
1445162748 34
1445162748 31
1445162748 36
1445162748 27
1445162748 44
1445162748 7
1445162748 37
1445162748 39
1445162748 38
1445162748 41
1445162748 40
1445162748 26
1445162748 35
1445162748 32
1445162748 32
1445162748 46
1445162748 46
1445162748 28
1445162748 42
1445162748 43
1445162748 45
1445162748 24
1445162748 25
1445162748 -1
1445162750 30
1445162750 15
1445162771 2
1445162791 2
1445162811 2
1445162831 2
1445162851 2
1445162871 2
1445162891 2
1445162911 2
1445162931 2
1445162951 2
1445162971 2
1445162991 2
1445163011 2
1445163031 2
1445163051 2
1445163071 2
1445163091 2
1445163111 2
1445163131 2
1445163151 2
1445163171 2
1445163191 2
1445163211 2
1445163231 2
1445163251 2
1445163271 2
1445163291 2
1445163311 2
1445163331 2
1445163351 2
1445163371 2
1445163391 2
1445163411 2
