1445076560 28
1445076561 28
1445076561 28
1445076561 28
1445076562 28
1445076562 28
1445076562 28
1445076562 28
1445076562 28
1445076562 28
1445076562 28
1445076562 28
1445076562 28
1445076562 28
1445076562 28
1445076562 28
1445076562 28
1445076562 28
1445076562 28
1445076563 28
1445076563 28
1445076563 28
1445076563 28
1445076563 28
1445076563 28
1445076563 28
1445076563 28
1445076563 28
1445076563 28
1445076563 28
1445076563 28
1445076563 28
1445076563 28
1445076563 28
1445076563 7
1445076563 28
1445076563 28
1445076563 28
1445076563 28
1445076563 28
1445076563 28
1445076563 28
1445076563 26
1445076563 1
1445076563 22
1445076563 28
1445076564 28
1445076564 28
1445076564 28
1445076564 28
1445076564 28
1445076564 28
1445076564 28
1445076564 28
1445076564 28
1445076564 28
1445076564 28
1445076564 28
1445076564 28
1445076564 28
1445076564 28
1445076564 28
1445076564 28
1445076564 28
1445076564 28
1445076564 28
1445076564 28
1445076564 28
1445076564 28
1445076564 28
1445076564 28
1445076564 28
1445076564 28
1445076564 28
1445076564 28
1445076564 28
1445076564 28
1445076564 28
1445076564 28
1445076564 28
1445076564 28
1445076564 28
1445076564 28
1445076564 28
1445076564 28
1445076564 28
1445076564 28
1445076564 28
1445076564 28
1445076564 28
1445076564 28
1445076564 28
1445076564 28
1445076564 28
1445076564 28
1445076564 28
1445076564 28
1445076564 28
1445076564 28
1445076564 28
1445076564 28
1445076564 28
1445076564 28
1445076564 28
1445076564 28
1445076564 28
1445076564 28
1445076564 28
1445076565 28
1445076565 28
1445076565 28
1445076565 28
1445076566 28
1445076566 28
1445076566 28
1445076566 28
1445076566 28
1445076566 28
1445076566 28
1445076566 28
1445076566 28
1445076566 28
1445076566 28
1445076566 28
1445076566 28
1445076566 28
1445076566 28
1445076566 28
1445076566 28
1445076566 28
1445076566 28
1445076566 28
1445076566 28
1445076566 28
1445076566 28
1445076566 28
1445076566 28
1445076566 28
1445076566 28
1445076566 28
1445076566 28
1445076566 28
1445076566 28
1445076566 28
1445076566 28
1445076566 28
1445076566 28
1445076566 28
1445076566 28
1445076566 28
1445076566 28
1445076566 28
1445076566 28
1445076566 28
1445076566 28
1445076566 28
1445076566 28
1445076567 28
1445076567 28
1445076567 28
1445076567 28
1445076567 28
1445076567 28
1445076567 28
1445076567 28
1445076567 28
1445076567 28
1445076567 28
1445076567 28
1445076567 28
1445076567 28
1445076567 28
1445076567 28
1445076567 28
1445076567 28
1445076567 28
1445076567 28
1445076567 28
1445076567 28
1445076567 28
1445076567 28
1445076567 28
1445076567 28
1445076567 28
1445076567 28
1445076567 28
1445076567 28
1445076567 28
1445076567 28
1445076567 28
1445076567 28
1445076567 28
1445076567 28
1445076567 28
1445076567 28
1445076567 28
1445076567 28
1445076567 28
1445076567 28
1445076567 28
1445076567 28
1445076567 28
1445076567 28
1445076567 28
1445076567 28
1445076567 28
1445076567 28
1445076567 28
1445076567 28
1445076567 28
1445076567 28
1445076567 28
1445076567 28
1445076567 28
1445076567 28
1445076567 28
1445076567 28
1445076567 28
1445076567 28
1445076567 28
1445076567 28
1445076567 28
1445076567 28
1445076567 28
1445076567 28
1445076567 28
1445076567 28
1445076567 28
1445076567 28
1445076567 28
1445076567 28
1445076567 28
1445076567 28
1445076567 28
1445076568 28
1445076568 28
1445076569 28
1445076569 28
1445076570 28
1445076570 28
1445076571 28
1445076571 28
1445076571 28
1445076571 28
1445076571 28
1445076571 28
1445076571 28
1445076571 28
1445076571 28
1445076571 28
1445076571 28
1445076571 28
1445076571 28
1445076571 28
1445076571 28
1445076571 28
1445076571 28
1445076571 28
1445076571 28
1445076571 28
1445076573 28
1445076573 28
1445076574 28
1445076574 28
1445076574 28
1445076574 28
1445076574 28
1445076575 28
1445076575 28
1445076575 28
1445076575 28
1445076575 28
1445076575 28
1445076575 28
1445076575 28
1445076575 28
1445076577 28
1445076577 28
1445076578 28
1445076578 28
1445076578 28
1445076578 28
1445076578 28
1445076579 28
1445076581 28
1445076581 28
1445076581 28
1445076581 28
1445076581 28
1445076582 28
1445076583 28
1445076584 28
1445076584 28
1445076584 28
1445076584 28
1445076584 28
1445076584 28
1445076584 28
1445076584 28
1445076585 28
1445076586 28
1445076587 28
1445076587 28
1445076587 28
1445076588 28
1445076588 28
1445076588 28
1445076588 28
1445076588 28
1445076588 28
1445076589 28
1445076590 28
1445076590 28
1445076590 28
1445076591 28
1445076591 28
1445076591 28
1445076591 28
1445076591 28
1445076591 28
1445076592 28
1445076593 28
1445076593 28
1445076594 28
1445076594 28
1445076594 28
1445076594 28
1445076594 28
1445076594 28
1445076594 28
1445076595 28
1445076597 28
1445076597 28
1445076597 28
1445076597 28
1445076597 28
1445076597 28
1445076597 28
1445076597 28
1445076597 28
1445076599 28
1445076600 28
1445076600 28
1445076600 28
1445076600 28
1445076600 28
1445076600 28
1445076601 28
1445076601 28
1445076602 28
1445076603 28
1445076603 28
1445076603 28
1445076603 28
1445076603 28
1445076603 28
1445076603 28
1445076604 28
1445076604 28
1445076605 28
1445076606 28
1445076606 28
1445076606 28
1445076606 28
1445076606 28
1445076606 28
1445076606 28
1445076606 28
1445076607 28
1445076607 28
1445076608 28
1445076609 28
1445076609 28
1445076609 28
1445076609 28
1445076609 28
1445076609 28
1445076609 28
1445076610 28
1445076610 28
1445076611 28
1445076612 28
1445076612 28
1445076612 28
1445076612 28
1445076612 28
1445076613 28
1445076613 28
1445076613 28
1445076613 28
1445076614 28
1445076615 28
1445076615 28
1445076616 28
1445076616 28
1445076616 28
1445076616 28
1445076616 28
1445076616 28
1445076616 28
1445076617 28
1445076618 28
1445076618 28
1445076619 28
1445076619 28
1445076619 28
1445076619 28
1445076619 28
1445076619 28
1445076619 28
1445076620 28
1445076621 28
1445076621 28
1445076622 28
1445076622 28
1445076622 28
1445076622 28
1445076622 28
1445076622 28
1445076622 28
1445076623 28
1445076624 28
1445076624 28
1445076625 28
1445076626 28
1445076626 28
1445076626 28
1445076626 28
1445076626 28
1445076626 28
1445076626 28
1445076627 28
1445076627 28
1445076628 28
1445076628 28
1445076628 28
1445076628 28
1445076628 28
1445076628 28
1445076628 28
1445076628 28
1445076628 28
1445076628 28
1445076628 28
1445076629 28
1445076629 28
1445076629 28
1445076629 28
1445076629 28
1445076629 28
1445076629 28
1445076629 28
1445076629 28
1445076629 28
1445076629 28
1445076629 28
1445076629 28
1445076629 28
1445076629 28
1445076629 28
1445076629 28
1445076629 28
1445076629 28
1445076629 28
1445076630 28
1445076630 28
1445076630 28
1445076630 28
1445076630 19
1445076630 17
1445076630 -1
1445076630 28
1445076630 28
1445076630 28
1445076630 28
1445076630 28
1445076630 28
1445076630 28
1445076631 28
1445076631 28
1445076631 28
1445076631 28
1445076631 28
1445076631 28
1445076631 28
1445076632 28
1445076632 28
1445076632 28
1445076632 28
1445076632 28
1445076632 28
1445076633 28
1445076633 28
1445076633 28
1445076633 28
1445076634 28
1445076634 28
1445076635 28
1445076635 28
1445076636 28
1445076636 28
1445076636 28
1445076636 28
1445076636 28
1445076637 28
1445076637 28
1445076638 28
1445076638 28
1445076639 28
1445076639 28
1445076639 28
1445076639 28
1445076639 28
1445076640 28
1445076640 28
1445076641 28
1445076641 28
1445076641 28
1445076642 28
1445076642 28
1445076642 28
1445076642 28
1445076642 28
1445076643 28
1445076643 28
1445076644 28
1445076644 28
1445076644 28
1445076644 28
1445076644 28
1445076644 28
1445076644 28
1445076644 28
1445076644 28
1445076645 28
1445076645 28
1445076645 28
1445076645 28
1445076645 28
1445076645 28
1445076645 28
1445076646 28
1445076647 28
1445076647 28
1445076648 28
1445076648 28
1445076648 28
1445076648 28
1445076648 28
1445076648 28
1445076648 28
1445076649 28
1445076650 28
1445076650 28
1445076651 28
1445076651 28
1445076651 28
1445076651 28
1445076651 28
1445076651 28
1445076652 28
1445076653 28
1445076653 28
1445076653 28
1445076654 28
1445076654 28
1445076654 28
1445076654 28
1445076654 28
1445076654 28
1445076655 28
1445076656 28
1445076656 28
1445076656 28
1445076657 28
1445076657 28
1445076657 28
1445076657 28
1445076657 28
1445076657 28
1445076658 28
1445076659 28
1445076659 28
1445076660 28
1445076661 28
1445076661 28
1445076661 28
1445076661 28
1445076661 28
1445076661 28
1445076661 28
1445076662 28
1445076662 28
1445076663 28
1445076664 28
1445076664 28
1445076664 28
1445076664 28
1445076664 28
1445076664 28
1445076664 28
1445076665 28
1445076666 28
1445076666 28
1445076666 28
1445076666 28
1445076666 28
1445076667 28
1445076667 28
1445076667 28
1445076667 28
1445076667 28
1445076667 28
1445076667 28
1445076667 28
1445076667 28
1445076668 28
1445076668 28
1445076669 28
1445076669 28
1445076669 28
1445076670 28
1445076670 28
1445076670 28
1445076670 28
1445076670 28
1445076670 28
1445076670 28
1445076670 28
1445076672 28
1445076672 28
1445076673 28
1445076673 28
1445076673 28
1445076673 28
1445076673 28
1445076673 28
1445076673 28
1445076673 28
1445076673 28
1445076675 28
1445076675 28
1445076676 28
1445076676 28
1445076676 28
1445076676 28
1445076676 28
1445076676 28
1445076676 28
1445076676 28
1445076678 28
1445076679 28
1445076679 28
1445076679 28
1445076679 28
1445076679 28
1445076679 28
1445076679 28
1445076679 28
1445076679 28
1445076681 28
1445076682 28
1445076682 28
1445076682 28
1445076682 28
1445076682 28
1445076682 28
1445076682 28
1445076682 28
1445076682 28
1445076684 28
1445076685 28
1445076685 28
1445076685 28
1445076685 28
1445076685 28
1445076685 28
1445076685 28
1445076685 28
1445076685 28
1445076687 28
1445076688 28
1445076688 28
1445076688 28
1445076688 28
1445076688 28
1445076688 28
1445076688 28
1445076688 28
1445076689 28
1445076690 28
1445076691 28
1445076691 28
1445076691 28
1445076691 28
1445076691 28
1445076691 28
1445076691 28
1445076691 28
1445076692 28
1445076693 28
1445076694 28
1445076694 28
1445076694 28
1445076694 28
1445076694 28
1445076694 28
1445076694 28
1445076694 28
1445076696 28
1445076696 28
1445076697 28
1445076697 28
1445076697 28
1445076697 28
1445076697 28
1445076697 28
1445076698 28
1445076698 28
1445076699 28
1445076699 28
1445076701 28
1445076701 28
1445076701 28
1445076701 28
1445076701 28
1445076701 28
1445076701 28
1445076701 28
1445076702 28
1445076703 28
1445076703 28
1445076703 28
1445076703 28
1445076703 28
1445076703 28
1445076703 28
1445076704 28
1445076704 28
1445076704 28
1445076704 28
1445076704 28
1445076704 28
1445076704 28
1445076704 28
1445076704 28
1445076704 28
1445076704 28
1445076704 28
1445076704 28
1445076705 28
1445076706 28
1445076706 28
1445076706 28
1445076706 19
1445076706 17
1445076706 -1
1445076706 28
1445076706 28
1445076706 28
1445076706 28
1445076706 28
1445076706 28
1445076706 28
1445076706 28
1445076706 28
1445076706 28
1445076706 28
1445076706 28
1445076706 28
1445076706 28
1445076706 28
1445076706 28
1445076706 28
1445076706 28
1445076706 28
1445076706 28
1445076706 28
1445076706 28
1445076706 28
1445076706 28
1445076707 28
1445076707 28
1445076707 28
1445076707 28
1445076707 28
1445076707 28
1445076707 28
1445076707 28
1445076707 28
1445076707 28
1445076707 28
1445076707 28
1445076707 28
1445076707 28
1445076707 28
1445076707 28
1445076707 28
1445076707 28
1445076707 28
1445076707 28
1445076707 28
1445076707 28
1445076707 28
1445076707 28
1445076707 28
1445076707 28
1445076707 28
1445076707 28
1445076707 28
1445076707 28
1445076707 28
1445076707 28
1445076707 28
1445076707 28
1445076707 28
1445076708 28
1445076708 28
1445076708 28
1445076708 28
1445076708 19
1445076708 17
1445076708 -1
1445076708 28
1445076708 28
1445076708 19
1445076708 17
1445076708 -1
1445076708 28
1445076708 28
1445076708 19
1445076708 17
1445076708 -1
1445076708 28
1445076708 28
1445076708 28
1445076708 28
1445076708 28
1445076708 28
1445076708 28
1445076708 28
1445076708 28
1445076708 28
1445076708 28
1445076708 28
1445076709 28
1445076709 28
1445076709 28
1445076709 28
1445076709 19
1445076709 17
1445076709 -1
1445076710 28
1445076710 28
1445076710 28
1445076710 28
1445076710 28
1445076710 28
1445076712 28
1445076712 28
1445076712 28
1445076712 28
1445076712 28
1445076712 28
1445076712 28
1445076712 28
1445076712 28
1445076712 28
1445076712 28
1445076712 28
1445076712 28
1445076712 28
1445076712 28
1445076712 28
1445076712 28
1445076712 28
1445076712 28
1445076712 28
1445076712 28
1445076712 28
1445076712 28
1445076712 28
1445076712 28
1445076712 28
1445076712 28
1445076712 28
1445076712 6
1445076712 20
1445076712 24
1445076712 21
1445076712 25
1445076712 18
1445076712 14
1445076712 15
1445076712 12
1445076712 10
1445076712 9
1445076712 11
1445076713 2
1445076713 28
1445076713 28
1445076713 28
1445076713 28
1445076713 28
1445076713 28
1445076713 28
1445076713 28
1445076713 28
1445076713 28
1445076713 28
1445076713 28
1445076713 28
1445076713 28
1445076713 28
1445076713 28
1445076713 28
1445076713 28
1445076713 28
1445076713 19
1445076713 17
1445076713 -1
1445076713 28
1445076713 19
1445076713 17
1445076713 -1
1445076713 28
1445076713 28
1445076713 28
1445076714 28
1445076714 28
1445076715 28
1445076715 28
1445076715 28
1445076715 28
1445076715 28
1445076715 28
1445076715 28
1445076716 28
1445076716 28
1445076716 28
1445076716 28
1445076716 28
1445076716 28
1445076716 28
1445076716 28
1445076716 28
1445076716 28
1445076717 28
1445076717 28
1445076717 28
1445076717 28
1445076717 19
1445076717 17
1445076717 -1
1445076717 28
1445076717 28
1445076717 19
1445076717 17
1445076717 -1
1445076717 28
1445076717 2
1445076717 28
1445076717 28
1445076717 28
1445076718 28
1445076718 28
1445076718 28
1445076718 28
1445076718 28
1445076718 19
1445076718 17
1445076718 -1
1445076718 28
1445076718 28
1445076720 28
1445076725 28
1445076728 28
1445076741 28
1445076744 28
1445076747 28
1445076751 28
1445076754 28
1445076757 28
1445076760 28
1445076763 28
1445076767 28
1445076773 28
1445076777 28
1445076780 28
1445076783 28
1445076786 28
1445076789 28
1445076793 28
1445076796 28
1445076799 28
1445076802 28
1445076805 28
1445076808 28
1445076811 28
1445076815 28
1445076818 28
1445076821 28
1445076824 28
1445076827 28
1445076830 28
1445076833 28
1445076837 28
1445076840 28
1445076843 28
1445076847 28
1445076850 28
1445076853 28
1445076856 28
1445076861 28
1445076861 28
1445076861 28
1445076861 28
1445076861 28
1445076861 28
1445076861 28
1445076861 28
1445076861 28
1445076861 28
1445076861 28
1445076861 28
1445076861 28
1445076861 28
1445076861 28
1445076861 28
1445076862 28
1445076862 28
1445076863 28
1445076863 28
1445076863 28
1445076863 19
1445076863 17
1445076863 -1
1445076863 28
1445076863 28
1445076863 28
1445076863 28
1445076863 28
1445076863 28
1445076863 28
1445076863 28
1445076863 28
1445076869 28
1445076869 8
1445076871 28
1445076871 8
1445076871 28
1445076871 16
1445076874 28
1445076874 16
1445076874 28
1445076874 5
1445076874 27
1445076874 28
1445076874 4
1445076874 23
1445076874 28
1445076874 3
1445076874 13
1445076874 28
1445076874 28
1445076874 28
1445076874 28
1445076875 28
1445076875 28
1445076875 28
1445076875 28
1445076875 28
1445076875 28
