1445241471 18
1445241471 10
1445241471 13
1445241471 19
1445241471 4
1445241471 3
1445241472 1
1445241472 2
1445241473 5
1445241473 8
1445241474 6
1445241474 21
1445241474 7
1445241474 20
1445241474 17
1445241474 16
1445241474 9
1445241478 15
1445241478 11
1445241478 12
1445241478 21
1445241491 22
1445241491 14
1445241494 15
1445241494 11
1445241494 12
1445241494 21
1445241504 22
1445241504 14
1445241507 15
1445241507 11
1445241507 12
1445241507 21
1445241517 22
1445241517 14
1445241520 15
1445241520 11
1445241520 12
1445241520 21
1445241530 22
1445241530 14
1445241533 15
1445241533 11
1445241533 12
1445241533 21
