1445088259 25
1445088260 11
1445088260 17
1445088260 21
1445088260 6
1445088260 3
1445088260 2
1445088262 4
1445088263 8
1445088263 13
1445088264 7
1445088264 27
1445088264 10
1445088264 19
1445088264 24
1445088264 18
1445088264 9
1445088266 22
1445088266 16
1445088266 15
1445088266 27
1445088278 28
1445088278 14
1445088279 22
1445088279 16
1445088279 15
1445088279 27
1445088288 28
1445088288 14
1445088289 22
1445088289 16
1445088289 15
1445088289 27
1445088298 28
1445088298 14
1445088299 22
1445088299 16
1445088299 15
1445088299 27
1445088307 28
1445088307 14
1445088308 22
1445088308 16
1445088308 15
1445088308 27
1445088316 28
1445088316 14
1445088318 22
1445088318 16
1445088318 15
1445088318 27
1445088318 12
1445088325 28
1445088325 14
1445088325 22
1445088325 16
1445088325 15
1445088326 26
1445088326 20
1445088326 1
1445088350 5
1445088350 23
