1445067822 22
1445067822 9
1445067822 17
1445067822 21
1445067822 6
1445067822 5
1445067823 2
1445067823 3
1445067824 8
1445067824 13
1445067824 7
1445067824 30
1445067824 10
1445067824 24
1445067824 27
1445067824 28
1445067824 11
1445067828 23
1445067828 16
1445067828 20
1445067828 30
1445067839 31
1445067839 19
1445067842 23
1445067842 16
1445067842 20
1445067842 30
1445067854 31
1445067854 19
1445067857 23
1445067857 16
1445067857 20
1445067857 30
1445067867 31
1445067867 19
1445067869 23
1445067869 16
1445067869 20
1445067869 30
1445067880 31
1445067880 19
1445067883 23
1445067883 16
1445067883 20
1445067883 30
1445067895 31
1445067895 19
1445067898 23
1445067898 16
1445067898 20
1445067898 30
1445067909 31
1445067909 19
1445067913 23
1445067913 16
1445067913 20
1445067913 30
1445067924 31
1445067924 19
1445067926 12
1445067926 23
1445067926 16
1445067926 20
1445067932 29
1445067932 26
1445067932 1
1445067956 4
1445067956 25
1445067956 18
1445067956 15
1445067956 14
