1445067822 8
1445067822 147
1445067822 16
1445067822 102
1445067822 83
1445067822 8
1445067823 147
1445067823 160
1445067824 82
1445067824 67
1445067824 22
1445067824 102
1445067824 3
1445067824 75
1445067824 25
1445067824 25
1445067824 154
1445067828 102
1445067828 25
1445067828 25
1445067828 102
1445067839 75
1445067839 25
1445067842 102
1445067842 25
1445067842 25
1445067842 102
1445067854 75
1445067854 25
1445067857 102
1445067857 25
1445067857 25
1445067857 102
1445067867 75
1445067867 25
1445067869 102
1445067869 25
1445067869 25
1445067869 102
1445067880 75
1445067880 25
1445067883 102
1445067883 25
1445067883 25
1445067883 102
1445067895 75
1445067895 25
1445067898 102
1445067898 25
1445067898 25
1445067898 102
1445067909 75
1445067909 25
1445067913 102
1445067913 25
1445067913 25
1445067913 102
1445067924 75
1445067924 25
1445067926 67
1445067926 102
1445067926 25
1445067926 25
1445067932 75
1445067932 102
1445067932 160
1445067956 129
1445067956 3
1445067956 16
1445067956 16
1445067956 111
