1445094684 8
1445094684 147
1445094684 16
1445094684 102
1445094684 83
1445094685 8
1445094685 147
1445094687 160
1445094688 82
1445094688 67
1445094689 22
1445094689 102
1445094689 3
1445094689 75
1445094689 25
1445094689 25
1445094689 154
1445094693 102
1445094693 25
1445094693 25
1445094693 102
1445094703 75
1445094703 25
1445094704 102
1445094704 25
1445094704 25
1445094704 102
1445094713 75
1445094713 25
1445094715 102
1445094715 25
1445094715 25
1445094715 102
1445094725 75
1445094725 25
1445094726 102
1445094726 25
1445094726 25
1445094726 102
1445094734 75
1445094734 25
1445094735 102
1445094735 25
1445094735 25
1445094735 102
1445094743 75
1445094743 25
1445094744 102
1445094744 25
1445094744 25
1445094744 102
1445094745 67
1445094752 75
1445094752 25
1445094752 102
1445094752 25
1445094752 25
1445094753 75
1445094753 102
1445094753 160
1445094786 129
1445094786 3
1445094786 16
1445094786 16
1445094786 111
