1445092011 24
1445092011 12
1445092011 19
1445092011 28
1445092011 6
1445092011 4
1445092012 2
1445092012 3
1445092013 8
1445092013 9
1445092014 7
1445092014 31
1445092014 14
1445092014 22
1445092014 26
1445092014 27
1445092014 11
1445092016 25
1445092016 17
1445092016 20
1445092016 31
1445092027 30
1445092027 18
1445092029 25
1445092029 17
1445092029 20
1445092029 31
1445092039 30
1445092039 18
1445092041 25
1445092041 17
1445092041 20
1445092041 31
1445092050 30
1445092050 18
1445092052 25
1445092052 17
1445092052 20
1445092052 31
1445092062 30
1445092062 18
1445092063 25
1445092063 17
1445092063 20
1445092063 31
1445092072 30
1445092072 18
1445092073 25
1445092073 17
1445092073 20
1445092073 31
1445092074 13
1445092083 30
1445092083 18
1445092083 25
1445092083 17
1445092083 20
1445092085 29
1445092085 21
1445092085 1
1445092134 5
1445092134 23
1445092134 16
1445092134 15
1445092134 10
