1445092011 8
1445092011 147
1445092011 16
1445092011 102
1445092011 83
1445092011 8
1445092012 147
1445092012 160
1445092013 82
1445092013 67
1445092014 22
1445092014 102
1445092014 3
1445092014 75
1445092014 25
1445092014 25
1445092014 154
1445092016 102
1445092016 25
1445092016 25
1445092016 102
1445092027 75
1445092027 25
1445092029 102
1445092029 25
1445092029 25
1445092029 102
1445092039 75
1445092039 25
1445092041 102
1445092041 25
1445092041 25
1445092041 102
1445092050 75
1445092050 25
1445092052 102
1445092052 25
1445092052 25
1445092052 102
1445092062 75
1445092062 25
1445092063 102
1445092063 25
1445092063 25
1445092063 102
1445092072 75
1445092072 25
1445092073 102
1445092073 25
1445092073 25
1445092073 102
1445092074 67
1445092083 75
1445092083 25
1445092083 102
1445092083 25
1445092083 25
1445092085 75
1445092085 102
1445092085 160
1445092134 129
1445092134 3
1445092134 16
1445092134 16
1445092134 111
