1445163428 8
1445163428 147
1445163428 16
1445163428 102
1445163428 83
1445163429 8
1445163429 147
1445163430 160
1445163431 82
1445163431 67
1445163431 22
1445163431 102
1445163431 3
1445163431 75
1445163431 25
1445163431 25
1445163431 154
1445163435 102
1445163435 25
1445163435 25
1445163435 102
1445163447 75
1445163447 25
1445163449 102
1445163449 25
1445163449 25
1445163449 102
1445163461 75
1445163461 25
1445163463 102
1445163463 25
1445163463 25
1445163463 102
1445163474 75
1445163474 25
1445163476 102
1445163476 25
1445163476 25
1445163476 102
1445163487 75
1445163489 25
1445163491 102
1445163491 25
1445163491 25
1445163491 102
1445163501 75
1445163501 25
1445163503 102
1445163503 25
1445163503 25
1445163503 102
1445163513 75
1445163513 25
1445163515 102
1445163515 25
1445163515 25
1445163515 102
1445163524 75
1445163524 25
1445163526 67
1445163526 102
1445163526 25
1445163526 25
1445163534 75
1445163534 102
1445163534 160
1445163564 129
1445163564 3
1445163564 16
1445163564 16
1445163564 111
