1445241395 8
1445241395 147
1445241395 16
1445241395 102
1445241395 83
1445241395 8
1445241396 147
1445241397 160
1445241398 82
1445241398 67
1445241398 22
1445241398 102
1445241398 3
1445241398 75
1445241398 25
1445241398 25
1445241398 154
1445241402 102
1445241402 25
1445241402 25
1445241402 102
1445241412 75
1445241412 25
1445241413 102
1445241413 25
1445241413 25
1445241413 102
1445241422 75
1445241422 25
1445241424 102
1445241424 25
1445241424 25
1445241424 102
1445241434 75
1445241434 25
1445241435 102
1445241435 25
1445241435 25
1445241435 102
1445241444 75
1445241444 25
1445241445 102
1445241445 25
1445241445 25
1445241445 102
1445241454 75
1445241454 25
1445241456 102
1445241456 25
1445241456 25
1445241456 102
1445241465 75
1445241465 25
1445241467 102
1445241467 25
1445241467 25
1445241467 102
1445241477 75
1445241477 25
1445241478 67
1445241478 102
1445241478 25
1445241478 25
1445241486 75
1445241486 102
1445241486 160
1445241517 129
1445241517 3
1445241517 16
1445241517 16
1445241517 111
