1445068415 18
1445068415 9
1445068415 14
1445068416 22
1445068416 6
1445068416 3
1445068416 2
1445068417 4
1445068418 8
1445068418 13
1445068418 7
1445068418 28
1445068418 11
1445068418 20
1445068418 25
1445068418 24
1445068418 10
1445068422 23
1445068422 16
1445068422 17
1445068422 28
1445068434 27
1445068434 15
1445068438 23
1445068438 16
1445068438 17
1445068438 28
1445068448 27
1445068448 15
1445068451 23
1445068451 16
1445068451 17
1445068451 28
1445068462 27
1445068462 15
1445068465 23
1445068465 16
1445068465 17
1445068465 28
1445068475 27
1445068475 15
1445068478 23
1445068478 16
1445068478 17
1445068478 28
1445068489 27
1445068495 15
1445068498 23
1445068498 16
1445068498 17
1445068498 28
1445068510 27
1445068510 15
1445068513 23
1445068513 16
1445068513 17
1445068513 28
1445068524 27
1445068524 15
1445068526 12
1445068526 23
1445068526 16
1445068526 17
1445068535 26
1445068535 19
1445068535 1
1445068565 5
1445068565 21
