1445076717 22
1445076717 12
1445076717 15
1445076717 23
1445076717 6
1445076718 5
1445076721 2
1445076722 4
1445076723 7
1445076723 10
1445076723 8
1445076723 29
1445076723 13
1445076723 24
1445076723 25
1445076723 28
1445076723 14
1445076725 21
1445076725 19
1445076725 20
1445076725 29
1445076734 30
1445076734 18
1445076736 21
1445076736 19
1445076736 20
1445076736 29
1445076744 30
1445076744 18
1445076746 21
1445076746 19
1445076746 20
1445076746 29
1445076755 30
1445076755 18
1445076756 21
1445076756 19
1445076756 20
1445076756 29
1445076767 30
1445076767 18
1445076768 21
1445076768 19
1445076768 20
1445076768 29
1445076777 30
1445076777 18
1445076778 21
1445076778 19
1445076778 20
1445076778 29
1445076787 30
1445076787 18
1445076788 21
1445076788 19
1445076788 20
1445076788 29
1445076798 30
1445076798 18
1445076799 11
1445076799 21
1445076799 19
1445076799 20
1445076806 31
1445076806 26
1445076806 1
1445076839 3
1445076839 27
1445076839 17
1445076839 16
1445076839 9
