1445236077 8
1445236078 147
1445236078 16
1445236078 102
1445236078 83
1445236078 8
1445236080 147
1445236082 160
1445236084 82
1445236085 67
1445236099 22
1445236100 102
1445236100 3
1445236100 75
1445236100 25
1445236100 25
1445236100 154
1445236129 102
1445236129 25
1445236129 25
1445236129 102
1445236168 75
1445236169 25
1445236181 102
1445236181 25
1445236181 25
1445236181 102
1445236218 75
1445236218 25
1445236230 102
1445236230 25
1445236230 25
1445236230 102
1445236268 75
1445236268 25
1445236274 102
1445236274 25
1445236274 25
1445236274 102
1445236312 75
1445236315 25
1445236320 67
1445236320 102
1445236320 25
1445236320 25
