1445071846 20
1445071846 7
1445071846 14
1445071846 18
1445071846 4
1445071847 3
1445071847 1
1445071848 2
1445071849 5
1445071849 9
1445071850 6
1445071850 22
1445071850 10
1445071850 15
1445071850 16
1445071850 19
1445071850 8
1445071880 17
1445071880 11
1445071880 12
1445071880 22
1445071898 21
1445071898 13
1445071907 17
1445071907 11
1445071907 12
1445071907 22
1445071932 21
1445071932 13
1445071951 17
1445071951 11
1445071951 12
1445071951 22
1445071975 21
1445071975 13
1445071982 17
1445071982 11
1445071982 12
1445071982 22
1445072009 21
1445072009 13
1445072017 17
1445072017 11
1445072017 12
1445072017 22
1445072040 21
1445072040 13
