1445073326 23
1445073326 10
1445073326 15
1445073326 24
1445073326 6
1445073326 3
1445073326 2
1445073327 4
1445073327 7
1445073327 12
1445073327 8
1445073327 26
1445073327 9
1445073327 20
1445073327 22
1445073327 21
1445073327 13
1445073331 18
1445073331 14
1445073331 16
1445073331 26
1445073339 28
1445073339 17
1445073341 18
1445073341 14
1445073341 16
1445073341 26
1445073350 28
1445073350 17
1445073352 11
1445073352 18
1445073352 14
1445073352 16
1445073360 27
1445073360 19
1445073360 1
1445073373 5
1445073373 25
