1445073326 8
1445073326 147
1445073326 16
1445073326 102
1445073326 83
1445073326 8
1445073326 147
1445073327 160
1445073327 82
1445073327 67
1445073327 22
1445073327 102
1445073327 3
1445073327 75
1445073327 25
1445073327 25
1445073327 154
1445073331 102
1445073331 25
1445073331 25
1445073331 102
1445073339 75
1445073339 25
1445073341 102
1445073341 25
1445073341 25
1445073341 102
1445073350 75
1445073350 25
1445073352 67
1445073352 102
1445073352 25
1445073352 25
1445073360 75
1445073360 102
1445073360 160
1445073373 129
1445073373 3
