1445094476 38
1445094477 38
1445094477 38
1445094477 38
1445094478 38
1445094478 38
1445094478 38
1445094478 38
1445094478 38
1445094478 38
1445094478 38
1445094478 38
1445094478 38
1445094478 38
1445094478 38
1445094478 38
1445094478 38
1445094478 38
1445094478 38
1445094479 38
1445094479 38
1445094479 38
1445094479 38
1445094479 38
1445094479 38
1445094479 38
1445094479 38
1445094479 38
1445094479 38
1445094479 38
1445094479 38
1445094479 38
1445094479 38
1445094479 38
1445094479 9
1445094479 38
1445094479 38
1445094479 38
1445094479 38
1445094479 38
1445094479 38
1445094479 38
1445094479 37
1445094479 3
1445094480 33
1445094480 38
1445094480 38
1445094480 38
1445094480 38
1445094480 38
1445094480 38
1445094480 38
1445094480 38
1445094480 38
1445094480 38
1445094480 38
1445094480 38
1445094480 38
1445094480 38
1445094480 38
1445094480 38
1445094480 38
1445094480 38
1445094480 38
1445094480 38
1445094480 38
1445094480 38
1445094480 38
1445094480 38
1445094480 38
1445094480 38
1445094480 38
1445094480 38
1445094480 38
1445094480 38
1445094480 38
1445094480 38
1445094480 38
1445094480 38
1445094480 38
1445094480 38
1445094480 38
1445094480 38
1445094480 38
1445094480 38
1445094480 38
1445094480 38
1445094480 38
1445094480 38
1445094480 38
1445094480 38
1445094480 38
1445094480 38
1445094480 38
1445094480 38
1445094480 38
1445094480 38
1445094480 38
1445094480 38
1445094480 38
1445094480 38
1445094480 38
1445094480 38
1445094480 38
1445094480 38
1445094480 38
1445094480 38
1445094480 38
1445094481 38
1445094481 38
1445094481 38
1445094481 38
1445094482 38
1445094482 38
1445094482 38
1445094482 38
1445094482 38
1445094482 38
1445094482 38
1445094482 38
1445094482 38
1445094482 38
1445094482 38
1445094483 38
1445094483 38
1445094483 38
1445094483 38
1445094483 38
1445094483 38
1445094483 38
1445094483 38
1445094483 38
1445094483 38
1445094483 38
1445094483 38
1445094483 38
1445094483 38
1445094483 38
1445094483 38
1445094483 38
1445094483 38
1445094483 38
1445094483 38
1445094483 38
1445094483 38
1445094483 38
1445094483 38
1445094483 38
1445094483 38
1445094483 38
1445094483 38
1445094483 38
1445094483 38
1445094483 38
1445094483 38
1445094483 38
1445094483 38
1445094483 38
1445094483 38
1445094483 38
1445094483 38
1445094483 38
1445094483 38
1445094483 38
1445094483 38
1445094483 38
1445094483 38
1445094483 38
1445094483 38
1445094483 38
1445094483 38
1445094483 38
1445094483 38
1445094483 38
1445094483 38
1445094483 38
1445094483 38
1445094483 38
1445094483 38
1445094483 38
1445094483 38
1445094483 38
1445094483 38
1445094483 38
1445094483 38
1445094483 38
1445094483 38
1445094483 38
1445094483 38
1445094483 38
1445094483 38
1445094483 38
1445094483 38
1445094483 38
1445094483 38
1445094483 38
1445094483 38
1445094483 38
1445094483 38
1445094483 38
1445094483 38
1445094485 38
1445094485 38
1445094485 38
1445094485 38
1445094485 38
1445094485 38
1445094485 38
1445094485 38
1445094485 38
1445094485 38
1445094485 38
1445094485 38
1445094485 38
1445094485 38
1445094485 38
1445094485 38
1445094486 38
1445094486 38
1445094486 38
1445094486 38
1445094486 38
1445094486 38
1445094486 38
1445094486 38
1445094486 38
1445094486 38
1445094486 38
1445094486 38
1445094486 38
1445094486 38
1445094486 38
1445094486 38
1445094486 38
1445094486 38
1445094486 38
1445094486 38
1445094486 38
1445094486 38
1445094486 38
1445094486 38
1445094486 38
1445094486 38
1445094486 38
1445094486 38
1445094486 38
1445094487 38
1445094487 38
1445094487 38
1445094487 38
1445094487 38
1445094487 38
1445094487 38
1445094487 38
1445094487 38
1445094487 38
1445094487 38
1445094487 38
1445094487 38
1445094487 38
1445094487 38
1445094487 38
1445094487 38
1445094487 38
1445094488 38
1445094488 38
1445094488 5
1445094488 38
1445094488 38
1445094489 38
1445094489 38
1445094489 38
1445094491 38
1445094491 38
1445094491 38
1445094491 38
1445094491 38
1445094491 38
1445094491 38
1445094491 38
1445094493 38
1445094493 38
1445094494 38
1445094494 38
1445094494 38
1445094494 38
1445094494 38
1445094494 38
1445094494 38
1445094494 38
1445094494 38
1445094494 38
1445094494 38
1445094495 38
1445094495 38
1445094496 38
1445094496 38
1445094497 38
1445094497 38
1445094497 38
1445094497 38
1445094497 38
1445094500 38
1445094500 38
1445094500 38
1445094500 38
1445094500 38
1445094503 38
1445094503 38
1445094503 38
1445094503 38
1445094503 38
1445094504 38
1445094504 38
1445094504 38
1445094506 38
1445094506 38
1445094506 38
1445094506 38
1445094507 38
1445094508 38
1445094508 38
1445094508 38
1445094509 38
1445094509 38
1445094510 38
1445094510 38
1445094510 38
1445094511 38
1445094511 38
1445094511 38
1445094512 38
1445094513 38
1445094513 38
1445094513 38
1445094513 38
1445094514 38
1445094514 38
1445094514 38
1445094515 38
1445094515 38
1445094516 38
1445094516 38
1445094516 38
1445094516 38
1445094518 38
1445094518 38
1445094518 38
1445094518 38
1445094518 38
1445094519 38
1445094519 38
1445094519 38
1445094519 38
1445094521 38
1445094521 38
1445094521 38
1445094521 38
1445094521 38
1445094521 38
1445094522 38
1445094522 38
1445094522 38
1445094522 38
1445094524 38
1445094525 38
1445094525 38
1445094525 38
1445094525 38
1445094525 38
1445094525 38
1445094525 38
1445094525 38
1445094525 38
1445094527 38
1445094528 38
1445094528 38
1445094528 38
1445094528 38
1445094528 38
1445094528 38
1445094528 38
1445094529 38
1445094529 38
1445094530 38
1445094531 38
1445094531 38
1445094531 38
1445094531 38
1445094532 38
1445094532 38
1445094532 38
1445094532 38
1445094532 38
1445094533 38
1445094534 38
1445094534 38
1445094534 38
1445094534 38
1445094536 38
1445094536 38
1445094536 38
1445094536 38
1445094536 38
1445094536 38
1445094537 38
1445094537 38
1445094537 38
1445094537 38
1445094538 38
1445094539 38
1445094539 38
1445094539 38
1445094540 38
1445094540 38
1445094540 38
1445094540 38
1445094540 38
1445094540 38
1445094540 38
1445094542 38
1445094543 38
1445094543 38
1445094543 38
1445094543 38
1445094543 38
1445094543 38
1445094543 38
1445094544 38
1445094544 38
1445094545 38
1445094546 38
1445094546 38
1445094546 38
1445094546 38
1445094547 38
1445094547 38
1445094547 38
1445094547 38
1445094547 38
1445094548 38
1445094548 38
1445094548 38
1445094549 38
1445094549 38
1445094549 38
1445094549 38
1445094549 38
1445094550 38
1445094550 38
1445094550 38
1445094550 38
1445094551 38
1445094551 38
1445094552 38
1445094552 38
1445094552 38
1445094552 38
1445094552 38
1445094553 38
1445094553 38
1445094554 38
1445094554 38
1445094555 38
1445094555 38
1445094555 38
1445094555 38
1445094555 38
1445094556 38
1445094557 38
1445094557 38
1445094557 38
1445094557 38
1445094558 38
1445094558 38
1445094558 38
1445094558 38
1445094559 38
1445094559 38
1445094560 38
1445094560 38
1445094561 38
1445094561 38
1445094561 38
1445094561 38
1445094561 38
1445094561 38
1445094563 38
1445094563 38
1445094563 38
1445094563 38
1445094563 38
1445094563 38
1445094563 38
1445094563 38
1445094563 38
1445094563 38
1445094563 38
1445094563 38
1445094563 38
1445094563 38
1445094563 38
1445094563 38
1445094563 38
1445094563 38
1445094563 38
1445094563 38
1445094563 38
1445094563 38
1445094563 38
1445094564 38
1445094564 38
1445094564 38
1445094564 38
1445094564 38
1445094564 38
1445094564 38
1445094564 38
1445094564 38
1445094564 23
1445094564 35
1445094564 -1
1445094564 38
1445094564 38
1445094564 38
1445094567 38
1445094567 38
1445094567 38
1445094567 38
1445094567 38
1445094567 38
1445094567 38
1445094567 38
1445094568 38
1445094570 38
1445094570 38
1445094570 38
1445094570 38
1445094571 38
1445094571 38
1445094571 38
1445094571 38
1445094571 38
1445094573 38
1445094573 38
1445094573 38
1445094573 38
1445094574 38
1445094574 38
1445094575 38
1445094575 38
1445094575 38
1445094576 38
1445094576 38
1445094576 38
1445094576 38
1445094578 38
1445094578 38
1445094578 38
1445094578 38
1445094579 38
1445094579 38
1445094580 38
1445094580 38
1445094580 38
1445094581 38
1445094582 38
1445094582 38
1445094582 38
1445094582 38
1445094582 38
1445094583 38
1445094583 38
1445094583 38
1445094585 38
1445094585 38
1445094585 38
1445094585 38
1445094586 38
1445094586 38
1445094586 38
1445094586 38
1445094586 38
1445094588 38
1445094588 38
1445094589 38
1445094589 38
1445094589 38
1445094589 38
1445094590 38
1445094590 38
1445094591 38
1445094592 38
1445094592 38
1445094592 38
1445094592 38
1445094593 38
1445094594 38
1445094595 38
1445094595 38
1445094595 38
1445094597 38
1445094598 38
1445094598 38
1445094599 38
1445094599 38
1445094600 38
1445094600 38
1445094600 38
1445094600 38
1445094600 38
1445094600 38
1445094600 38
1445094600 38
1445094600 38
1445094600 38
1445094601 38
1445094601 38
1445094602 38
1445094602 38
1445094602 38
1445094602 38
1445094602 23
1445094602 35
1445094602 -1
1445094602 38
1445094602 38
1445094602 38
1445094602 38
1445094602 38
1445094602 38
1445094602 38
1445094602 38
1445094602 38
1445094602 38
1445094602 38
1445094602 38
1445094602 38
1445094603 38
1445094604 38
1445094604 38
1445094604 38
1445094604 38
1445094604 38
1445094604 38
1445094604 38
1445094604 38
1445094604 38
1445094604 38
1445094604 38
1445094604 38
1445094604 38
1445094604 38
1445094604 38
1445094604 38
1445094604 38
1445094604 38
1445094604 38
1445094604 38
1445094604 38
1445094604 38
1445094604 38
1445094604 38
1445094604 23
1445094604 35
1445094604 -1
1445094604 38
1445094604 38
1445094604 38
1445094604 38
1445094604 38
1445094604 38
1445094604 38
1445094604 38
1445094604 38
1445094604 38
1445094604 38
1445094604 38
1445094605 38
1445094605 38
1445094605 38
1445094605 38
1445094605 38
1445094605 23
1445094605 35
1445094605 -1
1445094605 38
1445094605 38
1445094605 23
1445094605 35
1445094605 -1
1445094605 38
1445094605 38
1445094605 38
1445094605 38
1445094605 38
1445094605 38
1445094605 38
1445094605 38
1445094605 38
1445094605 38
1445094605 38
1445094605 38
1445094605 38
1445094605 38
1445094605 38
1445094605 38
1445094605 38
1445094605 38
1445094605 38
1445094605 38
1445094606 38
1445094606 38
1445094606 38
1445094606 38
1445094608 38
1445094608 38
1445094608 38
1445094609 38
1445094609 38
1445094609 38
1445094609 38
1445094609 38
1445094609 38
1445094609 38
1445094609 38
1445094610 38
1445094610 38
1445094611 38
1445094612 38
1445094612 38
1445094612 38
1445094613 38
1445094613 38
1445094613 38
1445094613 38
1445094614 38
1445094615 38
1445094615 38
1445094616 38
1445094616 38
1445094616 38
1445094616 38
1445094616 38
1445094617 38
1445094617 38
1445094617 38
1445094618 38
1445094618 38
1445094618 38
1445094618 38
1445094618 38
1445094618 38
1445094618 38
1445094618 38
1445094618 38
1445094618 38
1445094618 38
1445094618 38
1445094618 38
1445094618 38
1445094619 38
1445094619 38
1445094619 38
1445094620 38
1445094620 38
1445094620 38
1445094620 38
1445094620 38
1445094620 38
1445094620 38
1445094620 38
1445094620 38
1445094620 38
1445094620 38
1445094621 38
1445094621 38
1445094621 38
1445094621 38
1445094621 38
1445094622 38
1445094622 38
1445094622 38
1445094622 38
1445094622 38
1445094622 38
1445094622 38
1445094622 38
1445094622 38
1445094622 38
1445094622 38
1445094622 38
1445094622 38
1445094622 38
1445094623 38
1445094623 38
1445094623 38
1445094623 38
1445094623 38
1445094624 38
1445094624 38
1445094624 38
1445094624 38
1445094625 38
1445094625 38
1445094626 38
1445094626 38
1445094627 38
1445094627 38
1445094627 38
1445094627 38
1445094628 38
1445094628 38
1445094628 38
1445094629 38
1445094629 38
1445094629 38
1445094630 38
1445094630 38
1445094630 38
1445094631 38
1445094631 38
1445094631 38
1445094632 38
1445094632 38
1445094632 38
1445094633 38
1445094633 38
1445094633 38
1445094633 38
1445094634 38
1445094634 38
1445094634 38
1445094634 38
1445094634 38
1445094635 38
1445094635 38
1445094635 38
1445094635 38
1445094635 38
1445094635 38
1445094635 38
1445094635 38
1445094635 38
1445094636 38
1445094636 38
1445094636 38
1445094636 38
1445094637 38
1445094637 38
1445094637 38
1445094637 38
1445094637 38
1445094638 38
1445094638 38
1445094639 38
1445094639 38
1445094639 38
1445094639 38
1445094640 38
1445094640 38
1445094640 38
1445094640 38
1445094641 38
1445094641 38
1445094641 38
1445094641 38
1445094642 38
1445094643 38
1445094643 38
1445094643 38
1445094643 38
1445094644 38
1445094644 38
1445094644 38
1445094644 38
1445094644 38
1445094645 38
1445094646 38
1445094646 38
1445094646 38
1445094647 38
1445094647 38
1445094647 38
1445094647 38
1445094648 38
1445094648 38
1445094648 38
1445094649 38
1445094649 38
1445094650 38
1445094650 38
1445094651 38
1445094651 38
1445094651 38
1445094651 38
1445094652 38
1445094652 38
1445094652 38
1445094653 38
1445094653 38
1445094653 38
1445094654 38
1445094654 38
1445094654 38
1445094654 38
1445094655 38
1445094655 38
1445094655 38
1445094656 38
1445094656 38
1445094656 38
1445094657 38
1445094657 38
1445094657 38
1445094658 38
1445094658 38
1445094658 38
1445094658 38
1445094659 38
1445094659 38
1445094659 38
1445094659 38
1445094660 38
1445094660 38
1445094660 38
1445094660 38
1445094661 38
1445094661 38
1445094661 38
1445094662 38
1445094662 38
1445094662 38
1445094663 38
1445094663 38
1445094663 38
1445094664 38
1445094664 38
1445094664 38
1445094665 38
1445094665 38
1445094665 38
1445094665 38
1445094665 38
1445094666 38
1445094666 38
1445094666 38
1445094666 38
1445094667 38
1445094667 38
1445094667 38
1445094668 38
1445094668 38
1445094668 38
1445094668 38
1445094668 38
1445094669 38
1445094669 38
1445094669 38
1445094669 38
1445094670 38
1445094670 38
1445094671 38
1445094671 38
1445094671 38
1445094671 38
1445094672 38
1445094672 38
1445094672 38
1445094672 38
1445094672 38
1445094673 38
1445094673 38
1445094673 38
1445094674 38
1445094674 38
1445094674 38
1445094674 38
1445094675 38
1445094675 38
1445094675 38
1445094675 38
1445094675 38
1445094676 38
1445094676 38
1445094677 38
1445094677 38
1445094677 38
1445094677 38
1445094677 38
1445094677 38
1445094677 38
1445094677 38
1445094677 38
1445094677 38
1445094677 38
1445094677 38
1445094677 38
1445094677 38
1445094677 38
1445094677 38
1445094678 38
1445094678 38
1445094678 38
1445094678 38
1445094679 38
1445094679 38
1445094679 38
1445094679 38
1445094680 38
1445094680 38
1445094680 38
1445094681 38
1445094681 38
1445094681 38
1445094681 38
1445094682 38
1445094682 38
1445094682 38
1445094682 38
1445094682 38
1445094682 38
1445094683 38
1445094683 38
1445094683 38
1445094683 38
1445094684 38
1445094684 38
1445094684 38
1445094684 38
1445094684 38
1445094685 38
1445094686 38
1445094686 38
1445094686 38
1445094686 38
1445094686 38
1445094686 38
1445094687 38
1445094687 38
1445094687 38
1445094688 38
1445094688 38
1445094688 38
1445094689 38
1445094689 38
1445094689 38
1445094689 38
1445094690 38
1445094690 38
1445094690 38
1445094690 38
1445094691 38
1445094691 38
1445094691 38
1445094692 38
1445094692 38
1445094692 38
1445094692 38
1445094692 38
1445094693 38
1445094693 38
1445094694 38
1445094694 38
1445094694 38
1445094694 38
1445094694 38
1445094695 38
1445094695 38
1445094695 38
1445094695 38
1445094696 38
1445094696 38
1445094696 38
1445094696 38
1445094697 38
1445094697 38
1445094697 38
1445094698 38
1445094698 38
1445094698 38
1445094698 38
1445094698 38
1445094699 38
1445094699 38
1445094699 38
1445094699 38
1445094699 38
1445094700 38
1445094701 38
1445094701 38
1445094701 38
1445094701 38
1445094701 38
1445094702 38
1445094702 38
1445094702 38
1445094702 38
1445094702 38
1445094702 38
1445094703 38
1445094703 38
1445094704 38
1445094704 38
1445094704 38
1445094704 38
1445094705 38
1445094705 38
1445094705 38
1445094705 38
1445094706 38
1445094706 38
1445094707 38
1445094707 38
1445094707 38
1445094707 38
1445094707 38
1445094708 38
1445094708 38
1445094708 38
1445094709 38
1445094709 38
1445094709 38
1445094709 38
1445094709 38
1445094710 38
1445094710 38
1445094710 38
1445094711 38
1445094711 38
1445094711 38
1445094711 38
1445094712 38
1445094712 38
1445094712 38
1445094712 38
1445094713 38
1445094713 38
1445094713 38
1445094713 38
1445094714 38
1445094714 38
1445094714 38
1445094714 38
1445094715 38
1445094715 38
1445094716 38
1445094716 38
1445094716 38
1445094716 38
1445094716 38
1445094716 38
1445094717 38
1445094717 38
1445094718 38
1445094718 38
1445094718 38
1445094718 38
1445094719 38
1445094719 38
1445094719 38
1445094719 38
1445094719 38
1445094719 38
1445094720 38
1445094720 38
1445094720 38
1445094721 38
1445094721 38
1445094721 38
1445094722 38
1445094722 38
1445094722 38
1445094722 38
1445094723 38
1445094723 38
1445094723 38
1445094723 38
1445094723 38
1445094723 38
1445094724 38
1445094724 38
1445094725 38
1445094725 38
1445094725 38
1445094725 38
1445094726 38
1445094726 38
1445094726 38
1445094726 38
1445094726 38
1445094727 38
1445094727 38
1445094727 38
1445094728 38
1445094728 38
1445094728 38
1445094729 38
1445094729 38
1445094729 38
1445094729 38
1445094730 38
1445094730 38
1445094730 38
1445094730 38
1445094730 38
1445094731 38
1445094731 38
1445094731 38
1445094731 38
1445094732 38
1445094732 38
1445094732 38
1445094733 38
1445094733 38
1445094733 38
1445094733 38
1445094734 38
1445094734 38
1445094734 38
1445094734 38
1445094734 38
1445094735 38
1445094735 38
1445094735 38
1445094736 38
1445094736 38
1445094736 38
1445094736 38
1445094736 38
1445094736 38
1445094736 38
1445094736 38
1445094736 38
1445094736 38
1445094736 38
1445094736 38
1445094736 38
1445094736 38
1445094736 38
1445094736 38
1445094736 38
1445094736 38
1445094737 38
1445094737 38
1445094737 38
1445094737 38
1445094737 38
1445094738 38
1445094738 38
1445094738 38
1445094738 38
1445094738 38
1445094738 38
1445094738 38
1445094738 2
1445094738 38
1445094738 38
1445094738 38
1445094738 38
1445094738 38
1445094739 38
1445094739 2
1445094739 38
1445094739 38
1445094739 38
1445094739 38
1445094739 38
1445094739 38
1445094739 38
1445094739 38
1445094739 38
1445094739 38
1445094739 38
1445094739 38
1445094739 38
1445094739 38
1445094739 38
1445094739 38
1445094739 38
1445094739 38
1445094739 38
1445094739 38
1445094739 38
1445094739 38
1445094739 38
1445094740 38
1445094740 38
1445094740 38
1445094740 38
1445094740 2
1445094740 38
1445094740 38
1445094740 38
1445094740 38
1445094740 23
1445094740 35
1445094740 -1
1445094740 38
1445094740 38
1445094741 38
1445094741 1
1445094741 38
1445094741 8
1445094741 27
1445094741 29
1445094741 24
1445094741 30
1445094741 32
1445094741 20
1445094741 21
1445094741 17
1445094741 13
1445094741 16
1445094741 38
1445094741 8
1445094741 27
1445094741 25
1445094741 28
1445094741 34
1445094741 26
1445094741 19
1445094741 21
1445094741 11
1445094741 14
1445094741 15
1445094741 18
1445094741 38
1445094741 38
1445094741 38
1445094741 38
1445094742 38
1445094742 38
1445094742 38
1445094742 38
1445094742 38
1445094742 23
1445094742 35
1445094742 -1
1445094743 38
1445094743 8
1445094743 27
1445094743 25
1445094743 28
1445094743 34
1445094743 26
1445094743 19
1445094743 21
1445094743 11
1445094743 14
1445094743 15
1445094743 18
1445094743 38
1445094743 38
1445094743 38
1445094743 38
1445094743 38
1445094744 38
1445094744 38
1445094745 38
1445094745 38
1445094746 38
1445094746 38
1445094747 38
1445094747 38
1445094747 38
1445094747 38
1445094747 38
1445094748 38
1445094748 38
1445094749 38
1445094749 38
1445094750 38
1445094750 38
1445094750 38
1445094751 38
1445094751 38
1445094751 38
1445094752 38
1445094752 38
1445094752 38
1445094753 38
1445094753 38
1445094753 38
1445094754 38
1445094754 38
1445094754 38
1445094755 38
1445094755 38
1445094755 38
1445094757 38
1445094757 38
1445094757 38
1445094757 38
1445094758 38
1445094758 38
1445094758 38
1445094759 38
1445094759 38
1445094760 38
1445094760 38
1445094760 38
1445094761 38
1445094761 38
1445094761 38
1445094762 38
1445094762 38
1445094762 38
1445094763 38
1445094763 38
1445094764 38
1445094764 38
1445094764 38
1445094764 38
1445094764 38
1445094764 38
1445094764 38
1445094764 38
1445094764 38
1445094764 38
1445094764 38
1445094764 38
1445094764 38
1445094764 38
1445094764 38
1445094764 38
1445094764 38
1445094765 38
1445094765 38
1445094765 38
1445094766 38
1445094766 38
1445094766 38
1445094766 38
1445094766 38
1445094766 38
1445094767 38
1445094767 38
1445094767 38
1445094767 38
1445094768 38
1445094768 38
1445094769 38
1445094769 38
1445094769 38
1445094770 38
1445094770 38
1445094770 38
1445094770 38
1445094771 38
1445094771 38
1445094772 38
1445094772 38
1445094772 38
1445094773 38
1445094773 38
1445094774 38
1445094774 38
1445094774 38
1445094774 38
1445094775 38
1445094775 38
1445094775 38
1445094775 38
1445094776 38
1445094776 38
1445094776 38
1445094776 38
1445094776 38
1445094776 38
1445094776 38
1445094776 38
1445094776 38
1445094776 38
1445094776 38
1445094777 38
1445094777 38
1445094777 38
1445094777 38
1445094777 38
1445094777 38
1445094777 38
1445094777 38
1445094777 38
1445094778 38
1445094778 38
1445094778 38
1445094779 38
1445094779 38
1445094779 38
1445094779 38
1445094779 38
1445094779 38
1445094779 38
1445094779 38
1445094779 38
1445094779 38
1445094779 38
1445094779 38
1445094780 38
1445094780 38
1445094780 38
1445094780 38
1445094780 38
1445094780 38
1445094780 38
1445094780 38
1445094780 38
1445094780 38
1445094780 38
1445094780 38
1445094780 38
1445094781 38
1445094781 2
1445094781 38
1445094781 38
1445094781 38
1445094781 38
1445094781 38
1445094781 8
1445094781 27
1445094781 25
1445094781 28
1445094781 34
1445094781 26
1445094781 19
1445094781 21
1445094781 11
1445094781 14
1445094781 15
1445094781 18
1445094781 38
1445094781 38
1445094781 38
1445094781 38
1445094781 38
1445094781 38
1445094781 38
1445094782 38
1445094782 38
1445094782 38
1445094782 23
1445094782 35
1445094782 -1
1445094782 38
1445094782 38
1445094782 23
1445094782 35
1445094782 -1
1445094782 38
1445094782 38
1445094782 38
1445094782 38
1445094782 38
1445094783 38
1445094783 38
1445094783 38
1445094783 38
1445094784 38
1445094784 38
1445094785 38
1445094785 38
1445094785 38
1445094785 38
1445094785 23
1445094785 35
1445094785 -1
1445094785 38
1445094786 38
1445094786 38
1445094786 38
1445094786 38
1445094787 38
1445094788 38
1445094788 38
1445094788 38
1445094789 38
1445094789 38
1445094789 38
1445094790 38
1445094791 38
1445094792 38
1445094792 38
1445094792 38
1445094792 38
1445094792 38
1445094792 38
1445094793 38
1445094794 38
1445094795 38
1445094795 38
1445094795 38
1445094795 38
1445094795 38
1445094795 38
1445094796 38
1445094797 38
1445094798 38
1445094798 38
1445094798 38
1445094798 38
1445094799 38
1445094799 38
1445094799 38
1445094801 38
1445094801 38
1445094801 38
1445094801 38
1445094801 38
1445094801 38
1445094801 38
1445094801 38
1445094801 38
1445094801 38
1445094802 38
1445094802 38
1445094802 38
1445094802 38
1445094802 38
1445094802 38
1445094802 38
1445094802 38
1445094802 38
1445094802 38
1445094802 38
1445094802 38
1445094802 38
1445094802 38
1445094802 8
1445094802 27
1445094802 25
1445094802 28
1445094802 34
1445094802 26
1445094802 19
1445094802 21
1445094802 11
1445094802 14
1445094802 15
1445094802 18
1445094802 38
1445094802 2
1445094802 38
1445094803 38
1445094803 38
1445094803 38
1445094803 38
1445094803 23
1445094803 35
1445094803 -1
1445094803 38
1445094803 38
1445094803 23
1445094803 35
1445094803 -1
1445094804 38
1445094804 38
1445094804 38
1445094805 38
1445094805 38
1445094806 38
1445094807 38
1445094807 38
1445094807 38
1445094808 38
1445094809 38
1445094809 38
1445094810 38
1445094810 38
1445094810 38
1445094811 38
1445094812 38
1445094812 38
1445094813 38
1445094813 38
1445094814 38
1445094814 38
1445094815 38
1445094816 38
1445094817 38
1445094817 38
1445094817 38
1445094818 38
1445094819 38
1445094819 38
1445094820 38
1445094820 38
1445094820 38
1445094821 38
1445094822 38
1445094823 38
1445094823 38
1445094823 38
1445094823 38
1445094824 38
1445094826 38
1445094826 38
1445094826 38
1445094826 38
1445094827 38
1445094828 38
1445094829 38
1445094829 38
1445094829 38
1445094830 38
1445094830 38
1445094831 38
1445094832 38
1445094832 38
1445094832 38
1445094833 38
1445094833 38
1445094834 38
1445094834 38
1445094835 38
1445094835 38
1445094835 38
1445094836 38
1445094836 38
1445094837 38
1445094838 38
1445094838 38
1445094838 38
1445094839 38
1445094840 38
1445094840 38
1445094841 38
1445094841 38
1445094841 38
1445094842 38
1445094843 38
1445094843 38
1445094844 38
1445094844 38
1445094845 38
1445094846 38
1445094846 38
1445094847 38
1445094847 38
1445094847 38
1445094848 38
1445094849 38
1445094850 38
1445094850 38
1445094851 38
1445094851 38
1445094851 38
1445094852 38
1445094853 38
1445094853 38
1445094853 38
1445094853 38
1445094853 38
1445094853 38
1445094853 38
1445094854 38
1445094854 38
1445094854 38
1445094854 38
1445094854 38
1445094854 38
1445094854 38
1445094854 38
1445094854 38
1445094854 38
1445094854 38
1445094854 38
1445094854 38
1445094855 38
1445094855 38
1445094855 38
1445094855 8
1445094855 27
1445094855 25
1445094855 28
1445094855 34
1445094855 26
1445094855 19
1445094855 21
1445094855 11
1445094855 14
1445094855 15
1445094855 18
1445094855 2
1445094855 38
1445094855 38
1445094855 38
1445094855 38
1445094855 23
1445094855 35
1445094855 -1
1445094856 38
1445094857 38
1445094857 38
1445094857 38
1445094857 23
1445094857 35
1445094857 -1
1445094857 38
1445094857 38
1445094858 38
1445094859 38
1445094860 38
1445094860 38
1445094861 38
1445094862 38
1445094863 38
1445094863 38
1445094864 38
1445094866 38
1445094866 38
1445094867 38
1445094868 38
1445094869 38
1445094869 38
1445094870 38
1445094871 38
1445094872 38
1445094872 38
1445094873 38
1445094875 38
1445094875 38
1445094876 38
1445094877 38
1445094878 38
1445094879 38
1445094879 38
1445094880 38
1445094881 38
1445094882 38
1445094882 38
1445094883 38
1445094884 38
1445094885 38
1445094885 38
1445094886 38
1445094887 38
1445094888 38
1445094888 38
1445094889 38
1445094890 38
1445094890 38
1445094891 38
1445094894 38
1445094897 38
1445094900 38
1445094903 38
1445094906 38
1445094909 38
1445094913 38
1445094916 38
1445094919 38
1445094922 38
1445094925 38
1445094929 38
1445094932 38
1445094935 38
1445094939 38
1445094942 38
1445094945 38
1445094948 38
1445094951 38
1445094954 38
1445094957 38
1445094960 38
1445094963 38
1445094966 38
1445094969 38
1445094972 38
1445094975 38
1445094978 38
1445094981 38
1445094984 38
1445094987 38
1445094990 38
1445094993 38
1445094996 38
1445094999 38
1445095002 38
1445095005 38
1445095008 38
1445095011 38
1445095014 38
1445095017 38
1445095020 38
1445095023 38
1445095026 38
1445095029 38
1445095032 38
1445095035 38
1445095038 38
1445095041 38
1445095044 38
1445095047 38
1445095050 38
1445095053 38
1445095056 38
1445095059 38
1445095062 38
1445095065 38
1445095068 38
1445095071 38
1445095074 38
1445095077 38
1445095080 38
1445095083 38
1445095086 38
1445095089 38
1445095092 38
1445095095 38
1445095098 38
1445095101 38
1445095104 38
1445095107 38
1445095110 38
1445095113 38
1445095117 38
1445095120 38
1445095123 38
1445095126 38
1445095129 38
1445095132 38
1445095135 38
1445095138 38
1445095141 38
1445095144 38
1445095147 38
1445095150 38
1445095153 38
1445095156 38
1445095159 38
1445095162 38
1445095165 38
1445095168 38
1445095171 38
1445095174 38
1445095177 38
1445095180 38
1445095183 38
1445095186 38
1445095189 38
1445095192 38
1445095195 38
1445095198 38
1445095202 38
1445095205 38
1445095208 38
1445095211 38
1445095214 38
1445095217 38
1445095220 38
1445095223 38
1445095226 38
1445095229 38
1445095232 38
1445095235 38
1445095238 38
1445095241 38
1445095244 38
1445095247 38
1445095250 38
1445095253 38
1445095256 38
1445095259 38
1445095262 38
1445095265 38
1445095268 38
1445095271 38
1445095274 38
1445095277 38
1445095281 38
1445095284 38
1445095287 38
1445095290 38
1445095293 38
1445095296 38
1445095299 38
1445095302 38
1445095305 38
1445095308 38
1445095311 38
1445095314 38
1445095317 38
1445095320 38
1445095323 38
1445095326 38
1445095329 38
1445095332 38
1445095335 38
1445095338 38
1445095341 38
1445095344 38
1445095347 38
1445095350 38
1445095353 38
1445095356 38
1445095359 38
1445095362 38
1445095365 38
1445095369 38
1445095372 38
1445095375 38
1445095378 38
1445095381 38
1445095384 38
1445095387 38
1445095390 38
1445095393 38
1445095396 38
1445095399 38
1445095402 38
1445095405 38
1445095408 38
1445095412 38
1445095415 38
1445095418 38
1445095421 38
1445095424 38
1445095427 38
1445095430 38
1445095433 38
1445095436 38
1445095439 38
1445095442 38
1445095445 38
1445095448 38
1445095451 38
1445095455 38
1445095458 38
1445095461 38
1445095464 38
1445095467 38
1445095470 38
1445095473 38
1445095476 38
1445095479 38
1445095482 38
1445095485 38
1445095488 38
1445095491 38
1445095495 38
1445095498 38
1445095501 38
1445095504 38
1445095507 38
1445095511 38
1445095514 38
1445095517 38
1445095520 38
1445095523 38
1445095526 38
1445095529 38
1445095532 38
1445095535 38
1445095538 38
1445095541 38
1445095544 38
1445095548 38
1445095551 38
1445095554 38
1445095557 38
1445095560 38
1445095563 38
1445095566 38
1445095570 38
1445095573 38
1445095576 38
1445095579 38
1445095582 38
1445095585 38
1445095588 38
1445095591 38
1445095594 38
1445095597 38
1445095600 38
1445095603 38
1445095606 38
1445095609 38
1445095613 38
1445095616 38
1445095619 38
1445095622 38
1445095625 38
1445095628 38
1445095631 38
1445095634 38
1445095637 38
1445095640 38
1445095643 38
1445095646 38
1445095649 38
1445095652 38
1445095655 38
1445095659 38
1445095662 38
1445095665 38
1445095668 38
1445095671 38
1445095674 38
1445095677 38
1445095677 38
1445095677 38
1445095677 38
1445095677 38
1445095677 38
1445095678 38
1445095678 38
1445095678 38
1445095678 38
1445095678 38
1445095678 38
1445095678 38
1445095678 38
1445095678 38
1445095678 38
1445095678 38
1445095678 38
1445095679 38
1445095679 38
1445095679 38
1445095679 38
1445095679 38
1445095679 38
1445095679 38
1445095679 38
1445095679 38
1445095679 38
1445095680 38
1445095680 10
1445095680 38
1445095680 38
1445095680 38
1445095680 23
1445095680 35
1445095680 -1
1445095681 38
1445095681 10
1445095681 38
1445095681 22
1445095682 38
1445095682 22
1445095682 38
1445095682 7
1445095682 36
1445095682 38
1445095682 6
1445095682 31
1445095682 38
1445095682 4
1445095682 12
1445095682 38
1445095682 38
1445095682 38
1445095682 38
1445095683 38
1445095683 38
1445095683 38
1445095683 38
1445095683 38
1445095683 38
