1445094476 35
1445094477 35
1445094477 35
1445094477 35
1445094478 35
1445094478 35
1445094478 35
1445094478 35
1445094478 35
1445094478 35
1445094478 35
1445094478 35
1445094478 35
1445094478 35
1445094478 35
1445094478 35
1445094478 35
1445094478 35
1445094478 35
1445094479 35
1445094479 35
1445094479 35
1445094479 35
1445094479 35
1445094479 35
1445094479 35
1445094479 35
1445094479 35
1445094479 35
1445094479 35
1445094479 35
1445094479 35
1445094479 35
1445094479 35
1445094479 8
1445094479 35
1445094479 35
1445094479 35
1445094479 35
1445094479 35
1445094479 35
1445094479 35
1445094479 64
1445094479 5
1445094480 64
1445094480 35
1445094480 35
1445094480 35
1445094480 35
1445094480 35
1445094480 35
1445094480 35
1445094480 35
1445094480 35
1445094480 35
1445094480 35
1445094480 35
1445094480 35
1445094480 35
1445094480 35
1445094480 35
1445094480 35
1445094480 35
1445094480 35
1445094480 35
1445094480 35
1445094480 35
1445094480 35
1445094480 35
1445094480 35
1445094480 35
1445094480 35
1445094480 35
1445094480 35
1445094480 35
1445094480 35
1445094480 35
1445094480 35
1445094480 35
1445094480 35
1445094480 35
1445094480 35
1445094480 35
1445094480 35
1445094480 35
1445094480 35
1445094480 35
1445094480 35
1445094480 35
1445094480 35
1445094480 35
1445094480 35
1445094480 35
1445094480 35
1445094480 35
1445094480 35
1445094480 35
1445094480 35
1445094480 35
1445094480 35
1445094480 35
1445094480 35
1445094480 35
1445094480 35
1445094480 35
1445094480 35
1445094480 35
1445094480 35
1445094481 35
1445094481 35
1445094481 35
1445094481 35
1445094482 35
1445094482 35
1445094482 35
1445094482 35
1445094482 35
1445094482 35
1445094482 35
1445094482 35
1445094482 35
1445094482 35
1445094482 35
1445094483 35
1445094483 35
1445094483 35
1445094483 35
1445094483 35
1445094483 35
1445094483 35
1445094483 35
1445094483 35
1445094483 35
1445094483 35
1445094483 35
1445094483 35
1445094483 35
1445094483 35
1445094483 35
1445094483 35
1445094483 35
1445094483 35
1445094483 35
1445094483 35
1445094483 35
1445094483 35
1445094483 35
1445094483 35
1445094483 35
1445094483 35
1445094483 35
1445094483 35
1445094483 35
1445094483 35
1445094483 35
1445094483 35
1445094483 35
1445094483 35
1445094483 35
1445094483 35
1445094483 35
1445094483 35
1445094483 35
1445094483 35
1445094483 35
1445094483 35
1445094483 35
1445094483 35
1445094483 35
1445094483 35
1445094483 35
1445094483 35
1445094483 35
1445094483 35
1445094483 35
1445094483 35
1445094483 35
1445094483 35
1445094483 35
1445094483 35
1445094483 35
1445094483 35
1445094483 35
1445094483 35
1445094483 35
1445094483 35
1445094483 35
1445094483 35
1445094483 35
1445094483 35
1445094483 35
1445094483 35
1445094483 35
1445094483 35
1445094483 35
1445094483 35
1445094483 35
1445094483 35
1445094483 35
1445094483 35
1445094483 35
1445094485 35
1445094485 35
1445094485 35
1445094485 35
1445094485 35
1445094485 35
1445094485 35
1445094485 35
1445094485 35
1445094485 35
1445094485 35
1445094485 35
1445094485 35
1445094485 35
1445094485 35
1445094485 35
1445094486 35
1445094486 35
1445094486 35
1445094486 35
1445094486 35
1445094486 35
1445094486 35
1445094486 35
1445094486 35
1445094486 35
1445094486 35
1445094486 35
1445094486 35
1445094486 35
1445094486 35
1445094486 35
1445094486 35
1445094486 35
1445094486 35
1445094486 35
1445094486 35
1445094486 35
1445094486 35
1445094486 35
1445094486 35
1445094486 35
1445094486 35
1445094486 35
1445094486 35
1445094487 35
1445094487 35
1445094487 35
1445094487 35
1445094487 35
1445094487 35
1445094487 35
1445094487 35
1445094487 35
1445094487 35
1445094487 35
1445094487 35
1445094487 35
1445094487 35
1445094487 35
1445094487 35
1445094487 35
1445094487 35
1445094488 35
1445094488 35
1445094488 110
1445094488 35
1445094488 35
1445094489 35
1445094489 35
1445094489 35
1445094491 35
1445094491 35
1445094491 35
1445094491 35
1445094491 35
1445094491 35
1445094491 35
1445094491 35
1445094493 35
1445094493 35
1445094494 35
1445094494 35
1445094494 35
1445094494 35
1445094494 35
1445094494 35
1445094494 35
1445094494 35
1445094494 35
1445094494 35
1445094494 35
1445094495 35
1445094495 35
1445094496 35
1445094496 35
1445094497 35
1445094497 35
1445094497 35
1445094497 35
1445094497 35
1445094500 35
1445094500 35
1445094500 35
1445094500 35
1445094500 35
1445094503 35
1445094503 35
1445094503 35
1445094503 35
1445094503 35
1445094504 35
1445094504 35
1445094504 35
1445094506 35
1445094506 35
1445094506 35
1445094506 35
1445094507 35
1445094508 35
1445094508 35
1445094508 35
1445094509 35
1445094509 35
1445094510 35
1445094510 35
1445094510 35
1445094511 35
1445094511 35
1445094511 35
1445094512 35
1445094513 35
1445094513 35
1445094513 35
1445094513 35
1445094514 35
1445094514 35
1445094514 35
1445094515 35
1445094515 35
1445094516 35
1445094516 35
1445094516 35
1445094516 35
1445094518 35
1445094518 35
1445094518 35
1445094518 35
1445094518 35
1445094519 35
1445094519 35
1445094519 35
1445094519 35
1445094521 35
1445094521 35
1445094521 35
1445094521 35
1445094521 35
1445094521 35
1445094522 35
1445094522 35
1445094522 35
1445094522 35
1445094524 35
1445094525 35
1445094525 35
1445094525 35
1445094525 35
1445094525 35
1445094525 35
1445094525 35
1445094525 35
1445094525 35
1445094527 35
1445094528 35
1445094528 35
1445094528 35
1445094528 35
1445094528 35
1445094528 35
1445094528 35
1445094529 35
1445094529 35
1445094530 35
1445094531 35
1445094531 35
1445094531 35
1445094531 35
1445094532 35
1445094532 35
1445094532 35
1445094532 35
1445094532 35
1445094533 35
1445094534 35
1445094534 35
1445094534 35
1445094534 35
1445094536 35
1445094536 35
1445094536 35
1445094536 35
1445094536 35
1445094536 35
1445094537 35
1445094537 35
1445094537 35
1445094537 35
1445094538 35
1445094539 35
1445094539 35
1445094539 35
1445094540 35
1445094540 35
1445094540 35
1445094540 35
1445094540 35
1445094540 35
1445094540 35
1445094542 35
1445094543 35
1445094543 35
1445094543 35
1445094543 35
1445094543 35
1445094543 35
1445094543 35
1445094544 35
1445094544 35
1445094545 35
1445094546 35
1445094546 35
1445094546 35
1445094546 35
1445094547 35
1445094547 35
1445094547 35
1445094547 35
1445094547 35
1445094548 35
1445094548 35
1445094548 35
1445094549 35
1445094549 35
1445094549 35
1445094549 35
1445094549 35
1445094550 35
1445094550 35
1445094550 35
1445094550 35
1445094551 35
1445094551 35
1445094552 35
1445094552 35
1445094552 35
1445094552 35
1445094552 35
1445094553 35
1445094553 35
1445094554 35
1445094554 35
1445094555 35
1445094555 35
1445094555 35
1445094555 35
1445094555 35
1445094556 35
1445094557 35
1445094557 35
1445094557 35
1445094557 35
1445094558 35
1445094558 35
1445094558 35
1445094558 35
1445094559 35
1445094559 35
1445094560 35
1445094560 35
1445094561 35
1445094561 35
1445094561 35
1445094561 35
1445094561 35
1445094561 35
1445094563 35
1445094563 35
1445094563 35
1445094563 35
1445094563 35
1445094563 35
1445094563 35
1445094563 35
1445094563 35
1445094563 35
1445094563 35
1445094563 35
1445094563 35
1445094563 35
1445094563 35
1445094563 35
1445094563 35
1445094563 35
1445094563 35
1445094563 35
1445094563 35
1445094563 35
1445094563 35
1445094564 35
1445094564 35
1445094564 35
1445094564 35
1445094564 35
1445094564 35
1445094564 35
1445094564 35
1445094564 35
1445094564 113
1445094564 119
1445094564 170
1445094564 35
1445094564 35
1445094564 35
1445094567 35
1445094567 35
1445094567 35
1445094567 35
1445094567 35
1445094567 35
1445094567 35
1445094567 35
1445094568 35
1445094570 35
1445094570 35
1445094570 35
1445094570 35
1445094571 35
1445094571 35
1445094571 35
1445094571 35
1445094571 35
1445094573 35
1445094573 35
1445094573 35
1445094573 35
1445094574 35
1445094574 35
1445094575 35
1445094575 35
1445094575 35
1445094576 35
1445094576 35
1445094576 35
1445094576 35
1445094578 35
1445094578 35
1445094578 35
1445094578 35
1445094579 35
1445094579 35
1445094580 35
1445094580 35
1445094580 35
1445094581 35
1445094582 35
1445094582 35
1445094582 35
1445094582 35
1445094582 35
1445094583 35
1445094583 35
1445094583 35
1445094585 35
1445094585 35
1445094585 35
1445094585 35
1445094586 35
1445094586 35
1445094586 35
1445094586 35
1445094586 35
1445094588 35
1445094588 35
1445094589 35
1445094589 35
1445094589 35
1445094589 35
1445094590 35
1445094590 35
1445094591 35
1445094592 35
1445094592 35
1445094592 35
1445094592 35
1445094593 35
1445094594 35
1445094595 35
1445094595 35
1445094595 35
1445094597 35
1445094598 35
1445094598 35
1445094599 35
1445094599 35
1445094600 35
1445094600 35
1445094600 35
1445094600 35
1445094600 35
1445094600 35
1445094600 35
1445094600 35
1445094600 35
1445094600 35
1445094601 35
1445094601 35
1445094602 35
1445094602 35
1445094602 35
1445094602 35
1445094602 113
1445094602 119
1445094602 170
1445094602 35
1445094602 35
1445094602 35
1445094602 35
1445094602 35
1445094602 35
1445094602 35
1445094602 35
1445094602 35
1445094602 35
1445094602 35
1445094602 35
1445094602 35
1445094603 35
1445094604 35
1445094604 35
1445094604 35
1445094604 35
1445094604 35
1445094604 35
1445094604 35
1445094604 35
1445094604 35
1445094604 35
1445094604 35
1445094604 35
1445094604 35
1445094604 35
1445094604 35
1445094604 35
1445094604 35
1445094604 35
1445094604 35
1445094604 35
1445094604 35
1445094604 35
1445094604 35
1445094604 35
1445094604 113
1445094604 119
1445094604 170
1445094604 35
1445094604 35
1445094604 35
1445094604 35
1445094604 35
1445094604 35
1445094604 35
1445094604 35
1445094604 35
1445094604 35
1445094604 35
1445094604 35
1445094605 35
1445094605 35
1445094605 35
1445094605 35
1445094605 35
1445094605 113
1445094605 119
1445094605 170
1445094605 35
1445094605 35
1445094605 113
1445094605 119
1445094605 170
1445094605 35
1445094605 35
1445094605 35
1445094605 35
1445094605 35
1445094605 35
1445094605 35
1445094605 35
1445094605 35
1445094605 35
1445094605 35
1445094605 35
1445094605 35
1445094605 35
1445094605 35
1445094605 35
1445094605 35
1445094605 35
1445094605 35
1445094605 35
1445094606 35
1445094606 35
1445094606 35
1445094606 35
1445094608 35
1445094608 35
1445094608 35
1445094609 35
1445094609 35
1445094609 35
1445094609 35
1445094609 35
1445094609 35
1445094609 35
1445094609 35
1445094610 35
1445094610 35
1445094611 35
1445094612 35
1445094612 35
1445094612 35
1445094613 35
1445094613 35
1445094613 35
1445094613 35
1445094614 35
1445094615 35
1445094615 35
1445094616 35
1445094616 35
1445094616 35
1445094616 35
1445094616 35
1445094617 35
1445094617 35
1445094617 35
1445094618 35
1445094618 35
1445094618 35
1445094618 35
1445094618 35
1445094618 35
1445094618 35
1445094618 35
1445094618 35
1445094618 35
1445094618 35
1445094618 35
1445094618 35
1445094618 35
1445094619 35
1445094619 35
1445094619 35
1445094620 35
1445094620 35
1445094620 35
1445094620 35
1445094620 35
1445094620 35
1445094620 35
1445094620 35
1445094620 35
1445094620 35
1445094620 35
1445094621 35
1445094621 35
1445094621 35
1445094621 35
1445094621 35
1445094622 35
1445094622 35
1445094622 35
1445094622 35
1445094622 35
1445094622 35
1445094622 35
1445094622 35
1445094622 35
1445094622 35
1445094622 35
1445094622 35
1445094622 35
1445094622 35
1445094623 35
1445094623 35
1445094623 35
1445094623 35
1445094623 35
1445094624 35
1445094624 35
1445094624 35
1445094624 35
1445094625 35
1445094625 35
1445094626 35
1445094626 35
1445094627 35
1445094627 35
1445094627 35
1445094627 35
1445094628 35
1445094628 35
1445094628 35
1445094629 35
1445094629 35
1445094629 35
1445094630 35
1445094630 35
1445094630 35
1445094631 35
1445094631 35
1445094631 35
1445094632 35
1445094632 35
1445094632 35
1445094633 35
1445094633 35
1445094633 35
1445094633 35
1445094634 35
1445094634 35
1445094634 35
1445094634 35
1445094634 35
1445094635 35
1445094635 35
1445094635 35
1445094635 35
1445094635 35
1445094635 35
1445094635 35
1445094635 35
1445094635 35
1445094636 35
1445094636 35
1445094636 35
1445094636 35
1445094637 35
1445094637 35
1445094637 35
1445094637 35
1445094637 35
1445094638 35
1445094638 35
1445094639 35
1445094639 35
1445094639 35
1445094639 35
1445094640 35
1445094640 35
1445094640 35
1445094640 35
1445094641 35
1445094641 35
1445094641 35
1445094641 35
1445094642 35
1445094643 35
1445094643 35
1445094643 35
1445094643 35
1445094644 35
1445094644 35
1445094644 35
1445094644 35
1445094644 35
1445094645 35
1445094646 35
1445094646 35
1445094646 35
1445094647 35
1445094647 35
1445094647 35
1445094647 35
1445094648 35
1445094648 35
1445094648 35
1445094649 35
1445094649 35
1445094650 35
1445094650 35
1445094651 35
1445094651 35
1445094651 35
1445094651 35
1445094652 35
1445094652 35
1445094652 35
1445094653 35
1445094653 35
1445094653 35
1445094654 35
1445094654 35
1445094654 35
1445094654 35
1445094655 35
1445094655 35
1445094655 35
1445094656 35
1445094656 35
1445094656 35
1445094657 35
1445094657 35
1445094657 35
1445094658 35
1445094658 35
1445094658 35
1445094658 35
1445094659 35
1445094659 35
1445094659 35
1445094659 35
1445094660 35
1445094660 35
1445094660 35
1445094660 35
1445094661 35
1445094661 35
1445094661 35
1445094662 35
1445094662 35
1445094662 35
1445094663 35
1445094663 35
1445094663 35
1445094664 35
1445094664 35
1445094664 35
1445094665 35
1445094665 35
1445094665 35
1445094665 35
1445094665 35
1445094666 35
1445094666 35
1445094666 35
1445094666 35
1445094667 35
1445094667 35
1445094667 35
1445094668 35
1445094668 35
1445094668 35
1445094668 35
1445094668 35
1445094669 35
1445094669 35
1445094669 35
1445094669 35
1445094670 35
1445094670 35
1445094671 35
1445094671 35
1445094671 35
1445094671 35
1445094672 35
1445094672 35
1445094672 35
1445094672 35
1445094672 35
1445094673 35
1445094673 35
1445094673 35
1445094674 35
1445094674 35
1445094674 35
1445094674 35
1445094675 35
1445094675 35
1445094675 35
1445094675 35
1445094675 35
1445094676 35
1445094676 35
1445094677 35
1445094677 35
1445094677 35
1445094677 35
1445094677 35
1445094677 35
1445094677 35
1445094677 35
1445094677 35
1445094677 35
1445094677 35
1445094677 35
1445094677 35
1445094677 35
1445094677 35
1445094677 35
1445094678 35
1445094678 35
1445094678 35
1445094678 35
1445094679 35
1445094679 35
1445094679 35
1445094679 35
1445094680 35
1445094680 35
1445094680 35
1445094681 35
1445094681 35
1445094681 35
1445094681 35
1445094682 35
1445094682 35
1445094682 35
1445094682 35
1445094682 35
1445094682 35
1445094683 35
1445094683 35
1445094683 35
1445094683 35
1445094684 35
1445094684 35
1445094684 35
1445094684 35
1445094684 35
1445094685 35
1445094686 35
1445094686 35
1445094686 35
1445094686 35
1445094686 35
1445094686 35
1445094687 35
1445094687 35
1445094687 35
1445094688 35
1445094688 35
1445094688 35
1445094689 35
1445094689 35
1445094689 35
1445094689 35
1445094690 35
1445094690 35
1445094690 35
1445094690 35
1445094691 35
1445094691 35
1445094691 35
1445094692 35
1445094692 35
1445094692 35
1445094692 35
1445094692 35
1445094693 35
1445094693 35
1445094694 35
1445094694 35
1445094694 35
1445094694 35
1445094694 35
1445094695 35
1445094695 35
1445094695 35
1445094695 35
1445094696 35
1445094696 35
1445094696 35
1445094696 35
1445094697 35
1445094697 35
1445094697 35
1445094698 35
1445094698 35
1445094698 35
1445094698 35
1445094698 35
1445094699 35
1445094699 35
1445094699 35
1445094699 35
1445094699 35
1445094700 35
1445094701 35
1445094701 35
1445094701 35
1445094701 35
1445094701 35
1445094702 35
1445094702 35
1445094702 35
1445094702 35
1445094702 35
1445094702 35
1445094703 35
1445094703 35
1445094704 35
1445094704 35
1445094704 35
1445094704 35
1445094705 35
1445094705 35
1445094705 35
1445094705 35
1445094706 35
1445094706 35
1445094707 35
1445094707 35
1445094707 35
1445094707 35
1445094707 35
1445094708 35
1445094708 35
1445094708 35
1445094709 35
1445094709 35
1445094709 35
1445094709 35
1445094709 35
1445094710 35
1445094710 35
1445094710 35
1445094711 35
1445094711 35
1445094711 35
1445094711 35
1445094712 35
1445094712 35
1445094712 35
1445094712 35
1445094713 35
1445094713 35
1445094713 35
1445094713 35
1445094714 35
1445094714 35
1445094714 35
1445094714 35
1445094715 35
1445094715 35
1445094716 35
1445094716 35
1445094716 35
1445094716 35
1445094716 35
1445094716 35
1445094717 35
1445094717 35
1445094718 35
1445094718 35
1445094718 35
1445094718 35
1445094719 35
1445094719 35
1445094719 35
1445094719 35
1445094719 35
1445094719 35
1445094720 35
1445094720 35
1445094720 35
1445094721 35
1445094721 35
1445094721 35
1445094722 35
1445094722 35
1445094722 35
1445094722 35
1445094723 35
1445094723 35
1445094723 35
1445094723 35
1445094723 35
1445094723 35
1445094724 35
1445094724 35
1445094725 35
1445094725 35
1445094725 35
1445094725 35
1445094726 35
1445094726 35
1445094726 35
1445094726 35
1445094726 35
1445094727 35
1445094727 35
1445094727 35
1445094728 35
1445094728 35
1445094728 35
1445094729 35
1445094729 35
1445094729 35
1445094729 35
1445094730 35
1445094730 35
1445094730 35
1445094730 35
1445094730 35
1445094731 35
1445094731 35
1445094731 35
1445094731 35
1445094732 35
1445094732 35
1445094732 35
1445094733 35
1445094733 35
1445094733 35
1445094733 35
1445094734 35
1445094734 35
1445094734 35
1445094734 35
1445094734 35
1445094735 35
1445094735 35
1445094735 35
1445094736 35
1445094736 35
1445094736 35
1445094736 35
1445094736 35
1445094736 35
1445094736 35
1445094736 35
1445094736 35
1445094736 35
1445094736 35
1445094736 35
1445094736 35
1445094736 35
1445094736 35
1445094736 35
1445094736 35
1445094736 35
1445094737 35
1445094737 35
1445094737 35
1445094737 35
1445094737 35
1445094738 35
1445094738 35
1445094738 35
1445094738 35
1445094738 35
1445094738 35
1445094738 35
1445094738 89
1445094738 35
1445094738 35
1445094738 35
1445094738 35
1445094738 35
1445094739 35
1445094739 89
1445094739 35
1445094739 35
1445094739 35
1445094739 35
1445094739 35
1445094739 35
1445094739 35
1445094739 35
1445094739 35
1445094739 35
1445094739 35
1445094739 35
1445094739 35
1445094739 35
1445094739 35
1445094739 35
1445094739 35
1445094739 35
1445094739 35
1445094739 35
1445094739 35
1445094739 35
1445094739 35
1445094740 35
1445094740 35
1445094740 35
1445094740 35
1445094740 89
1445094740 35
1445094740 35
1445094740 35
1445094740 35
1445094740 113
1445094740 119
1445094740 170
1445094740 35
1445094740 35
1445094741 35
1445094741 82
1445094741 35
1445094741 36
1445094741 164
1445094741 106
1445094741 4
1445094741 106
1445094741 106
1445094741 61
1445094741 15
1445094741 61
1445094741 61
1445094741 61
1445094741 35
1445094741 36
1445094741 164
1445094741 106
1445094741 4
1445094741 106
1445094741 106
1445094741 61
1445094741 15
1445094741 61
1445094741 61
1445094741 61
1445094741 61
1445094741 35
1445094741 35
1445094741 35
1445094741 35
1445094742 35
1445094742 35
1445094742 35
1445094742 35
1445094742 35
1445094742 113
1445094742 119
1445094742 170
1445094743 35
1445094743 36
1445094743 164
1445094743 106
1445094743 4
1445094743 106
1445094743 106
1445094743 61
1445094743 15
1445094743 61
1445094743 61
1445094743 61
1445094743 61
1445094743 35
1445094743 35
1445094743 35
1445094743 35
1445094743 35
1445094744 35
1445094744 35
1445094745 35
1445094745 35
1445094746 35
1445094746 35
1445094747 35
1445094747 35
1445094747 35
1445094747 35
1445094747 35
1445094748 35
1445094748 35
1445094749 35
1445094749 35
1445094750 35
1445094750 35
1445094750 35
1445094751 35
1445094751 35
1445094751 35
1445094752 35
1445094752 35
1445094752 35
1445094753 35
1445094753 35
1445094753 35
1445094754 35
1445094754 35
1445094754 35
1445094755 35
1445094755 35
1445094755 35
1445094757 35
1445094757 35
1445094757 35
1445094757 35
1445094758 35
1445094758 35
1445094758 35
1445094759 35
1445094759 35
1445094760 35
1445094760 35
1445094760 35
1445094761 35
1445094761 35
1445094761 35
1445094762 35
1445094762 35
1445094762 35
1445094763 35
1445094763 35
1445094764 35
1445094764 35
1445094764 35
1445094764 35
1445094764 35
1445094764 35
1445094764 35
1445094764 35
1445094764 35
1445094764 35
1445094764 35
1445094764 35
1445094764 35
1445094764 35
1445094764 35
1445094764 35
1445094764 35
1445094765 35
1445094765 35
1445094765 35
1445094766 35
1445094766 35
1445094766 35
1445094766 35
1445094766 35
1445094766 35
1445094767 35
1445094767 35
1445094767 35
1445094767 35
1445094768 35
1445094768 35
1445094769 35
1445094769 35
1445094769 35
1445094770 35
1445094770 35
1445094770 35
1445094770 35
1445094771 35
1445094771 35
1445094772 35
1445094772 35
1445094772 35
1445094773 35
1445094773 35
1445094774 35
1445094774 35
1445094774 35
1445094774 35
1445094775 35
1445094775 35
1445094775 35
1445094775 35
1445094776 35
1445094776 35
1445094776 35
1445094776 35
1445094776 35
1445094776 35
1445094776 35
1445094776 35
1445094776 35
1445094776 35
1445094776 35
1445094777 35
1445094777 35
1445094777 35
1445094777 35
1445094777 35
1445094777 35
1445094777 35
1445094777 35
1445094777 35
1445094778 35
1445094778 35
1445094778 35
1445094779 35
1445094779 35
1445094779 35
1445094779 35
1445094779 35
1445094779 35
1445094779 35
1445094779 35
1445094779 35
1445094779 35
1445094779 35
1445094779 35
1445094780 35
1445094780 35
1445094780 35
1445094780 35
1445094780 35
1445094780 35
1445094780 35
1445094780 35
1445094780 35
1445094780 35
1445094780 35
1445094780 35
1445094780 35
1445094781 35
1445094781 89
1445094781 35
1445094781 35
1445094781 35
1445094781 35
1445094781 35
1445094781 36
1445094781 164
1445094781 106
1445094781 4
1445094781 106
1445094781 106
1445094781 61
1445094781 15
1445094781 61
1445094781 61
1445094781 61
1445094781 61
1445094781 35
1445094781 35
1445094781 35
1445094781 35
1445094781 35
1445094781 35
1445094781 35
1445094782 35
1445094782 35
1445094782 35
1445094782 113
1445094782 119
1445094782 170
1445094782 35
1445094782 35
1445094782 113
1445094782 119
1445094782 170
1445094782 35
1445094782 35
1445094782 35
1445094782 35
1445094782 35
1445094783 35
1445094783 35
1445094783 35
1445094783 35
1445094784 35
1445094784 35
1445094785 35
1445094785 35
1445094785 35
1445094785 35
1445094785 113
1445094785 119
1445094785 170
1445094785 35
1445094786 35
1445094786 35
1445094786 35
1445094786 35
1445094787 35
1445094788 35
1445094788 35
1445094788 35
1445094789 35
1445094789 35
1445094789 35
1445094790 35
1445094791 35
1445094792 35
1445094792 35
1445094792 35
1445094792 35
1445094792 35
1445094792 35
1445094793 35
1445094794 35
1445094795 35
1445094795 35
1445094795 35
1445094795 35
1445094795 35
1445094795 35
1445094796 35
1445094797 35
1445094798 35
1445094798 35
1445094798 35
1445094798 35
1445094799 35
1445094799 35
1445094799 35
1445094801 35
1445094801 35
1445094801 35
1445094801 35
1445094801 35
1445094801 35
1445094801 35
1445094801 35
1445094801 35
1445094801 35
1445094802 35
1445094802 35
1445094802 35
1445094802 35
1445094802 35
1445094802 35
1445094802 35
1445094802 35
1445094802 35
1445094802 35
1445094802 35
1445094802 35
1445094802 35
1445094802 35
1445094802 36
1445094802 164
1445094802 106
1445094802 4
1445094802 106
1445094802 106
1445094802 61
1445094802 15
1445094802 61
1445094802 61
1445094802 61
1445094802 61
1445094802 35
1445094802 89
1445094802 35
1445094803 35
1445094803 35
1445094803 35
1445094803 35
1445094803 113
1445094803 119
1445094803 170
1445094803 35
1445094803 35
1445094803 113
1445094803 119
1445094803 170
1445094804 35
1445094804 35
1445094804 35
1445094805 35
1445094805 35
1445094806 35
1445094807 35
1445094807 35
1445094807 35
1445094808 35
1445094809 35
1445094809 35
1445094810 35
1445094810 35
1445094810 35
1445094811 35
1445094812 35
1445094812 35
1445094813 35
1445094813 35
1445094814 35
1445094814 35
1445094815 35
1445094816 35
1445094817 35
1445094817 35
1445094817 35
1445094818 35
1445094819 35
1445094819 35
1445094820 35
1445094820 35
1445094820 35
1445094821 35
1445094822 35
1445094823 35
1445094823 35
1445094823 35
1445094823 35
1445094824 35
1445094826 35
1445094826 35
1445094826 35
1445094826 35
1445094827 35
1445094828 35
1445094829 35
1445094829 35
1445094829 35
1445094830 35
1445094830 35
1445094831 35
1445094832 35
1445094832 35
1445094832 35
1445094833 35
1445094833 35
1445094834 35
1445094834 35
1445094835 35
1445094835 35
1445094835 35
1445094836 35
1445094836 35
1445094837 35
1445094838 35
1445094838 35
1445094838 35
1445094839 35
1445094840 35
1445094840 35
1445094841 35
1445094841 35
1445094841 35
1445094842 35
1445094843 35
1445094843 35
1445094844 35
1445094844 35
1445094845 35
1445094846 35
1445094846 35
1445094847 35
1445094847 35
1445094847 35
1445094848 35
1445094849 35
1445094850 35
1445094850 35
1445094851 35
1445094851 35
1445094851 35
1445094852 35
1445094853 35
1445094853 35
1445094853 35
1445094853 35
1445094853 35
1445094853 35
1445094853 35
1445094854 35
1445094854 35
1445094854 35
1445094854 35
1445094854 35
1445094854 35
1445094854 35
1445094854 35
1445094854 35
1445094854 35
1445094854 35
1445094854 35
1445094854 35
1445094855 35
1445094855 35
1445094855 35
1445094855 36
1445094855 164
1445094855 106
1445094855 4
1445094855 106
1445094855 106
1445094855 61
1445094855 15
1445094855 61
1445094855 61
1445094855 61
1445094855 61
1445094855 89
1445094855 35
1445094855 35
1445094855 35
1445094855 35
1445094855 113
1445094855 119
1445094855 170
1445094856 35
1445094857 35
1445094857 35
1445094857 35
1445094857 113
1445094857 119
1445094857 170
1445094857 35
1445094857 35
1445094858 35
1445094859 35
1445094860 35
1445094860 35
1445094861 35
1445094862 35
1445094863 35
1445094863 35
1445094864 35
1445094866 35
1445094866 35
1445094867 35
1445094868 35
1445094869 35
1445094869 35
1445094870 35
1445094871 35
1445094872 35
1445094872 35
1445094873 35
1445094875 35
1445094875 35
1445094876 35
1445094877 35
1445094878 35
1445094879 35
1445094879 35
1445094880 35
1445094881 35
1445094882 35
1445094882 35
1445094883 35
1445094884 35
1445094885 35
1445094885 35
1445094886 35
1445094887 35
1445094888 35
1445094888 35
1445094889 35
1445094890 35
1445094890 35
1445094891 35
1445094894 35
1445094897 35
1445094900 35
1445094903 35
1445094906 35
1445094909 35
1445094913 35
1445094916 35
1445094919 35
1445094922 35
1445094925 35
1445094929 35
1445094932 35
1445094935 35
1445094939 35
1445094942 35
1445094945 35
1445094948 35
1445094951 35
1445094954 35
1445094957 35
1445094960 35
1445094963 35
1445094966 35
1445094969 35
1445094972 35
1445094975 35
1445094978 35
1445094981 35
1445094984 35
1445094987 35
1445094990 35
1445094993 35
1445094996 35
1445094999 35
1445095002 35
1445095005 35
1445095008 35
1445095011 35
1445095014 35
1445095017 35
1445095020 35
1445095023 35
1445095026 35
1445095029 35
1445095032 35
1445095035 35
1445095038 35
1445095041 35
1445095044 35
1445095047 35
1445095050 35
1445095053 35
1445095056 35
1445095059 35
1445095062 35
1445095065 35
1445095068 35
1445095071 35
1445095074 35
1445095077 35
1445095080 35
1445095083 35
1445095086 35
1445095089 35
1445095092 35
1445095095 35
1445095098 35
1445095101 35
1445095104 35
1445095107 35
1445095110 35
1445095113 35
1445095117 35
1445095120 35
1445095123 35
1445095126 35
1445095129 35
1445095132 35
1445095135 35
1445095138 35
1445095141 35
1445095144 35
1445095147 35
1445095150 35
1445095153 35
1445095156 35
1445095159 35
1445095162 35
1445095165 35
1445095168 35
1445095171 35
1445095174 35
1445095177 35
1445095180 35
1445095183 35
1445095186 35
1445095189 35
1445095192 35
1445095195 35
1445095198 35
1445095202 35
1445095205 35
1445095208 35
1445095211 35
1445095214 35
1445095217 35
1445095220 35
1445095223 35
1445095226 35
1445095229 35
1445095232 35
1445095235 35
1445095238 35
1445095241 35
1445095244 35
1445095247 35
1445095250 35
1445095253 35
1445095256 35
1445095259 35
1445095262 35
1445095265 35
1445095268 35
1445095271 35
1445095274 35
1445095277 35
1445095281 35
1445095284 35
1445095287 35
1445095290 35
1445095293 35
1445095296 35
1445095299 35
1445095302 35
1445095305 35
1445095308 35
1445095311 35
1445095314 35
1445095317 35
1445095320 35
1445095323 35
1445095326 35
1445095329 35
1445095332 35
1445095335 35
1445095338 35
1445095341 35
1445095344 35
1445095347 35
1445095350 35
1445095353 35
1445095356 35
1445095359 35
1445095362 35
1445095365 35
1445095369 35
1445095372 35
1445095375 35
1445095378 35
1445095381 35
1445095384 35
1445095387 35
1445095390 35
1445095393 35
1445095396 35
1445095399 35
1445095402 35
1445095405 35
1445095408 35
1445095412 35
1445095415 35
1445095418 35
1445095421 35
1445095424 35
1445095427 35
1445095430 35
1445095433 35
1445095436 35
1445095439 35
1445095442 35
1445095445 35
1445095448 35
1445095451 35
1445095455 35
1445095458 35
1445095461 35
1445095464 35
1445095467 35
1445095470 35
1445095473 35
1445095476 35
1445095479 35
1445095482 35
1445095485 35
1445095488 35
1445095491 35
1445095495 35
1445095498 35
1445095501 35
1445095504 35
1445095507 35
1445095511 35
1445095514 35
1445095517 35
1445095520 35
1445095523 35
1445095526 35
1445095529 35
1445095532 35
1445095535 35
1445095538 35
1445095541 35
1445095544 35
1445095548 35
1445095551 35
1445095554 35
1445095557 35
1445095560 35
1445095563 35
1445095566 35
1445095570 35
1445095573 35
1445095576 35
1445095579 35
1445095582 35
1445095585 35
1445095588 35
1445095591 35
1445095594 35
1445095597 35
1445095600 35
1445095603 35
1445095606 35
1445095609 35
1445095613 35
1445095616 35
1445095619 35
1445095622 35
1445095625 35
1445095628 35
1445095631 35
1445095634 35
1445095637 35
1445095640 35
1445095643 35
1445095646 35
1445095649 35
1445095652 35
1445095655 35
1445095659 35
1445095662 35
1445095665 35
1445095668 35
1445095671 35
1445095674 35
1445095677 35
1445095677 35
1445095677 35
1445095677 35
1445095677 35
1445095677 35
1445095678 35
1445095678 35
1445095678 35
1445095678 35
1445095678 35
1445095678 35
1445095678 35
1445095678 35
1445095678 35
1445095678 35
1445095678 35
1445095678 35
1445095679 35
1445095679 35
1445095679 35
1445095679 35
1445095679 35
1445095679 35
1445095679 35
1445095679 35
1445095679 35
1445095679 35
1445095680 35
1445095680 17
1445095680 35
1445095680 35
1445095680 35
1445095680 113
1445095680 119
1445095680 170
1445095681 35
1445095681 17
1445095681 35
1445095681 130
1445095682 35
1445095682 130
1445095682 35
1445095682 34
1445095682 70
1445095682 35
1445095682 34
1445095682 130
1445095682 35
1445095682 34
1445095682 17
1445095682 35
1445095682 35
1445095682 35
1445095682 35
1445095683 35
1445095683 35
1445095683 35
1445095683 35
1445095683 35
1445095683 35
