1445092254 28
1445092254 26
1445092254 27
1445092254 29
1445092254 22
1445092254 19
1445092256 4
1445092258 18
1445092259 23
1445092259 25
1445092259 24
1445092259 21
1445092259 17
1445092259 1
1445092259 1
1445092259 1
1445092259 10
1445092259 8
1445092259 14
1445092259 15
1445092259 7
1445092259 2
1445092259 9
1445092259 3
1445092259 2
1445092259 9
1445092259 3
1445092265 20
1445092265 6
1445092283 10
1445092283 14
1445092283 15
1445092283 2
1445092283 9
1445092283 3
1445092287 20
1445092287 11
1445092297 10
1445092297 14
1445092297 15
1445092297 2
1445092297 9
1445092297 3
1445092299 20
1445092299 12
1445092332 10
1445092332 16
1445092332 13
1445092332 2
1445092332 9
1445092332 3
1445092334 10
1445092336 10
1445092341 20
1445092341 5
