1445092254 8
1445092254 147
1445092254 16
1445092254 102
1445092254 83
1445092254 8
1445092256 147
1445092258 160
1445092259 82
1445092259 67
1445092259 154
1445092259 0
1445092259 58
1445092259 76
1445092259 76
1445092259 76
1445092259 58
1445092259 78
1445092259 78
1445092259 78
1445092259 78
1445092259 60
1445092259 60
1445092259 167
1445092259 60
1445092259 60
1445092259 167
1445092265 167
1445092265 66
1445092283 58
1445092283 78
1445092283 78
1445092283 60
1445092283 60
1445092283 167
1445092287 167
1445092287 66
1445092297 58
1445092297 78
1445092297 78
1445092297 60
1445092297 60
1445092297 167
1445092299 167
1445092299 66
1445092332 58
1445092332 78
1445092332 78
1445092332 60
1445092332 60
1445092332 167
1445092334 58
1445092336 58
1445092341 167
1445092341 1
