1445092099 25
1445092099 9
1445092099 20
1445092099 22
1445092099 6
1445092099 3
1445092099 2
1445092100 4
1445092101 7
1445092101 14
1445092102 8
1445092102 29
1445092102 13
1445092102 21
1445092102 24
1445092102 28
1445092102 10
1445092105 23
1445092105 16
1445092105 17
1445092105 29
1445092115 30
1445092115 18
1445092116 23
1445092116 16
1445092116 17
1445092116 29
1445092124 30
1445092124 18
1445092125 23
1445092125 16
1445092125 17
1445092125 29
1445092133 30
1445092133 18
1445092134 23
1445092134 16
1445092134 17
1445092134 29
1445092142 30
1445092142 18
1445092142 23
1445092142 16
1445092142 17
1445092142 29
1445092151 30
1445092151 18
1445092152 23
1445092152 16
1445092152 17
1445092152 29
1445092152 12
1445092160 30
1445092160 18
1445092160 23
1445092160 16
1445092160 17
1445092161 31
1445092161 26
1445092161 1
1445092188 5
1445092188 27
1445092188 19
1445092188 15
1445092188 11
