1445175194 28
1445175194 14
1445175194 16
1445175194 27
1445175194 6
1445175194 5
1445175195 2
1445175196 3
1445175197 8
1445175197 11
1445175197 7
1445175197 30
1445175197 13
1445175197 24
1445175197 22
1445175197 25
1445175197 12
1445175200 21
1445175200 17
1445175200 20
1445175200 30
1445175211 29
1445175211 19
1445175213 21
1445175213 17
1445175213 20
1445175213 30
1445175221 29
1445175221 19
1445175223 21
1445175223 17
1445175223 20
1445175223 30
1445175233 29
1445175233 19
1445175234 21
1445175234 17
1445175234 20
1445175234 30
1445175243 29
1445175243 19
1445175245 21
1445175245 17
1445175245 20
1445175245 30
1445175254 29
1445175254 19
1445175256 21
1445175256 17
1445175256 20
1445175256 30
1445175257 9
1445175265 29
1445175265 19
1445175265 21
1445175265 17
1445175265 20
1445175267 31
1445175267 26
1445175267 1
1445175331 4
1445175331 23
1445175332 15
1445175332 18
1445175332 10
