1445071674 8
1445071675 147
1445071675 16
1445071675 102
1445071675 83
1445071675 8
1445071677 147
1445071680 160
1445071683 82
1445071684 67
1445071688 22
1445071688 102
1445071688 3
1445071688 75
1445071688 25
1445071688 25
1445071688 154
1445071715 102
1445071715 25
1445071715 25
1445071715 102
1445071766 75
1445071766 25
1445071778 102
1445071778 25
1445071778 25
1445071778 102
1445071827 75
1445071827 25
1445071841 102
1445071841 25
1445071841 25
1445071841 102
1445071888 75
1445071888 25
1445071896 102
1445071896 25
1445071896 25
1445071896 102
