1445248395 8
1445248395 147
1445248395 16
1445248395 102
1445248395 83
1445248395 8
1445248395 147
1445248396 160
1445248397 82
1445248397 67
1445248397 22
1445248397 102
1445248397 3
1445248397 75
1445248397 25
1445248397 25
1445248397 154
1445248401 102
1445248401 25
1445248401 25
1445248401 102
1445248411 75
1445248411 25
1445248414 102
1445248414 25
1445248414 25
1445248414 102
1445248424 75
1445248424 25
1445248425 102
1445248425 25
1445248425 25
1445248425 102
1445248434 75
1445248434 25
1445248436 102
1445248436 25
1445248436 25
1445248436 102
1445248445 75
1445248445 25
1445248447 102
1445248447 25
1445248447 25
1445248447 102
1445248456 75
1445248456 25
1445248458 102
1445248458 25
1445248458 25
1445248458 102
1445248466 75
1445248466 25
1445248468 102
1445248468 25
1445248468 25
1445248468 102
1445248478 75
1445248478 25
1445248479 67
1445248479 102
1445248479 25
1445248479 25
1445248487 75
1445248487 102
1445248487 160
1445248520 129
1445248520 3
