1445072795 23
1445072795 9
1445072796 16
1445072796 21
1445072796 6
1445072796 5
1445072796 2
1445072797 3
1445072798 7
1445072798 12
1445072798 8
1445072798 28
1445072798 10
1445072798 22
1445072798 20
1445072798 25
1445072798 13
1445072802 24
1445072802 17
1445072802 14
1445072802 28
1445072813 27
1445072813 15
1445072816 24
1445072816 17
1445072816 14
1445072816 28
1445072827 27
1445072827 15
1445072830 24
1445072830 17
1445072830 14
1445072830 28
1445072840 27
1445072840 15
1445072842 24
1445072842 17
1445072842 14
1445072842 28
1445072853 27
1445072853 15
1445072855 24
1445072855 17
1445072855 14
1445072855 28
1445072865 27
1445072865 15
1445072868 24
1445072868 17
1445072868 14
1445072868 28
1445072877 27
1445072877 15
1445072880 24
1445072880 17
1445072880 14
1445072880 28
1445072889 27
1445072889 15
1445072891 11
1445072891 24
1445072891 17
1445072891 14
1445072898 26
1445072898 19
1445072898 1
1445072932 4
1445072932 18
