1445094488 19
1445094488 8
1445094488 15
1445094488 17
1445094488 5
1445094488 3
1445094489 2
1445094490 4
1445094493 7
1445094493 11
1445094495 6
1445094495 24
1445094495 10
1445094495 23
1445094495 22
1445094495 21
1445094496 12
1445094509 18
1445094509 13
1445094509 14
1445094509 24
1445094548 25
1445094548 16
1445094553 18
1445094553 13
1445094553 14
1445094553 24
1445094597 25
1445094598 16
1445094601 18
1445094601 13
1445094601 14
1445094601 24
1445094644 25
1445094644 16
1445094648 18
1445094648 13
1445094648 14
1445094648 24
1445094688 25
1445094688 16
1445094691 9
1445094691 18
1445094691 13
1445094691 14
1445094721 26
1445094721 20
1445094721 1
