1445094488 8
1445094488 147
1445094488 16
1445094488 102
1445094488 83
1445094488 8
1445094489 147
1445094490 160
1445094493 82
1445094493 67
1445094495 22
1445094495 102
1445094495 3
1445094495 75
1445094495 25
1445094495 25
1445094496 154
1445094509 102
1445094509 25
1445094509 25
1445094509 102
1445094548 75
1445094548 25
1445094553 102
1445094553 25
1445094553 25
1445094553 102
1445094597 75
1445094598 25
1445094601 102
1445094601 25
1445094601 25
1445094601 102
1445094644 75
1445094644 25
1445094648 102
1445094648 25
1445094648 25
1445094648 102
1445094688 75
1445094688 25
1445094691 67
1445094691 102
1445094691 25
1445094691 25
1445094721 75
1445094721 102
1445094721 160
