1445076570 28
1445076570 14
1445076570 18
1445076570 21
1445076570 6
1445076570 5
1445076571 2
1445076572 4
1445076572 8
1445076572 10
1445076573 7
1445076573 31
1445076573 11
1445076573 22
1445076573 25
1445076573 24
1445076573 12
1445076577 23
1445076577 20
1445076577 19
1445076577 31
1445076589 29
1445076589 16
1445076592 23
1445076592 20
1445076592 19
1445076592 31
1445076602 29
1445076602 16
1445076604 23
1445076604 20
1445076604 19
1445076604 31
1445076614 29
1445076614 16
1445076617 23
1445076617 20
1445076617 19
1445076617 31
1445076626 29
1445076626 16
1445076629 23
1445076629 20
1445076629 19
1445076629 31
1445076640 29
1445076640 16
1445076643 23
1445076643 20
1445076643 19
1445076643 31
1445076653 29
1445076653 16
1445076655 23
1445076655 20
1445076655 19
1445076655 31
1445076665 29
1445076665 16
1445076667 13
1445076667 23
1445076667 20
1445076667 19
1445076675 30
1445076675 27
1445076675 1
1445076706 3
1445076706 26
1445076706 17
1445076706 15
1445076706 9
