1445076570 8
1445076570 147
1445076570 16
1445076570 102
1445076570 83
1445076570 8
1445076571 147
1445076572 160
1445076572 82
1445076572 67
1445076573 22
1445076573 102
1445076573 3
1445076573 75
1445076573 25
1445076573 25
1445076573 154
1445076577 102
1445076577 25
1445076577 25
1445076577 102
1445076589 75
1445076589 25
1445076592 102
1445076592 25
1445076592 25
1445076592 102
1445076602 75
1445076602 25
1445076604 102
1445076604 25
1445076604 25
1445076604 102
1445076614 75
1445076614 25
1445076617 102
1445076617 25
1445076617 25
1445076617 102
1445076626 75
1445076626 25
1445076629 102
1445076629 25
1445076629 25
1445076629 102
1445076640 75
1445076640 25
1445076643 102
1445076643 25
1445076643 25
1445076643 102
1445076653 75
1445076653 25
1445076655 102
1445076655 25
1445076655 25
1445076655 102
1445076665 75
1445076665 25
1445076667 67
1445076667 102
1445076667 25
1445076667 25
1445076675 75
1445076675 102
1445076675 160
1445076706 129
1445076706 3
1445076706 16
1445076706 16
1445076706 111
