1445092102 24
1445092102 13
1445092102 19
1445092102 25
1445092102 6
1445092102 3
1445092103 2
1445092104 4
1445092105 7
1445092105 9
1445092106 8
1445092106 30
1445092106 14
1445092106 23
1445092106 27
1445092106 28
1445092106 11
1445092109 21
1445092109 15
1445092109 17
1445092109 30
1445092117 29
1445092117 16
1445092118 21
1445092118 15
1445092118 17
1445092118 30
1445092125 29
1445092125 16
1445092126 21
1445092126 15
1445092126 17
1445092126 30
1445092134 29
1445092134 16
1445092135 21
1445092135 15
1445092135 17
1445092135 30
1445092143 29
1445092143 16
1445092143 21
1445092143 15
1445092143 17
1445092143 30
1445092152 29
1445092152 16
1445092153 21
1445092153 15
1445092153 17
1445092153 30
1445092153 12
1445092161 29
1445092161 16
1445092161 21
1445092161 15
1445092161 17
1445092162 31
1445092162 26
1445092162 1
1445092191 5
1445092192 22
1445092192 18
1445092192 20
1445092192 10
