1445094695 8
1445094695 147
1445094695 16
1445094695 102
1445094695 83
1445094695 8
1445094696 147
1445094696 160
1445094697 82
1445094697 67
1445094697 22
1445094697 102
1445094697 3
1445094697 75
1445094697 25
1445094697 25
1445094697 154
1445094699 102
1445094699 25
1445094699 25
1445094699 102
1445094709 75
1445094709 25
1445094711 102
1445094711 25
1445094711 25
1445094711 102
1445094720 75
1445094720 25
1445094721 102
1445094721 25
1445094721 25
1445094721 102
1445094730 75
1445094730 25
1445094731 102
1445094731 25
1445094731 25
1445094731 102
1445094743 75
1445094743 25
1445094744 67
1445094744 102
1445094744 25
1445094744 25
1445094752 75
1445094752 102
1445094752 160
1445094774 129
1445094774 3
