1445247567 15
1445247567 9
1445247567 11
1445247567 17
1445247567 4
1445247567 2
1445247568 1
1445247570 3
1445247571 5
1445247571 8
1445247575 6
1445247575 21
1445247575 10
1445247575 20
1445247575 19
1445247575 16
1445247576 7
1445247615 18
1445247615 13
1445247615 14
1445247615 21
1445247628 22
1445247629 12
1445247658 18
1445247658 13
1445247658 14
1445247658 21
1445247697 22
1445247697 12
1445247704 18
1445247704 13
1445247704 14
1445247704 21
1445247748 22
1445247748 12
1445247757 18
1445247757 13
1445247757 14
1445247757 21
1445247799 22
1445247799 12
1445247807 18
1445247807 13
1445247807 14
1445247807 21
