1445247567 8
1445247567 147
1445247567 16
1445247567 102
1445247567 83
1445247567 8
1445247568 147
1445247570 160
1445247571 82
1445247571 67
1445247575 22
1445247575 102
1445247575 3
1445247575 75
1445247575 25
1445247575 25
1445247576 154
1445247615 102
1445247615 25
1445247615 25
1445247615 102
1445247628 75
1445247629 25
1445247658 102
1445247658 25
1445247658 25
1445247658 102
1445247697 75
1445247697 25
1445247704 102
1445247704 25
1445247704 25
1445247704 102
1445247748 75
1445247748 25
1445247757 102
1445247757 25
1445247757 25
1445247757 102
1445247799 75
1445247799 25
1445247807 102
1445247807 25
1445247807 25
1445247807 102
