1445088497 21
1445088497 11
1445088497 17
1445088497 24
1445088497 6
1445088497 4
1445088498 2
1445088498 3
1445088499 7
1445088499 12
1445088499 8
1445088499 29
1445088499 9
1445088499 28
1445088499 26
1445088499 22
1445088499 10
1445088501 23
1445088501 16
1445088501 15
1445088501 29
1445088511 30
1445088511 18
1445088512 23
1445088512 16
1445088512 15
1445088512 29
1445088520 30
1445088520 18
1445088522 23
1445088522 16
1445088522 15
1445088522 29
1445088531 30
1445088531 18
1445088532 23
1445088532 16
1445088532 15
1445088532 29
1445088541 30
1445088541 18
1445088542 23
1445088542 16
1445088542 15
1445088542 29
1445088552 30
1445088552 18
1445088553 23
1445088553 16
1445088553 15
1445088553 29
1445088554 13
1445088563 30
1445088563 18
1445088563 23
1445088563 16
1445088563 15
1445088565 31
1445088565 27
1445088565 1
1445088595 5
1445088595 25
1445088595 19
1445088595 20
1445088595 14
