1445092010 22
1445092010 9
1445092010 20
1445092010 26
1445092010 6
1445092010 5
1445092012 2
1445092014 4
1445092017 7
1445092017 14
1445092021 8
1445092021 31
1445092021 12
1445092021 23
1445092021 28
1445092021 25
1445092021 11
1445092027 27
1445092027 19
1445092027 15
1445092027 31
1445092059 30
1445092059 18
1445092063 27
1445092063 19
1445092063 15
1445092063 31
1445092093 30
1445092093 18
1445092097 27
1445092097 19
1445092097 15
1445092097 31
1445092127 30
1445092127 18
1445092131 27
1445092131 19
1445092131 15
1445092131 31
1445092160 30
1445092160 18
1445092164 27
1445092164 19
1445092164 15
1445092164 31
1445092194 30
1445092194 18
1445092198 27
1445092198 19
1445092198 15
1445092198 31
1445092199 13
1445092226 30
1445092227 18
1445092227 27
1445092227 19
1445092227 15
1445092231 29
1445092231 24
1445092232 1
1445092333 3
1445092333 21
1445092334 16
1445092334 17
1445092334 10
