1445163485 21
1445163485 10
1445163485 16
1445163485 22
1445163485 6
1445163486 4
1445163486 2
1445163487 5
1445163487 8
1445163487 11
1445163488 7
1445163488 26
1445163488 13
1445163488 19
1445163488 18
1445163488 25
1445163488 12
1445163491 20
1445163491 14
1445163491 17
1445163491 26
1445163501 28
1445163501 15
1445163503 20
1445163503 14
1445163503 17
1445163503 26
1445163513 28
1445163513 15
1445163515 9
1445163515 20
1445163515 14
1445163515 17
1445163522 27
1445163522 24
1445163522 1
1445163532 3
1445163532 23
