1445163485 8
1445163485 147
1445163485 16
1445163485 102
1445163485 83
1445163486 8
1445163486 147
1445163487 160
1445163487 82
1445163487 67
1445163488 22
1445163488 102
1445163488 3
1445163488 75
1445163488 25
1445163488 25
1445163488 154
1445163491 102
1445163491 25
1445163491 25
1445163491 102
1445163501 75
1445163501 25
1445163503 102
1445163503 25
1445163503 25
1445163503 102
1445163513 75
1445163513 25
1445163515 67
1445163515 102
1445163515 25
1445163515 25
1445163522 75
1445163522 102
1445163522 160
1445163532 129
1445163532 3
