1445067485 22
1445067485 9
1445067485 14
1445067485 20
1445067485 6
1445067485 5
1445067486 2
1445067486 4
1445067487 8
1445067487 12
1445067488 7
1445067488 28
1445067488 13
1445067488 23
1445067488 19
1445067488 25
1445067488 11
1445067494 24
1445067494 16
1445067494 17
1445067494 28
1445067504 27
1445067504 15
1445067510 24
1445067510 16
1445067510 17
1445067510 28
1445067522 27
1445067522 15
1445067528 24
1445067528 16
1445067528 17
1445067528 28
1445067540 27
1445067540 15
1445067549 24
1445067549 16
1445067549 17
1445067549 28
1445067559 27
1445067559 15
1445067561 24
1445067561 16
1445067561 17
1445067561 28
1445067573 27
1445067573 15
1445067583 24
1445067583 16
1445067583 17
1445067583 28
1445067593 27
1445067593 15
1445067597 24
1445067597 16
1445067597 17
1445067597 28
1445067608 27
1445067608 15
1445067613 10
1445067613 24
1445067613 16
1445067613 17
1445067622 26
1445067622 21
1445067622 1
1445067652 3
1445067652 18
