1445094608 25
1445094609 14
1445094609 20
1445094609 21
1445094609 6
1445094609 5
1445094609 2
1445094610 4
1445094611 8
1445094611 11
1445094611 7
1445094611 30
1445094611 13
1445094611 28
1445094611 26
1445094611 23
1445094611 10
1445094613 27
1445094613 16
1445094613 19
1445094613 30
1445094623 29
1445094636 17
1445094637 27
1445094637 16
1445094637 19
1445094637 30
1445094646 29
1445094646 17
1445094647 27
1445094647 16
1445094647 19
1445094647 30
1445094656 29
1445094656 17
1445094657 27
1445094657 16
1445094657 19
1445094657 30
1445094667 29
1445094667 17
1445094668 27
1445094668 16
1445094668 19
1445094668 30
1445094678 29
1445094678 17
1445094679 27
1445094679 16
1445094679 19
1445094679 30
1445094680 9
1445094689 29
1445094689 17
1445094689 27
1445094689 16
1445094689 19
1445094690 31
1445094695 24
1445094695 1
1445094717 3
1445094717 22
1445094717 15
1445094717 18
1445094717 12
