1445094608 8
1445094609 147
1445094609 16
1445094609 102
1445094609 83
1445094609 8
1445094609 147
1445094610 160
1445094611 82
1445094611 67
1445094611 22
1445094611 102
1445094611 3
1445094611 75
1445094611 25
1445094611 25
1445094611 154
1445094613 102
1445094613 25
1445094613 25
1445094613 102
1445094623 75
1445094636 25
1445094637 102
1445094637 25
1445094637 25
1445094637 102
1445094646 75
1445094646 25
1445094647 102
1445094647 25
1445094647 25
1445094647 102
1445094656 75
1445094656 25
1445094657 102
1445094657 25
1445094657 25
1445094657 102
1445094667 75
1445094667 25
1445094668 102
1445094668 25
1445094668 25
1445094668 102
1445094678 75
1445094678 25
1445094679 102
1445094679 25
1445094679 25
1445094679 102
1445094680 67
1445094689 75
1445094689 25
1445094689 102
1445094689 25
1445094689 25
1445094690 75
1445094695 102
1445094695 160
1445094717 129
1445094717 3
1445094717 16
1445094717 16
1445094717 111
