1445076633 18
1445076633 7
1445076633 13
1445076633 19
1445076633 4
1445076633 2
1445076633 1
1445076634 3
1445076635 5
1445076635 10
1445076635 6
1445076635 22
1445076635 8
1445076635 17
1445076635 16
1445076635 15
1445076635 9
1445076639 20
1445076639 11
1445076639 12
1445076639 22
1445076653 21
1445076653 14
1445076655 20
1445076655 11
1445076655 12
1445076655 22
1445076664 21
1445076664 14
1445076666 20
1445076666 11
1445076666 12
1445076666 22
1445076679 21
1445076679 14
1445076681 20
1445076681 11
1445076681 12
1445076681 22
1445076691 21
1445076691 14
1445076692 20
1445076692 11
1445076692 12
1445076692 22
1445076708 21
1445076708 14
1445076710 20
1445076710 11
1445076710 12
1445076710 22
