1445076633 8
1445076633 147
1445076633 16
1445076633 102
1445076633 83
1445076633 8
1445076633 147
1445076634 160
1445076635 82
1445076635 67
1445076635 22
1445076635 102
1445076635 3
1445076635 75
1445076635 25
1445076635 25
1445076635 154
1445076639 102
1445076639 25
1445076639 25
1445076639 102
1445076653 75
1445076653 25
1445076655 102
1445076655 25
1445076655 25
1445076655 102
1445076664 75
1445076664 25
1445076666 102
1445076666 25
1445076666 25
1445076666 102
1445076679 75
1445076679 25
1445076681 102
1445076681 25
1445076681 25
1445076681 102
1445076691 75
1445076691 25
1445076692 102
1445076692 25
1445076692 25
1445076692 102
1445076708 75
1445076708 25
1445076710 102
1445076710 25
1445076710 25
1445076710 102
