1445071999 8
1445071999 147
1445071999 16
1445071999 102
1445071999 83
1445071999 8
1445072003 147
1445072005 160
1445072006 82
1445072007 67
1445072009 22
1445072009 102
1445072009 3
1445072009 75
1445072009 25
1445072009 25
1445072009 154
1445072021 102
1445072021 25
1445072021 25
1445072021 102
1445072051 75
1445072051 25
1445072055 102
1445072055 25
1445072055 25
1445072055 102
1445072083 75
1445072083 25
1445072088 102
1445072088 25
1445072088 25
1445072088 102
1445072110 75
1445072110 25
1445072113 102
1445072113 25
1445072113 25
1445072113 102
1445072134 75
1445072134 25
1445072137 102
1445072137 25
1445072137 25
1445072137 102
1445072154 75
1445072154 25
1445072159 102
1445072159 25
1445072159 25
1445072159 102
1445072170 75
1445072170 25
1445072173 102
1445072173 25
1445072173 25
1445072173 102
