1445088466 8
1445088466 147
1445088466 16
1445088466 102
1445088466 83
1445088466 8
1445088467 147
1445088467 160
1445088468 82
1445088468 67
1445088468 22
1445088468 102
1445088468 3
1445088468 75
1445088468 25
1445088468 25
1445088468 154
1445088470 102
1445088470 25
1445088470 25
1445088470 102
1445088478 75
1445088479 25
1445088480 102
1445088480 25
1445088480 25
1445088480 102
1445088488 75
1445088488 25
1445088489 102
1445088489 25
1445088489 25
1445088489 102
1445088498 75
1445088498 25
1445088499 102
1445088499 25
1445088499 25
1445088499 102
1445088506 75
1445088506 25
1445088507 102
1445088507 25
1445088507 25
1445088507 102
1445088515 75
1445088515 25
1445088516 102
1445088516 25
1445088516 25
1445088516 102
1445088516 67
1445088523 75
1445088523 25
1445088523 102
1445088523 25
1445088523 25
1445088524 75
1445088524 102
1445088524 160
1445088550 129
1445088550 3
1445088550 16
1445088550 16
1445088550 111
