1445162508 35
1445162508 35
1445162508 35
1445162508 35
1445162509 35
1445162509 35
1445162509 35
1445162509 35
1445162509 35
1445162509 35
1445162509 35
1445162509 35
1445162509 35
1445162509 35
1445162510 35
1445162510 35
1445162510 35
1445162510 35
1445162510 35
1445162510 35
1445162510 35
1445162510 35
1445162510 35
1445162510 35
1445162510 35
1445162510 35
1445162510 35
1445162510 35
1445162510 35
1445162510 35
1445162510 35
1445162510 35
1445162510 35
1445162510 35
1445162510 8
1445162510 35
1445162510 35
1445162510 35
1445162510 35
1445162510 35
1445162510 35
1445162510 35
1445162510 64
1445162510 5
1445162511 64
1445162511 35
1445162511 35
1445162511 35
1445162511 35
1445162511 35
1445162511 35
1445162511 35
1445162511 35
1445162511 35
1445162511 35
1445162511 35
1445162511 35
1445162511 35
1445162511 35
1445162511 35
1445162511 35
1445162511 35
1445162511 35
1445162511 35
1445162511 35
1445162511 35
1445162511 35
1445162511 35
1445162511 35
1445162511 35
1445162511 35
1445162511 35
1445162511 35
1445162511 35
1445162511 35
1445162511 35
1445162511 35
1445162511 35
1445162511 35
1445162511 35
1445162511 35
1445162511 35
1445162511 35
1445162511 35
1445162511 35
1445162511 35
1445162511 35
1445162511 35
1445162511 35
1445162511 35
1445162511 35
1445162511 35
1445162511 35
1445162511 35
1445162511 35
1445162511 35
1445162511 35
1445162511 35
1445162511 35
1445162511 35
1445162511 35
1445162511 35
1445162511 35
1445162511 35
1445162511 35
1445162511 35
1445162511 35
1445162511 35
1445162512 35
1445162512 35
1445162512 35
1445162512 35
1445162513 35
1445162513 35
1445162513 35
1445162513 35
1445162513 35
1445162513 35
1445162513 35
1445162513 35
1445162513 35
1445162513 35
1445162513 35
1445162513 35
1445162513 35
1445162513 35
1445162513 35
1445162513 35
1445162513 35
1445162513 35
1445162513 35
1445162513 35
1445162514 35
1445162514 35
1445162514 35
1445162514 35
1445162514 35
1445162514 35
1445162514 35
1445162514 35
1445162514 35
1445162514 35
1445162514 35
1445162514 35
1445162514 35
1445162514 35
1445162514 35
1445162514 35
1445162514 35
1445162514 35
1445162514 35
1445162514 35
1445162514 35
1445162514 35
1445162514 35
1445162514 35
1445162514 35
1445162514 35
1445162514 35
1445162514 35
1445162514 35
1445162514 35
1445162514 35
1445162514 35
1445162514 35
1445162514 35
1445162514 35
1445162514 35
1445162514 35
1445162514 35
1445162514 35
1445162514 35
1445162514 35
1445162514 35
1445162514 35
1445162514 35
1445162514 35
1445162514 35
1445162514 35
1445162514 35
1445162514 35
1445162514 35
1445162514 35
1445162514 35
1445162514 35
1445162514 35
1445162514 35
1445162514 35
1445162514 35
1445162514 35
1445162514 35
1445162514 35
1445162514 35
1445162514 35
1445162514 35
1445162514 35
1445162514 35
1445162514 35
1445162514 35
1445162514 35
1445162514 35
1445162514 35
1445162514 35
1445162514 35
1445162514 35
1445162514 35
1445162514 35
1445162514 35
1445162514 35
1445162514 35
1445162514 35
1445162514 35
1445162514 35
1445162514 35
1445162514 35
1445162514 35
1445162514 35
1445162514 35
1445162514 35
1445162514 35
1445162514 35
1445162514 35
1445162514 35
1445162514 35
1445162514 35
1445162514 35
1445162514 35
1445162514 35
1445162514 35
1445162514 35
1445162514 35
1445162514 35
1445162514 35
1445162514 35
1445162516 35
1445162516 35
1445162517 35
1445162517 35
1445162517 35
1445162517 35
1445162517 35
1445162517 35
1445162517 35
1445162517 35
1445162517 35
1445162517 35
1445162517 35
1445162517 35
1445162517 35
1445162517 35
1445162517 35
1445162517 35
1445162517 35
1445162517 35
1445162517 35
1445162517 35
1445162517 35
1445162517 35
1445162517 35
1445162517 35
1445162517 35
1445162517 35
1445162517 35
1445162517 35
1445162517 35
1445162517 35
1445162517 35
1445162517 35
1445162518 35
1445162518 35
1445162519 35
1445162519 35
1445162521 35
1445162521 35
1445162522 35
1445162522 35
1445162524 35
1445162524 35
1445162524 35
1445162524 35
1445162525 35
1445162525 35
1445162525 35
1445162525 35
1445162525 35
1445162525 35
1445162525 35
1445162525 35
1445162527 35
1445162527 35
1445162528 35
1445162528 35
1445162528 35
1445162528 35
1445162528 35
1445162528 35
1445162528 35
1445162528 35
1445162530 35
1445162530 35
1445162531 35
1445162531 35
1445162531 35
1445162531 35
1445162531 35
1445162531 35
1445162531 35
1445162531 35
1445162533 35
1445162533 35
1445162534 35
1445162534 35
1445162534 35
1445162534 35
1445162534 35
1445162534 35
1445162534 35
1445162534 35
1445162536 35
1445162536 35
1445162537 35
1445162537 35
1445162537 35
1445162537 35
1445162537 35
1445162537 35
1445162537 35
1445162537 35
1445162540 35
1445162540 35
1445162540 35
1445162540 35
1445162540 35
1445162540 35
1445162540 35
1445162540 35
1445162540 35
1445162540 35
1445162543 35
1445162543 35
1445162543 35
1445162543 35
1445162543 35
1445162543 35
1445162543 35
1445162543 35
1445162543 35
1445162543 35
1445162545 35
1445162546 35
1445162546 35
1445162546 35
1445162546 35
1445162546 35
1445162546 35
1445162546 35
1445162546 35
1445162546 35
1445162546 35
1445162549 35
1445162549 35
1445162549 35
1445162549 35
1445162549 35
1445162549 35
1445162549 35
1445162549 35
1445162549 35
1445162549 35
1445162552 35
1445162552 35
1445162552 35
1445162552 35
1445162552 35
1445162552 35
1445162552 35
1445162552 35
1445162552 35
1445162552 35
1445162555 35
1445162555 35
1445162555 35
1445162555 35
1445162555 35
1445162555 35
1445162555 35
1445162555 35
1445162555 35
1445162555 35
1445162558 35
1445162558 35
1445162558 35
1445162558 35
1445162558 35
1445162558 35
1445162558 35
1445162558 35
1445162558 35
1445162558 35
1445162561 35
1445162561 35
1445162561 35
1445162561 35
1445162561 35
1445162561 35
1445162561 35
1445162561 35
1445162561 35
1445162561 35
1445162564 35
1445162564 35
1445162564 35
1445162564 35
1445162564 35
1445162564 35
1445162564 35
1445162564 35
1445162564 35
1445162564 35
1445162565 35
1445162565 35
1445162565 35
1445162565 35
1445162565 35
1445162565 35
1445162565 35
1445162565 35
1445162565 35
1445162565 35
1445162565 35
1445162565 35
1445162565 35
1445162565 35
1445162565 35
1445162566 35
1445162566 35
1445162566 35
1445162566 35
1445162566 35
1445162566 35
1445162566 35
1445162566 35
1445162566 35
1445162566 35
1445162566 35
1445162566 113
1445162566 119
1445162566 170
1445162567 35
1445162567 35
1445162567 35
1445162567 35
1445162567 35
1445162567 35
1445162567 35
1445162567 35
1445162567 35
1445162570 35
1445162570 35
1445162570 35
1445162570 35
1445162570 35
1445162570 35
1445162570 35
1445162570 35
1445162571 35
1445162573 35
1445162573 35
1445162574 35
1445162574 35
1445162574 35
1445162574 35
1445162574 35
1445162574 35
1445162574 35
1445162576 35
1445162577 35
1445162577 35
1445162577 35
1445162577 35
1445162577 35
1445162577 35
1445162577 35
1445162577 35
1445162579 35
1445162580 35
1445162580 35
1445162580 35
1445162580 35
1445162580 35
1445162580 35
1445162580 35
1445162580 35
1445162582 35
1445162583 35
1445162583 35
1445162583 35
1445162583 35
1445162583 35
1445162583 35
1445162583 35
1445162583 35
1445162585 35
1445162586 35
1445162586 35
1445162586 35
1445162586 35
1445162586 35
1445162586 35
1445162586 35
1445162586 35
1445162588 35
1445162589 35
1445162589 35
1445162589 35
1445162589 35
1445162589 35
1445162589 35
1445162589 35
1445162589 35
1445162591 35
1445162592 35
1445162592 35
1445162592 35
1445162592 35
1445162592 35
1445162592 35
1445162592 35
1445162592 35
1445162594 35
1445162595 35
1445162595 35
1445162595 35
1445162595 35
1445162595 35
1445162595 35
1445162595 35
1445162595 35
1445162597 35
1445162598 35
1445162598 35
1445162598 35
1445162598 35
1445162598 35
1445162598 35
1445162598 35
1445162598 35
1445162599 35
1445162600 35
1445162601 35
1445162601 35
1445162601 35
1445162601 35
1445162601 35
1445162601 35
1445162601 35
1445162601 35
1445162603 35
1445162604 35
1445162604 35
1445162604 35
1445162604 35
1445162604 35
1445162604 35
1445162604 35
1445162604 35
1445162606 35
1445162607 35
1445162607 35
1445162607 35
1445162607 35
1445162607 35
1445162607 35
1445162607 35
1445162607 35
1445162610 35
1445162610 35
1445162610 35
1445162610 35
1445162610 35
1445162610 35
1445162610 35
1445162610 35
1445162610 35
1445162611 35
1445162611 35
1445162612 35
1445162613 35
1445162613 35
1445162613 35
1445162613 35
1445162613 35
1445162613 35
1445162613 35
1445162613 35
1445162613 35
1445162616 35
1445162616 35
1445162616 35
1445162616 35
1445162616 35
1445162616 35
1445162616 35
1445162616 35
1445162616 35
1445162616 35
1445162617 35
1445162617 35
1445162617 35
1445162618 35
1445162619 35
1445162619 35
1445162619 35
1445162619 35
1445162619 35
1445162619 35
1445162619 35
1445162619 35
1445162619 35
1445162622 35
1445162622 35
1445162622 35
1445162622 35
1445162622 35
1445162622 35
1445162622 35
1445162622 35
1445162622 35
1445162625 35
1445162625 35
1445162625 35
1445162625 35
1445162625 35
1445162625 35
1445162625 35
1445162625 35
1445162625 35
1445162628 35
1445162628 35
1445162628 35
1445162628 35
1445162628 35
1445162628 35
1445162628 35
1445162628 35
1445162628 35
1445162631 35
1445162631 35
1445162631 35
1445162631 35
1445162631 35
1445162631 35
1445162631 35
1445162631 35
1445162631 35
1445162633 35
1445162633 35
1445162633 35
1445162633 35
1445162633 35
1445162633 35
1445162633 35
1445162633 35
1445162633 35
1445162633 35
1445162633 35
1445162634 35
1445162634 35
1445162634 35
1445162634 113
1445162634 119
1445162634 170
1445162634 35
1445162634 35
1445162634 35
1445162634 35
1445162634 35
1445162635 35
1445162635 35
1445162635 35
1445162637 35
1445162637 35
1445162637 35
1445162637 35
1445162637 35
1445162638 35
1445162638 35
1445162638 35
1445162640 35
1445162640 35
1445162641 35
1445162641 35
1445162641 35
1445162641 35
1445162641 35
1445162641 35
1445162643 35
1445162643 35
1445162644 35
1445162644 35
1445162644 35
1445162644 35
1445162644 35
1445162644 35
1445162646 35
1445162646 35
1445162646 35
1445162646 35
1445162646 35
1445162646 35
1445162646 35
1445162646 35
1445162646 35
1445162646 35
1445162646 35
1445162647 35
1445162647 35
1445162647 35
1445162647 35
1445162647 35
1445162647 35
1445162647 35
1445162647 35
1445162647 35
1445162647 35
1445162647 35
1445162647 35
1445162647 35
1445162647 35
1445162647 35
1445162647 35
1445162647 35
1445162648 35
1445162648 35
1445162648 35
1445162648 113
1445162648 119
1445162648 170
1445162648 35
1445162648 35
1445162648 35
1445162648 35
1445162648 35
1445162648 35
1445162648 35
1445162648 35
1445162648 35
1445162648 35
1445162648 35
1445162649 35
1445162649 35
1445162649 35
1445162649 35
1445162649 113
1445162649 119
1445162649 170
1445162649 35
1445162650 35
1445162650 35
1445162650 35
1445162650 35
1445162650 35
1445162650 113
1445162650 119
1445162650 170
1445162650 35
1445162650 35
1445162650 35
1445162650 35
1445162650 35
1445162650 35
1445162650 35
1445162650 35
1445162650 35
1445162650 35
1445162650 35
1445162650 35
1445162650 35
1445162650 35
1445162650 35
1445162651 35
1445162652 35
1445162652 35
1445162652 35
1445162652 35
1445162652 35
1445162652 35
1445162652 35
1445162652 35
1445162652 35
1445162652 35
1445162652 35
1445162652 35
1445162652 35
1445162652 35
1445162652 35
1445162653 35
1445162653 35
1445162653 35
1445162653 35
1445162653 35
1445162653 35
1445162654 35
1445162655 35
1445162655 35
1445162655 35
1445162655 35
1445162655 35
1445162655 35
1445162655 35
1445162655 35
1445162655 35
1445162655 35
1445162655 35
1445162655 35
1445162656 35
1445162656 35
1445162656 35
1445162656 35
1445162656 35
1445162656 35
1445162656 35
1445162656 35
1445162656 35
1445162656 35
1445162656 35
1445162656 35
1445162656 35
1445162656 35
1445162656 35
1445162656 35
1445162656 35
1445162656 35
1445162656 35
1445162656 35
1445162656 35
1445162656 35
1445162656 35
1445162656 35
1445162656 35
1445162656 35
1445162656 35
1445162656 35
1445162656 35
1445162656 35
1445162656 35
1445162656 35
1445162656 113
1445162656 119
1445162656 170
1445162656 35
1445162656 35
1445162656 113
1445162656 119
1445162656 170
1445162657 35
1445162657 35
1445162657 35
1445162657 35
1445162657 35
1445162657 35
1445162657 35
1445162657 35
1445162657 35
1445162657 35
1445162657 35
1445162657 35
1445162657 35
1445162657 35
1445162657 35
1445162657 113
1445162657 119
1445162657 170
1445162658 35
1445162658 35
1445162658 35
1445162658 35
1445162658 113
1445162658 119
1445162658 170
1445162659 35
1445162659 35
1445162659 35
1445162659 35
1445162659 35
1445162659 35
1445162659 35
1445162659 35
1445162660 35
1445162660 35
1445162660 35
1445162660 35
1445162660 35
1445162660 35
1445162660 35
1445162660 35
1445162660 35
1445162660 35
1445162660 35
1445162660 35
1445162660 36
1445162660 164
1445162660 106
1445162660 4
1445162660 106
1445162660 106
1445162660 61
1445162660 15
1445162660 61
1445162660 61
1445162660 61
1445162660 61
1445162660 35
1445162660 35
1445162660 89
1445162660 35
1445162660 35
1445162660 35
1445162660 35
1445162660 35
1445162660 113
1445162660 119
1445162660 170
1445162661 35
1445162661 35
1445162661 35
1445162661 35
1445162661 113
1445162661 119
1445162661 170
1445162663 35
1445162664 35
1445162666 35
1445162669 35
1445162672 35
1445162675 35
1445162678 35
1445162681 35
1445162684 35
1445162687 35
1445162690 35
1445162693 35
1445162696 35
1445162699 35
1445162702 35
1445162705 35
1445162709 35
1445162712 35
1445162715 35
1445162718 35
1445162721 35
1445162722 35
1445162722 35
1445162722 35
1445162722 35
1445162722 35
1445162722 35
1445162722 35
1445162722 35
1445162722 35
1445162722 35
1445162722 35
1445162722 35
1445162722 35
1445162722 35
1445162722 35
1445162722 35
1445162723 35
1445162723 35
1445162724 35
1445162724 35
1445162724 35
1445162724 35
1445162724 35
1445162724 113
1445162724 119
1445162724 170
1445162724 35
1445162724 35
1445162724 35
1445162724 35
1445162724 35
1445162724 35
1445162724 35
1445162745 48
1445162745 14
1445162745 162
1445162745 142
1445162745 96
1445162746 35
1445162746 35
1445162747 35
1445162747 17
1445162747 35
1445162747 17
1445162747 35
1445162747 130
1445162748 35
1445162748 130
1445162748 35
1445162748 34
1445162748 70
1445162748 35
1445162748 34
1445162748 130
1445162748 35
1445162748 34
1445162748 17
1445162748 35
1445162748 35
1445162748 35
1445162748 35
1445162749 35
1445162749 35
1445162749 35
1445162749 35
1445162749 35
1445162749 35
