1445092019 18
1445092019 8
1445092019 12
1445092019 16
1445092019 4
1445092019 3
1445092020 1
1445092023 2
1445092025 5
1445092025 7
1445092027 6
1445092027 21
1445092027 9
1445092027 20
1445092027 17
1445092027 15
1445092027 10
1445092034 19
1445092034 13
1445092034 11
1445092034 21
1445092065 22
1445092065 14
1445092069 19
1445092069 13
1445092069 11
1445092069 21
1445092098 22
1445092098 14
1445092102 19
1445092102 13
1445092102 11
1445092102 21
1445092129 22
1445092129 14
1445092133 19
1445092133 13
1445092133 11
1445092133 21
