1445092019 8
1445092019 147
1445092019 16
1445092019 102
1445092019 83
1445092019 8
1445092020 147
1445092023 160
1445092025 82
1445092025 67
1445092027 22
1445092027 102
1445092027 3
1445092027 75
1445092027 25
1445092027 25
1445092027 154
1445092034 102
1445092034 25
1445092034 25
1445092034 102
1445092065 75
1445092065 25
1445092069 102
1445092069 25
1445092069 25
1445092069 102
1445092098 75
1445092098 25
1445092102 102
1445092102 25
1445092102 25
1445092102 102
1445092129 75
1445092129 25
1445092133 102
1445092133 25
1445092133 25
1445092133 102
