1445247554 35
1445247555 35
1445247555 35
1445247555 35
1445247556 35
1445247556 35
1445247556 35
1445247556 35
1445247556 35
1445247556 35
1445247556 35
1445247556 35
1445247556 35
1445247556 35
1445247556 35
1445247556 35
1445247556 35
1445247556 35
1445247556 35
1445247556 35
1445247556 35
1445247556 35
1445247556 35
1445247557 35
1445247557 35
1445247557 35
1445247557 35
1445247557 35
1445247557 35
1445247557 35
1445247557 35
1445247557 35
1445247557 35
1445247557 35
1445247557 8
1445247557 35
1445247557 35
1445247557 35
1445247557 35
1445247557 35
1445247557 35
1445247557 35
1445247557 64
1445247557 5
1445247557 64
1445247557 35
1445247558 35
1445247558 35
1445247558 35
1445247558 35
1445247558 35
1445247558 35
1445247558 35
1445247558 35
1445247558 35
1445247558 35
1445247558 35
1445247558 35
1445247558 35
1445247558 35
1445247558 35
1445247558 35
1445247558 35
1445247558 35
1445247558 35
1445247558 35
1445247558 35
1445247558 35
1445247558 35
1445247558 35
1445247558 35
1445247558 35
1445247558 35
1445247558 35
1445247558 35
1445247558 35
1445247558 35
1445247558 35
1445247558 35
1445247558 35
1445247558 35
1445247558 35
1445247558 35
1445247558 35
1445247558 35
1445247558 35
1445247558 35
1445247558 35
1445247558 35
1445247558 35
1445247558 35
1445247558 35
1445247558 35
1445247558 35
1445247558 35
1445247558 35
1445247558 35
1445247558 35
1445247558 35
1445247558 35
1445247558 35
1445247558 35
1445247558 35
1445247558 35
1445247558 35
1445247558 35
1445247558 35
1445247558 35
1445247559 35
1445247559 35
1445247559 35
1445247559 35
1445247560 35
1445247560 35
1445247560 35
1445247560 35
1445247560 35
1445247560 35
1445247560 35
1445247560 35
1445247560 35
1445247560 35
1445247560 35
1445247560 35
1445247560 35
1445247560 35
1445247560 35
1445247560 35
1445247560 35
1445247560 35
1445247560 35
1445247560 35
1445247560 35
1445247560 35
1445247560 35
1445247560 35
1445247560 35
1445247560 35
1445247560 35
1445247560 35
1445247560 35
1445247560 35
1445247560 35
1445247560 35
1445247560 35
1445247560 35
1445247560 35
1445247560 35
1445247560 35
1445247560 35
1445247560 35
1445247560 35
1445247560 35
1445247560 35
1445247560 35
1445247560 35
1445247560 35
1445247560 35
1445247560 35
1445247560 35
1445247560 35
1445247560 35
1445247560 35
1445247560 35
1445247560 35
1445247560 35
1445247560 35
1445247560 35
1445247560 35
1445247560 35
1445247560 35
1445247560 35
1445247560 35
1445247560 35
1445247560 35
1445247560 35
1445247560 35
1445247560 35
1445247560 35
1445247560 35
1445247560 35
1445247560 35
1445247560 35
1445247560 35
1445247560 35
1445247560 35
1445247560 35
1445247560 35
1445247560 35
1445247560 35
1445247560 35
1445247560 35
1445247560 35
1445247560 35
1445247560 35
1445247560 35
1445247560 35
1445247560 35
1445247560 35
1445247560 35
1445247560 35
1445247560 35
1445247560 35
1445247560 35
1445247560 35
1445247560 35
1445247560 35
1445247560 35
1445247560 35
1445247560 35
1445247560 35
1445247560 35
1445247560 35
1445247560 35
1445247560 35
1445247560 35
1445247560 35
1445247560 35
1445247560 35
1445247560 35
1445247560 35
1445247560 35
1445247560 35
1445247560 35
1445247560 35
1445247560 35
1445247560 35
1445247560 35
1445247560 35
1445247560 35
1445247560 35
1445247561 35
1445247561 35
1445247561 35
1445247564 35
1445247564 35
1445247564 35
1445247564 35
1445247564 35
1445247564 35
1445247564 35
1445247564 35
1445247564 35
1445247564 35
1445247564 35
1445247564 35
1445247564 35
1445247564 35
1445247564 35
1445247564 35
1445247564 35
1445247564 35
1445247564 35
1445247564 35
1445247565 35
1445247565 35
1445247565 35
1445247565 35
1445247565 35
1445247565 35
1445247565 35
1445247565 35
1445247565 35
1445247565 35
1445247565 35
1445247565 35
1445247565 35
1445247565 35
1445247566 35
1445247566 35
1445247567 35
1445247567 35
1445247568 35
1445247568 35
1445247569 35
1445247569 35
1445247572 35
1445247572 35
1445247572 35
1445247572 35
1445247572 35
1445247572 35
1445247573 35
1445247573 35
1445247573 35
1445247573 35
1445247573 35
1445247573 35
1445247574 35
1445247574 35
1445247575 35
1445247575 35
1445247575 35
1445247575 35
1445247575 35
1445247575 35
1445247576 35
1445247576 35
1445247576 35
1445247576 35
1445247578 35
1445247578 35
1445247579 35
1445247579 35
1445247579 35
1445247579 35
1445247579 35
1445247579 35
1445247579 35
1445247579 35
1445247581 35
1445247581 35
1445247582 35
1445247582 35
1445247582 35
1445247582 35
1445247582 35
1445247582 35
1445247582 35
1445247582 35
1445247584 35
1445247584 35
1445247585 35
1445247585 35
1445247585 35
1445247585 35
1445247585 35
1445247585 35
1445247585 35
1445247585 35
1445247587 35
1445247587 35
1445247588 35
1445247588 35
1445247588 35
1445247588 35
1445247588 35
1445247588 35
1445247588 35
1445247588 35
1445247591 35
1445247591 35
1445247591 35
1445247591 35
1445247591 35
1445247591 35
1445247591 35
1445247592 35
1445247592 35
1445247592 35
1445247594 35
1445247594 35
1445247595 35
1445247595 35
1445247595 35
1445247595 35
1445247595 35
1445247595 35
1445247595 35
1445247595 35
1445247596 35
1445247597 35
1445247597 35
1445247598 35
1445247598 35
1445247598 35
1445247598 35
1445247598 35
1445247598 35
1445247598 35
1445247598 35
1445247600 35
1445247600 35
1445247601 35
1445247601 35
1445247601 35
1445247601 35
1445247601 35
1445247601 35
1445247601 35
1445247601 35
1445247603 35
1445247603 35
1445247604 35
1445247604 35
1445247604 35
1445247604 35
1445247604 35
1445247604 35
1445247604 35
1445247604 35
1445247608 35
1445247608 35
1445247608 35
1445247608 35
1445247608 35
1445247608 35
1445247608 35
1445247608 35
1445247608 35
1445247608 35
1445247611 35
1445247611 35
1445247611 35
1445247611 35
1445247614 35
1445247614 35
1445247614 35
1445247614 35
1445247614 35
1445247617 35
1445247617 35
1445247617 35
1445247617 35
1445247620 35
1445247620 35
1445247620 35
1445247621 35
1445247623 35
1445247623 35
1445247623 35
1445247624 35
1445247625 35
1445247625 35
1445247625 35
1445247625 35
1445247625 35
1445247625 35
1445247625 35
1445247625 35
1445247625 35
1445247626 35
1445247626 35
1445247626 35
1445247626 35
1445247626 35
1445247626 35
1445247626 35
1445247626 35
1445247626 35
1445247626 35
1445247626 35
1445247626 35
1445247626 35
1445247626 35
1445247627 35
1445247627 35
1445247627 35
1445247627 35
1445247627 35
1445247627 35
1445247627 35
1445247627 35
1445247627 35
1445247627 35
1445247627 35
1445247628 35
1445247628 35
1445247629 35
1445247629 35
1445247629 35
1445247629 35
1445247629 35
1445247629 35
1445247629 113
1445247629 119
1445247629 170
1445247629 35
1445247629 35
1445247629 35
1445247629 35
1445247629 35
1445247629 35
1445247629 35
1445247629 35
1445247629 35
1445247629 35
1445247629 35
1445247629 35
1445247629 35
1445247629 35
1445247629 35
1445247629 35
1445247629 35
1445247630 35
1445247630 35
1445247630 35
1445247631 35
1445247631 35
1445247631 35
1445247632 35
1445247632 35
1445247632 35
1445247633 35
1445247633 35
1445247633 35
1445247633 35
1445247633 35
1445247634 35
1445247634 35
1445247634 35
1445247634 35
1445247636 35
1445247636 35
1445247636 35
1445247637 35
1445247637 35
1445247637 35
1445247637 35
1445247638 35
1445247638 35
1445247639 35
1445247639 35
1445247639 35
1445247639 35
1445247640 35
1445247640 35
1445247641 35
1445247641 35
1445247641 35
1445247641 35
1445247641 35
1445247641 35
1445247642 35
1445247642 35
1445247642 35
1445247642 35
1445247643 35
1445247643 35
1445247643 35
1445247643 35
1445247643 35
1445247645 35
1445247645 35
1445247645 35
1445247645 35
1445247646 35
1445247646 35
1445247646 35
1445247646 35
1445247646 35
1445247648 35
1445247648 35
1445247648 35
1445247648 35
1445247648 35
1445247648 35
1445247649 35
1445247649 35
1445247649 35
1445247649 35
1445247650 35
1445247651 35
1445247651 35
1445247651 35
1445247651 35
1445247651 35
1445247651 35
1445247652 35
1445247652 35
1445247652 35
1445247652 35
1445247652 35
1445247652 35
1445247652 35
1445247654 35
1445247654 35
1445247654 35
1445247655 35
1445247655 35
1445247655 35
1445247655 35
1445247655 35
1445247655 35
1445247655 35
1445247656 35
1445247657 35
1445247657 35
1445247657 35
1445247657 35
1445247658 35
1445247658 35
1445247658 35
1445247658 35
1445247658 35
1445247658 35
1445247658 35
1445247658 35
1445247658 35
1445247659 35
1445247660 35
1445247660 35
1445247661 35
1445247661 35
1445247661 35
1445247661 35
1445247662 35
1445247662 35
1445247662 35
1445247664 35
1445247664 35
1445247664 35
1445247664 35
1445247664 35
1445247664 35
1445247664 35
1445247665 35
1445247665 35
1445247665 35
1445247667 35
1445247667 35
1445247667 35
1445247667 35
1445247667 35
1445247667 35
1445247667 35
1445247668 35
1445247668 35
1445247668 35
1445247670 35
1445247670 35
1445247670 35
1445247670 35
1445247670 35
1445247670 35
1445247670 35
1445247671 35
1445247671 35
1445247671 35
1445247673 35
1445247673 35
1445247673 35
1445247673 35
1445247673 35
1445247673 35
1445247673 35
1445247674 35
1445247674 35
1445247674 35
1445247676 35
1445247676 35
1445247676 35
1445247676 35
1445247676 35
1445247676 35
1445247677 35
1445247677 35
1445247677 35
1445247677 35
1445247679 35
1445247679 35
1445247679 35
1445247679 35
1445247680 35
1445247680 35
1445247680 35
1445247680 35
1445247680 35
1445247680 35
1445247682 35
1445247682 35
1445247682 35
1445247682 35
1445247683 35
1445247683 35
1445247683 35
1445247683 35
1445247683 35
1445247683 35
1445247685 35
1445247685 35
1445247685 35
1445247685 35
1445247686 35
1445247686 35
1445247686 35
1445247686 35
1445247687 35
1445247687 35
1445247689 35
1445247689 35
1445247689 35
1445247689 35
1445247690 35
1445247690 35
1445247690 35
1445247690 35
1445247690 35
1445247690 35
1445247691 35
1445247691 35
1445247691 35
1445247691 35
1445247691 35
1445247691 35
1445247691 35
1445247691 35
1445247691 35
1445247691 35
1445247692 35
1445247692 35
1445247692 35
1445247692 35
1445247692 35
1445247692 35
1445247692 35
1445247692 35
1445247692 35
1445247692 35
1445247692 35
1445247692 35
1445247692 35
1445247692 35
1445247692 35
1445247693 35
1445247693 35
1445247693 35
1445247693 35
1445247693 35
1445247694 35
1445247694 35
1445247694 35
1445247694 35
1445247694 35
1445247694 35
1445247694 35
1445247694 35
1445247694 35
1445247694 113
1445247694 119
1445247694 170
1445247694 35
1445247694 113
1445247694 119
1445247694 170
1445247694 35
1445247694 35
1445247694 35
1445247694 35
1445247694 35
1445247694 35
1445247694 35
1445247694 35
1445247694 35
1445247694 35
1445247695 35
1445247695 35
1445247695 35
1445247695 35
1445247695 35
1445247695 35
1445247695 35
1445247695 35
1445247695 35
1445247695 35
1445247695 35
1445247695 35
1445247695 35
1445247695 35
1445247695 35
1445247695 35
1445247695 35
1445247695 35
1445247695 35
1445247695 35
1445247695 35
1445247695 35
1445247695 35
1445247695 35
1445247695 35
1445247695 35
1445247695 35
1445247695 35
1445247695 35
1445247695 35
1445247695 35
1445247695 35
1445247695 35
1445247695 35
1445247695 35
1445247695 35
1445247695 35
1445247696 35
1445247696 35
1445247696 36
1445247696 164
1445247696 106
1445247696 4
1445247696 106
1445247696 106
1445247696 61
1445247696 15
1445247696 61
1445247696 61
1445247696 61
1445247696 61
1445247696 35
1445247696 35
1445247696 89
1445247696 35
1445247696 35
1445247696 35
1445247696 35
1445247696 35
1445247696 35
1445247696 35
1445247696 113
1445247696 119
1445247696 170
1445247696 35
1445247696 35
1445247696 35
1445247697 35
1445247697 35
1445247697 35
1445247697 35
1445247697 35
1445247697 35
1445247697 35
1445247697 35
1445247697 35
1445247698 35
1445247698 35
1445247698 35
1445247698 113
1445247698 119
1445247698 170
1445247698 35
1445247698 35
1445247698 35
1445247698 35
1445247698 35
1445247698 35
1445247698 35
1445247698 35
1445247699 35
1445247699 35
1445247699 35
1445247699 35
1445247699 35
1445247699 35
1445247699 113
1445247699 119
1445247699 170
1445247699 35
1445247699 35
1445247699 35
1445247699 35
1445247699 35
1445247699 35
1445247699 35
1445247699 35
1445247699 35
1445247699 35
1445247699 35
1445247699 35
1445247699 35
1445247699 35
1445247700 35
1445247700 35
1445247700 35
1445247700 35
1445247700 35
1445247700 36
1445247700 164
1445247700 106
1445247700 4
1445247700 106
1445247700 106
1445247700 61
1445247700 15
1445247700 61
1445247700 61
1445247700 61
1445247700 61
1445247700 35
1445247700 35
1445247700 35
1445247700 113
1445247700 119
1445247700 170
1445247700 35
1445247700 89
1445247700 35
1445247700 35
1445247701 35
1445247701 35
1445247701 35
1445247701 35
1445247701 35
1445247701 35
1445247701 35
1445247701 35
1445247701 35
1445247701 35
1445247701 35
1445247701 35
1445247701 113
1445247701 119
1445247701 170
1445247701 35
1445247701 35
1445247701 35
1445247701 35
1445247701 35
1445247701 35
1445247701 35
1445247701 35
1445247701 35
1445247701 35
1445247701 35
1445247701 35
1445247701 35
1445247701 35
1445247701 35
1445247702 35
1445247702 35
1445247702 35
1445247702 35
1445247702 35
1445247702 35
1445247702 35
1445247702 35
1445247702 35
1445247702 35
1445247702 35
1445247702 35
1445247702 35
1445247702 113
1445247702 119
1445247702 170
1445247702 35
1445247702 113
1445247702 119
1445247702 170
1445247703 35
1445247704 35
1445247704 35
1445247704 35
1445247704 170
1445247704 35
1445247704 35
1445247704 35
1445247705 35
1445247708 35
1445247711 35
1445247715 35
1445247718 35
1445247721 35
1445247724 35
1445247727 35
1445247730 35
1445247733 35
1445247736 35
1445247739 35
1445247742 35
1445247745 35
1445247749 35
1445247752 35
1445247755 35
1445247758 35
1445247761 35
1445247764 35
1445247767 35
1445247770 35
1445247773 35
1445247774 35
1445247774 35
1445247774 35
1445247774 35
1445247774 35
1445247774 35
1445247774 35
1445247774 35
1445247774 35
1445247774 35
1445247774 35
1445247774 35
1445247774 35
1445247774 35
1445247774 35
1445247774 35
1445247775 35
1445247775 35
1445247776 35
1445247776 35
1445247776 35
1445247776 113
1445247776 119
1445247776 170
1445247776 35
1445247776 35
1445247776 35
1445247776 35
1445247776 35
1445247776 35
1445247776 35
1445247776 35
1445247776 35
1445247778 35
1445247778 17
1445247781 35
1445247781 17
1445247781 35
1445247781 130
1445247785 35
1445247785 130
1445247785 35
1445247785 34
1445247785 70
1445247785 35
1445247785 34
1445247785 130
1445247785 35
1445247785 34
1445247785 17
1445247785 35
1445247786 35
1445247786 35
1445247786 35
1445247787 35
1445247787 35
1445247787 35
1445247787 35
1445247787 35
1445247787 35
