1445163188 23
1445163189 13
1445163189 15
1445163189 19
1445163189 6
1445163189 5
1445163189 2
1445163190 4
1445163191 8
1445163191 12
1445163191 7
1445163191 26
1445163191 9
1445163191 24
1445163191 20
1445163191 25
1445163191 10
1445163195 21
1445163195 17
1445163195 14
1445163195 26
1445163207 27
1445163207 16
1445163209 21
1445163209 17
1445163209 14
1445163209 26
1445163217 27
1445163217 16
1445163219 21
1445163219 17
1445163219 14
1445163219 26
1445163227 27
1445163227 16
1445163228 21
1445163228 17
1445163228 14
1445163228 26
1445163236 27
1445163236 16
1445163238 21
1445163238 17
1445163238 14
1445163238 26
1445163246 27
1445163246 16
1445163247 21
1445163247 17
1445163247 14
1445163247 26
1445163255 27
1445163255 16
1445163257 21
1445163257 17
1445163257 14
1445163257 26
1445163265 27
1445163265 16
1445163266 11
1445163266 21
1445163266 17
1445163266 14
1445163272 28
1445163272 18
1445163272 1
1445163300 3
1445163300 22
