1445163188 8
1445163189 147
1445163189 16
1445163189 102
1445163189 83
1445163189 8
1445163189 147
1445163190 160
1445163191 82
1445163191 67
1445163191 22
1445163191 102
1445163191 3
1445163191 75
1445163191 25
1445163191 25
1445163191 154
1445163195 102
1445163195 25
1445163195 25
1445163195 102
1445163207 75
1445163207 25
1445163209 102
1445163209 25
1445163209 25
1445163209 102
1445163217 75
1445163217 25
1445163219 102
1445163219 25
1445163219 25
1445163219 102
1445163227 75
1445163227 25
1445163228 102
1445163228 25
1445163228 25
1445163228 102
1445163236 75
1445163236 25
1445163238 102
1445163238 25
1445163238 25
1445163238 102
1445163246 75
1445163246 25
1445163247 102
1445163247 25
1445163247 25
1445163247 102
1445163255 75
1445163255 25
1445163257 102
1445163257 25
1445163257 25
1445163257 102
1445163265 75
1445163265 25
1445163266 67
1445163266 102
1445163266 25
1445163266 25
1445163272 75
1445163272 102
1445163272 160
1445163300 129
1445163300 3
