1445162524 8
1445162524 147
1445162524 16
1445162524 102
1445162524 83
1445162525 8
1445162525 147
1445162526 160
1445162528 82
1445162528 67
1445162530 22
1445162531 102
1445162531 3
1445162531 75
1445162531 25
1445162531 25
1445162531 154
1445162549 102
1445162549 25
1445162549 25
1445162549 102
1445162586 75
1445162586 25
1445162593 102
1445162593 25
1445162593 25
1445162593 102
1445162628 75
1445162628 25
1445162634 102
1445162634 25
1445162634 25
1445162634 102
1445162669 75
1445162669 25
1445162676 102
1445162676 25
1445162676 25
1445162676 102
1445162710 75
1445162710 25
1445162723 102
1445162723 25
1445162723 25
1445162723 102
1445162752 75
1445162752 25
1445162760 102
1445162760 25
1445162760 25
1445162760 102
