1445067485 8
1445067485 147
1445067485 16
1445067485 102
1445067485 83
1445067485 8
1445067486 147
1445067486 160
1445067487 82
1445067487 67
1445067488 22
1445067488 102
1445067488 3
1445067488 75
1445067488 25
1445067488 25
1445067488 154
1445067493 102
1445067493 25
1445067493 25
1445067493 102
1445067505 75
1445067505 25
1445067526 102
1445067526 25
1445067526 25
1445067526 102
1445067537 75
1445067537 25
1445067553 102
1445067553 25
1445067553 25
1445067553 102
1445067564 75
1445067564 25
1445067580 102
1445067580 25
1445067580 25
1445067580 102
1445067591 75
1445067591 25
1445067596 102
1445067596 25
1445067596 25
1445067596 102
1445067606 75
1445067606 25
1445067617 102
1445067617 25
1445067617 25
1445067617 102
1445067627 75
1445067627 25
1445067633 102
1445067633 25
1445067633 25
1445067633 102
1445067644 75
1445067644 25
1445067650 67
1445067650 102
1445067650 25
1445067650 25
1445067660 75
1445067660 102
1445067660 160
1445067685 129
1445067685 3
