1445067505 28
1445067505 11
1445067505 15
1445067505 23
1445067505 6
1445067506 5
1445067506 2
1445067508 3
1445067509 8
1445067509 9
1445067512 7
1445067512 29
1445067512 13
1445067512 25
1445067512 22
1445067512 24
1445067513 12
1445067558 26
1445067558 19
1445067558 17
1445067558 29
1445067578 31
1445067578 18
1445067605 26
1445067605 19
1445067605 17
1445067605 29
1445067624 31
1445067624 18
1445067647 26
1445067647 19
1445067647 17
1445067647 29
1445067674 31
1445067674 18
1445067681 26
1445067681 19
1445067681 17
1445067681 29
1445067704 31
1445067704 18
1445067710 26
1445067710 19
1445067710 17
1445067710 29
1445067739 31
1445067739 18
1445067745 26
1445067745 19
1445067745 17
1445067745 29
1445067766 31
1445067766 18
1445067776 26
1445067776 19
1445067776 17
1445067776 29
1445067800 31
1445067801 18
1445067813 10
1445067813 26
1445067813 19
1445067813 17
1445067830 30
1445067830 21
1445067830 1
1445067872 4
1445067872 27
1445067872 16
1445067872 20
1445067872 14
