1445067505 8
1445067505 147
1445067505 16
1445067505 102
1445067505 83
1445067506 8
1445067506 147
1445067508 160
1445067509 82
1445067509 67
1445067512 22
1445067512 102
1445067512 3
1445067512 75
1445067512 25
1445067512 25
1445067513 154
1445067558 102
1445067558 25
1445067558 25
1445067558 102
1445067578 75
1445067578 25
1445067605 102
1445067605 25
1445067605 25
1445067605 102
1445067624 75
1445067624 25
1445067647 102
1445067647 25
1445067647 25
1445067647 102
1445067674 75
1445067674 25
1445067681 102
1445067681 25
1445067681 25
1445067681 102
1445067704 75
1445067704 25
1445067710 102
1445067710 25
1445067710 25
1445067710 102
1445067739 75
1445067739 25
1445067745 102
1445067745 25
1445067745 25
1445067745 102
1445067766 75
1445067766 25
1445067776 102
1445067776 25
1445067776 25
1445067776 102
1445067800 75
1445067801 25
1445067813 67
1445067813 102
1445067813 25
1445067813 25
1445067830 75
1445067830 102
1445067830 160
1445067872 129
1445067872 3
1445067872 16
1445067872 16
1445067872 111
