1445247563 24
1445247563 10
1445247563 19
1445247563 21
1445247563 6
1445247563 3
1445247564 2
1445247565 4
1445247566 8
1445247566 13
1445247567 7
1445247567 30
1445247567 9
1445247567 28
1445247567 22
1445247567 27
1445247567 11
1445247572 26
1445247572 18
1445247572 20
1445247572 30
1445247583 31
1445247583 15
1445247586 26
1445247586 18
1445247586 20
1445247586 30
1445247597 31
1445247597 15
1445247600 26
1445247600 18
1445247600 20
1445247600 30
1445247610 31
1445247610 15
1445247612 26
1445247612 18
1445247612 20
1445247612 30
1445247625 31
1445247625 15
1445247626 26
1445247626 18
1445247626 20
1445247626 30
1445247635 31
1445247636 15
1445247637 26
1445247637 18
1445247637 20
1445247637 30
1445247645 31
1445247645 15
1445247647 26
1445247647 18
1445247647 20
1445247647 30
1445247656 31
1445247656 15
1445247657 14
1445247657 26
1445247657 18
1445247657 20
1445247666 29
1445247666 23
1445247666 1
1445247701 5
1445247701 25
1445247701 16
1445247701 17
1445247701 12
