1445247563 8
1445247563 147
1445247563 16
1445247563 102
1445247563 83
1445247563 8
1445247564 147
1445247565 160
1445247566 82
1445247566 67
1445247567 22
1445247567 102
1445247567 3
1445247567 75
1445247567 25
1445247567 25
1445247567 154
1445247572 102
1445247572 25
1445247572 25
1445247572 102
1445247583 75
1445247583 25
1445247586 102
1445247586 25
1445247586 25
1445247586 102
1445247597 75
1445247597 25
1445247600 102
1445247600 25
1445247600 25
1445247600 102
1445247610 75
1445247610 25
1445247612 102
1445247612 25
1445247612 25
1445247612 102
1445247625 75
1445247625 25
1445247626 102
1445247626 25
1445247626 25
1445247626 102
1445247635 75
1445247636 25
1445247637 102
1445247637 25
1445247637 25
1445247637 102
1445247645 75
1445247645 25
1445247647 102
1445247647 25
1445247647 25
1445247647 102
1445247656 75
1445247656 25
1445247657 67
1445247657 102
1445247657 25
1445247657 25
1445247666 75
1445247666 102
1445247666 160
1445247701 129
1445247701 3
1445247701 16
1445247701 16
1445247701 111
