1445163448 20
1445163448 9
1445163448 13
1445163448 19
1445163448 6
1445163448 3
1445163449 1
1445163450 2
1445163452 5
1445163452 8
1445163455 4
1445163455 21
1445163455 7
1445163455 18
1445163455 15
1445163455 16
1445163456 10
1445163473 17
1445163473 12
1445163473 14
1445163473 21
1445163510 22
1445163510 11
1445163518 17
1445163518 12
1445163518 14
1445163518 21
1445163553 22
1445163553 11
1445163560 17
1445163560 12
1445163560 14
1445163560 21
1445163589 22
1445163589 11
1445163594 17
1445163594 12
1445163594 14
1445163594 21
1445163623 22
1445163623 11
1445163628 17
1445163628 12
1445163628 14
1445163628 21
1445163662 22
1445163662 11
1445163669 17
1445163669 12
1445163669 14
1445163669 21
