1445247825 8
1445247826 147
1445247826 16
1445247826 102
1445247826 83
1445247827 8
1445247828 147
1445247831 160
1445247835 82
1445247836 67
1445247848 22
1445247849 102
1445247849 3
1445247849 75
1445247849 25
1445247849 25
1445247849 154
1445247867 102
1445247867 25
1445247867 25
1445247867 102
1445247918 75
1445247919 25
1445247926 102
1445247926 25
1445247926 25
1445247926 102
1445247968 75
1445247968 25
1445247975 102
1445247975 25
1445247975 25
1445247975 102
1445248008 75
1445248008 25
1445248011 102
1445248011 25
1445248011 25
1445248011 102
1445248032 75
1445248032 25
1445248035 102
1445248035 25
1445248035 25
1445248035 102
1445248055 75
1445248055 25
1445248059 102
1445248059 25
1445248059 25
1445248059 102
1445248078 75
1445248078 25
1445248081 102
1445248081 25
1445248081 25
1445248081 102
1445248096 75
1445248096 25
1445248098 67
1445248098 102
1445248098 25
1445248098 25
1445248107 75
1445248107 102
1445248107 160
1445248167 129
1445248169 3
1445248169 16
1445248169 16
1445248169 111
