1445236916 8
1445236916 147
1445236916 16
1445236916 102
1445236916 83
1445236916 8
1445236917 147
1445236917 160
1445236918 82
1445236918 67
1445236919 22
1445236919 102
1445236919 3
1445236919 75
1445236919 25
1445236919 25
1445236919 154
1445236922 102
1445236922 25
1445236922 25
1445236922 102
1445236933 75
1445236933 25
1445236934 102
1445236934 25
1445236934 25
1445236934 102
1445236944 75
1445236944 25
1445236945 102
1445236945 25
1445236945 25
1445236945 102
1445236954 75
1445236954 25
1445236956 102
1445236956 25
1445236956 25
1445236956 102
1445236965 75
1445236965 25
1445236967 102
1445236967 25
1445236967 25
1445236967 102
1445236976 75
1445236976 25
1445236978 102
1445236978 25
1445236978 25
1445236978 102
1445236978 67
1445236988 75
1445236988 25
1445236988 102
1445236988 25
1445236988 25
1445236990 75
1445236990 102
1445236990 160
1445237028 129
1445237028 3
