1445067654 8
1445067654 147
1445067654 16
1445067654 102
1445067654 83
1445067654 8
1445067655 147
1445067655 160
1445067656 82
1445067656 67
1445067656 22
1445067656 102
1445067656 3
1445067656 75
1445067656 25
1445067656 25
1445067656 154
1445067664 102
1445067664 25
1445067664 25
1445067664 102
1445067674 75
1445067675 25
1445067680 102
1445067680 25
1445067680 25
1445067680 102
1445067694 75
1445067694 25
1445067700 102
1445067700 25
1445067700 25
1445067700 102
1445067710 75
1445067710 25
1445067717 102
1445067717 25
1445067717 25
1445067717 102
1445067726 75
1445067726 25
1445067733 102
1445067733 25
1445067733 25
1445067733 102
1445067744 75
1445067744 25
1445067751 102
1445067751 25
1445067751 25
1445067751 102
1445067762 75
1445067762 25
1445067769 102
1445067769 25
1445067769 25
1445067769 102
1445067783 75
1445067783 25
1445067787 67
1445067787 102
1445067787 25
1445067787 25
1445067793 75
1445067793 102
1445067793 160
1445067822 129
1445067822 3
1445067822 16
1445067822 16
1445067822 111
