1445067676 22
1445067676 10
1445067676 20
1445067676 23
1445067676 6
1445067676 5
1445067677 2
1445067677 3
1445067678 7
1445067678 13
1445067678 8
1445067678 30
1445067678 11
1445067678 24
1445067678 27
1445067678 21
1445067678 12
1445067681 25
1445067681 15
1445067681 16
1445067681 30
1445067693 29
1445067693 17
1445067696 25
1445067696 15
1445067696 16
1445067696 30
1445067707 29
1445067707 17
1445067711 25
1445067711 15
1445067711 16
1445067711 30
1445067721 29
1445067721 17
1445067725 25
1445067725 15
1445067725 16
1445067725 30
1445067734 29
1445067734 17
1445067736 25
1445067736 15
1445067736 16
1445067736 30
1445067746 29
1445067746 17
1445067749 25
1445067749 15
1445067749 16
1445067749 30
1445067759 29
1445067759 17
1445067763 25
1445067763 15
1445067763 16
1445067763 30
1445067774 29
1445067774 17
1445067777 14
1445067777 25
1445067777 15
1445067777 16
1445067786 31
1445067786 28
1445067786 1
1445067818 4
1445067818 26
1445067818 19
1445067818 18
1445067818 9
