1445088653 25
1445088653 13
1445088653 16
1445088654 28
1445088654 6
1445088654 4
1445088655 2
1445088656 3
1445088657 7
1445088657 14
1445088657 8
1445088657 31
1445088657 10
1445088657 24
1445088657 22
1445088657 23
1445088657 12
1445088658 27
1445088658 18
1445088658 15
1445088658 31
1445088667 29
1445088667 17
1445088668 27
1445088668 18
1445088668 15
1445088668 31
1445088676 29
1445088676 17
1445088677 27
1445088677 18
1445088677 15
1445088677 31
1445088686 29
1445088686 17
1445088687 27
1445088687 18
1445088687 15
1445088687 31
1445088696 29
1445088696 17
1445088696 27
1445088696 18
1445088696 15
1445088696 31
1445088705 29
1445088705 17
1445088705 27
1445088705 18
1445088705 15
1445088705 31
1445088706 9
1445088713 29
1445088713 17
1445088713 27
1445088713 18
1445088713 15
1445088715 30
1445088715 21
1445088715 1
1445088746 5
1445088747 26
1445088748 20
1445088748 19
1445088748 11
