1445088653 8
1445088653 147
1445088653 16
1445088654 102
1445088654 83
1445088654 8
1445088655 147
1445088656 160
1445088657 82
1445088657 67
1445088657 22
1445088657 102
1445088657 3
1445088657 75
1445088657 25
1445088657 25
1445088657 154
1445088658 102
1445088658 25
1445088658 25
1445088658 102
1445088667 75
1445088667 25
1445088668 102
1445088668 25
1445088668 25
1445088668 102
1445088676 75
1445088676 25
1445088677 102
1445088677 25
1445088677 25
1445088677 102
1445088686 75
1445088686 25
1445088687 102
1445088687 25
1445088687 25
1445088687 102
1445088696 75
1445088696 25
1445088696 102
1445088696 25
1445088696 25
1445088696 102
1445088705 75
1445088705 25
1445088705 102
1445088705 25
1445088705 25
1445088705 102
1445088706 67
1445088713 75
1445088713 25
1445088713 102
1445088713 25
1445088713 25
1445088715 75
1445088715 102
1445088715 160
1445088746 129
1445088747 3
1445088748 16
1445088748 16
1445088748 111
