1445092105 8
1445092106 147
1445092106 16
1445092106 102
1445092106 83
1445092106 8
1445092107 147
1445092108 160
1445092109 82
1445092109 67
1445092109 22
1445092109 102
1445092109 3
1445092109 75
1445092109 25
1445092109 25
1445092109 154
1445092110 102
1445092110 25
1445092110 25
1445092110 102
1445092119 75
1445092119 25
1445092120 102
1445092120 25
1445092120 25
1445092120 102
1445092127 75
1445092127 25
1445092128 102
1445092128 25
1445092128 25
1445092128 102
1445092135 75
1445092135 25
1445092136 102
1445092136 25
1445092136 25
1445092136 102
1445092144 75
1445092144 25
1445092145 102
1445092145 25
1445092145 25
1445092145 102
1445092155 75
1445092155 25
1445092157 102
1445092157 25
1445092157 25
1445092157 102
1445092158 67
1445092165 75
1445092165 25
1445092165 102
1445092165 25
1445092165 25
1445092166 75
1445092166 102
1445092166 160
1445092199 129
1445092199 3
1445092199 16
1445092199 16
1445092199 111
