1445071677 20
1445071678 13
1445071678 14
1445071678 22
1445071678 6
1445071679 4
1445071681 3
1445071684 5
1445071686 8
1445071686 10
1445071691 9
1445071691 28
1445071691 11
1445071691 23
1445071691 18
1445071691 21
1445071691 12
1445071719 19
1445071719 16
1445071719 17
1445071719 28
1445071768 25
1445071768 15
1445071777 19
1445071777 16
1445071777 17
1445071777 28
1445071824 25
1445071825 15
1445071836 19
1445071836 16
1445071836 17
1445071836 28
1445071883 25
1445071884 15
1445071891 19
1445071891 16
1445071891 17
1445071891 28
1445071938 25
1445071938 15
1445071944 19
1445071944 16
1445071944 17
1445071944 28
1445071978 25
1445071978 15
1445071986 19
1445071986 16
1445071986 17
1445071986 28
1445072034 25
1445072035 15
1445072042 19
1445072042 16
1445072042 17
1445072042 28
1445072046 1
1445072046 35
1445072046 33
1445072046 33
1445072046 31
1445072046 34
1445072046 24
1445072046 43
1445072046 7
1445072046 39
1445072046 41
1445072046 38
1445072046 40
1445072046 37
1445072046 26
1445072046 32
1445072046 36
1445072046 36
1445072046 44
1445072046 44
1445072046 27
1445072046 46
1445072046 45
1445072046 42
1445072046 30
1445072046 29
1445072046 -1
1445072070 2
1445072083 25
1445072083 15
1445072090 2
1445072110 2
1445072130 2
1445072150 2
1445072170 2
1445072190 2
1445072210 2
1445072230 2
1445072250 2
1445072270 2
1445072290 2
1445072310 2
1445072330 2
1445072350 2
1445072370 2
1445072390 2
1445072410 2
1445072430 2
1445072450 2
1445072470 2
1445072490 2
1445072510 2
1445072530 2
1445072550 2
1445072570 2
1445072590 2
1445072610 2
1445072630 2
1445072650 2
1445072670 2
1445072690 2
1445072710 2
1445072730 2
1445072750 2
1445072770 2
