1445071677 8
1445071678 147
1445071678 16
1445071678 102
1445071678 83
1445071679 8
1445071681 147
1445071684 160
1445071686 82
1445071686 67
1445071691 22
1445071691 102
1445071691 3
1445071691 75
1445071691 25
1445071691 25
1445071691 154
1445071719 102
1445071719 25
1445071719 25
1445071719 102
1445071768 75
1445071768 25
1445071777 102
1445071777 25
1445071777 25
1445071777 102
1445071824 75
1445071825 25
1445071836 102
1445071836 25
1445071836 25
1445071836 102
1445071883 75
1445071884 25
1445071891 102
1445071891 25
1445071891 25
1445071891 102
1445071938 75
1445071938 25
1445071944 102
1445071944 25
1445071944 25
1445071944 102
1445071978 75
1445071978 25
1445071986 102
1445071986 25
1445071986 25
1445071986 102
1445072034 75
1445072035 25
1445072042 102
1445072042 25
1445072042 25
1445072042 102
1445072046 20
1445072046 53
1445072046 15
1445072046 15
1445072046 44
1445072046 12
1445072046 91
1445072046 31
1445072046 36
1445072046 164
1445072046 106
1445072046 4
1445072046 106
1445072046 106
1445072046 144
1445072046 53
1445072046 53
1445072046 53
1445072046 51
1445072046 51
1445072046 152
1445072046 51
1445072046 136
1445072046 51
1445072046 152
1445072046 15
1445072046 170
1445072070 33
1445072083 75
1445072083 25
1445072090 33
1445072110 33
1445072130 33
1445072150 33
1445072170 33
1445072190 33
1445072210 33
1445072230 33
1445072250 33
1445072270 33
1445072290 33
1445072310 33
1445072330 33
1445072350 33
1445072370 33
1445072390 33
1445072410 33
1445072430 33
1445072450 33
1445072470 33
1445072490 33
1445072510 33
1445072530 33
1445072550 33
1445072570 33
1445072590 33
1445072610 33
1445072630 33
1445072650 33
1445072670 33
1445072690 33
1445072710 33
1445072730 33
1445072750 33
1445072770 33
