1445163724 18
1445163724 12
1445163724 15
1445163724 19
1445163724 6
1445163724 4
1445163725 2
1445163725 3
1445163726 8
1445163726 11
1445163726 7
1445163726 28
1445163726 13
1445163726 24
1445163726 23
1445163726 22
1445163726 9
1445163729 25
1445163729 17
1445163729 16
1445163729 28
1445163740 26
1445163740 14
1445163742 25
1445163742 17
1445163742 16
1445163742 28
1445163752 26
1445163752 14
1445163754 25
1445163754 17
1445163754 16
1445163754 28
1445163763 26
1445163763 14
1445163764 25
1445163764 17
1445163764 16
1445163764 28
1445163776 26
1445163776 14
1445163778 25
1445163778 17
1445163778 16
1445163778 28
1445163790 26
1445163790 14
1445163792 25
1445163792 17
1445163792 16
1445163792 28
1445163801 26
1445163801 14
1445163804 25
1445163804 17
1445163804 16
1445163804 28
1445163813 26
1445163813 14
1445163814 10
1445163814 25
1445163814 17
1445163814 16
1445163821 27
1445163821 21
1445163821 1
1445163840 5
1445163840 20
