1445163724 8
1445163724 147
1445163724 16
1445163724 102
1445163724 83
1445163724 8
1445163725 147
1445163725 160
1445163726 82
1445163726 67
1445163726 22
1445163726 102
1445163726 3
1445163726 75
1445163726 25
1445163726 25
1445163726 154
1445163729 102
1445163729 25
1445163729 25
1445163729 102
1445163740 75
1445163740 25
1445163742 102
1445163742 25
1445163742 25
1445163742 102
1445163752 75
1445163752 25
1445163754 102
1445163754 25
1445163754 25
1445163754 102
1445163763 75
1445163763 25
1445163764 102
1445163764 25
1445163764 25
1445163764 102
1445163776 75
1445163776 25
1445163778 102
1445163778 25
1445163778 25
1445163778 102
1445163790 75
1445163790 25
1445163792 102
1445163792 25
1445163792 25
1445163792 102
1445163801 75
1445163801 25
1445163804 102
1445163804 25
1445163804 25
1445163804 102
1445163813 75
1445163813 25
1445163814 67
1445163814 102
1445163814 25
1445163814 25
1445163821 75
1445163821 102
1445163821 160
1445163840 129
1445163840 3
