1445094488 8
1445094488 147
1445094488 16
1445094488 102
1445094488 83
1445094488 8
1445094489 147
1445094490 160
1445094492 82
1445094492 67
1445094492 22
1445094492 102
1445094492 3
1445094492 75
1445094492 25
1445094492 25
1445094492 154
1445094496 102
1445094496 25
1445094496 25
1445094496 102
1445094504 75
1445094504 25
1445094504 102
1445094504 25
1445094504 25
1445094504 102
1445094513 75
1445094513 25
1445094513 102
1445094513 25
1445094513 25
1445094513 102
1445094522 75
1445094522 25
1445094523 102
1445094523 25
1445094523 25
1445094523 102
1445094531 75
1445094531 25
1445094532 102
1445094532 25
1445094532 25
1445094532 102
1445094542 75
1445094542 25
1445094543 102
1445094543 25
1445094543 25
1445094543 102
1445094544 67
1445094552 75
1445094552 25
1445094552 102
1445094552 25
1445094552 25
1445094553 75
1445094553 102
1445094553 160
1445094578 129
1445094578 3
