1445076963 8
1445076963 147
1445076963 16
1445076963 102
1445076963 83
1445076964 8
1445076964 147
1445076965 160
1445076966 82
1445076966 67
1445076966 22
1445076966 102
1445076966 3
1445076966 75
1445076966 25
1445076966 25
1445076966 154
1445076969 102
1445076969 25
1445076969 25
1445076969 102
1445076978 75
1445076978 25
1445076980 102
1445076980 25
1445076980 25
1445076980 102
1445076990 75
1445076990 25
1445076992 102
1445076992 25
1445076992 25
1445076992 102
1445077001 75
1445077001 25
1445077003 102
1445077003 25
1445077003 25
1445077003 102
1445077012 75
1445077012 25
1445077015 102
1445077015 25
1445077015 25
1445077015 102
1445077026 75
1445077026 25
1445077028 102
1445077028 25
1445077028 25
1445077028 102
1445077037 75
1445077037 25
1445077038 102
1445077038 25
1445077038 25
1445077038 102
1445077047 75
1445077047 25
1445077049 67
1445077049 102
1445077049 25
1445077049 25
1445077056 75
1445077056 102
1445077056 160
1445077085 129
1445077085 3
