1445247697 39
1445247697 32
1445247697 37
1445247697 41
1445247697 25
1445247697 23
1445247698 11
1445247699 24
1445247699 29
1445247699 34
1445247699 31
1445247699 27
1445247699 22
1445247699 15
1445247699 17
1445247699 15
1445247699 17
1445247699 14
1445247699 1
1445247699 1
1445247699 16
1445247699 6
1445247699 16
1445247699 6
1445247700 21
1445247700 4
1445247700 15
1445247700 17
1445247700 1
1445247700 16
1445247700 6
1445247700 21
1445247700 16
1445247700 6
1445247700 21
1445247700 12
1445247700 15
1445247700 17
1445247700 1
1445247700 16
1445247700 6
1445247700 21
1445247700 8
1445247701 21
1445247701 16
1445247701 6
1445247701 21
1445247701 16
1445247701 6
1445247701 14
1445247701 21
1445247701 13
1445247701 15
1445247701 17
1445247701 1
1445247701 16
1445247701 6
1445247702 21
1445247702 10
1445247702 15
1445247702 17
1445247702 14
1445247702 1
1445247702 16
1445247702 6
1445247703 21
1445247703 5
1445247703 15
1445247703 17
1445247703 1
1445247703 16
1445247703 6
1445247704 21
1445247704 7
1445247704 19
1445247704 9
1445247704 28
1445247704 26
1445247704 40
1445247704 2
1445247704 18
1445247774 20
1445247774 30
1445247774 3
1445247774 38
1445247774 35
1445247774 36
1445247774 33
