1445247697 8
1445247697 147
1445247697 16
1445247697 102
1445247697 83
1445247697 8
1445247698 147
1445247699 160
1445247699 82
1445247699 67
1445247699 154
1445247699 0
1445247699 58
1445247699 78
1445247699 78
1445247699 78
1445247699 78
1445247699 58
1445247699 60
1445247699 60
1445247699 60
1445247699 167
1445247699 60
1445247699 167
1445247700 167
1445247700 1
1445247700 78
1445247700 78
1445247700 60
1445247700 60
1445247700 167
1445247700 167
1445247700 60
1445247700 167
1445247700 167
1445247700 1
1445247700 78
1445247700 78
1445247700 60
1445247700 60
1445247700 167
1445247700 167
1445247700 1
1445247701 167
1445247701 60
1445247701 167
1445247701 167
1445247701 60
1445247701 167
1445247701 58
1445247701 167
1445247701 1
1445247701 78
1445247701 78
1445247701 60
1445247701 60
1445247701 167
1445247702 167
1445247702 1
1445247702 78
1445247702 78
1445247702 58
1445247702 60
1445247702 60
1445247702 167
1445247703 167
1445247703 1
1445247703 78
1445247703 78
1445247703 60
1445247703 60
1445247703 167
1445247704 167
1445247704 1
1445247704 58
1445247704 0
1445247704 120
1445247704 120
1445247704 102
1445247704 160
1445247704 60
1445247774 129
1445247774 129
1445247774 167
1445247774 3
1445247774 16
1445247774 16
1445247774 111
