1445067492 20
1445067492 14
1445067492 17
1445067492 22
1445067492 7
1445067492 5
1445067493 4
1445067494 6
1445067496 10
1445067496 12
1445067498 8
1445067498 28
1445067498 13
1445067498 21
1445067498 23
1445067498 19
1445067499 11
1445067540 24
1445067540 16
1445067540 15
1445067540 28
1445067554 31
1445067554 18
1445067595 24
1445067595 16
1445067595 15
1445067595 28
1445067614 31
1445067614 18
1445067724 1
1445067724 36
1445067724 34
1445067724 34
1445067724 25
1445067724 43
1445067724 35
1445067724 42
1445067724 37
1445067724 30
1445067724 46
1445067724 47
1445067724 41
1445067724 38
1445067724 9
1445067724 44
1445067724 48
1445067724 49
1445067724 45
1445067724 50
1445067724 32
1445067724 40
1445067724 39
1445067724 39
1445067724 54
1445067724 54
1445067724 33
1445067724 55
1445067724 51
1445067724 52
1445067724 29
1445067724 27
1445067724 -1
1445067724 2
1445067724 36
1445067724 34
1445067724 34
1445067724 25
1445067724 43
1445067724 26
1445067724 53
1445067724 9
1445067724 44
1445067724 48
1445067724 49
1445067724 45
1445067724 50
1445067724 32
1445067724 40
1445067724 39
1445067724 39
1445067724 54
1445067724 54
1445067724 33
1445067724 55
1445067724 51
1445067724 52
1445067724 29
1445067724 27
1445067724 -1
1445067744 3
1445067764 3
1445067784 3
1445067804 3
1445067824 3
1445067844 3
1445067864 3
1445067884 3
1445067904 3
1445067924 3
1445067944 3
1445067964 3
1445067984 3
1445068004 3
1445068024 3
1445068044 3
1445068064 3
1445068084 3
1445068104 3
1445068124 3
1445068144 3
1445068164 3
1445068184 3
1445068204 3
1445068224 3
1445068244 3
1445068264 3
1445068284 3
1445068304 3
1445068324 3
1445068344 3
1445068364 3
