1445067492 8
1445067492 147
1445067492 16
1445067492 102
1445067492 83
1445067492 8
1445067493 147
1445067494 160
1445067496 82
1445067496 67
1445067498 22
1445067498 102
1445067498 3
1445067498 75
1445067498 25
1445067498 25
1445067499 154
1445067540 102
1445067540 25
1445067540 25
1445067540 102
1445067554 75
1445067554 25
1445067595 102
1445067595 25
1445067595 25
1445067595 102
1445067614 75
1445067614 25
1445067724 20
1445067724 53
1445067724 15
1445067724 15
1445067724 44
1445067724 12
1445067724 91
1445067724 41
1445067724 141
1445067724 41
1445067724 9
1445067724 137
1445067724 128
1445067724 141
1445067724 36
1445067724 164
1445067724 106
1445067724 4
1445067724 106
1445067724 106
1445067724 144
1445067724 53
1445067724 53
1445067724 53
1445067724 51
1445067724 51
1445067724 152
1445067724 51
1445067724 136
1445067724 51
1445067724 152
1445067724 15
1445067724 170
1445067724 20
1445067724 53
1445067724 15
1445067724 15
1445067724 44
1445067724 12
1445067724 91
1445067724 31
1445067724 36
1445067724 164
1445067724 106
1445067724 4
1445067724 106
1445067724 106
1445067724 144
1445067724 53
1445067724 53
1445067724 53
1445067724 51
1445067724 51
1445067724 152
1445067724 51
1445067724 136
1445067724 51
1445067724 152
1445067724 15
1445067724 170
1445067744 33
1445067764 33
1445067784 33
1445067804 33
1445067824 33
1445067844 33
1445067864 33
1445067884 33
1445067904 33
1445067924 33
1445067944 33
1445067964 33
1445067984 33
1445068004 33
1445068024 33
1445068044 33
1445068064 33
1445068084 33
1445068104 33
1445068124 33
1445068144 33
1445068164 33
1445068184 33
1445068204 33
1445068224 33
1445068244 33
1445068264 33
1445068284 33
1445068304 33
1445068324 33
1445068344 33
1445068364 33
