1445067808 21
1445067808 13
1445067808 20
1445067808 22
1445067808 6
1445067808 5
1445067809 2
1445067809 3
1445067810 7
1445067810 14
1445067811 8
1445067811 30
1445067811 9
1445067811 28
1445067811 26
1445067811 24
1445067811 10
1445067815 23
1445067815 18
1445067815 16
1445067815 30
1445067827 29
1445067827 17
1445067830 23
1445067830 18
1445067830 16
1445067830 30
1445067840 29
1445067840 17
1445067843 23
1445067843 18
1445067843 16
1445067843 30
1445067854 29
1445067854 17
1445067857 23
1445067857 18
1445067857 16
1445067857 30
1445067866 29
1445067866 17
1445067869 23
1445067869 18
1445067869 16
1445067869 30
1445067879 29
1445067879 17
1445067882 23
1445067882 18
1445067882 16
1445067882 30
1445067893 29
1445067893 17
1445067897 23
1445067897 18
1445067897 16
1445067897 30
1445067908 29
1445067908 17
1445067910 11
1445067910 23
1445067910 18
1445067910 16
1445067919 31
1445067919 25
1445067919 1
1445067941 4
1445067941 27
1445067941 19
1445067941 15
1445067941 12
