1445088355 27
1445088355 10
1445088355 19
1445088355 21
1445088355 6
1445088355 3
1445088356 2
1445088357 5
1445088358 8
1445088358 12
1445088358 7
1445088358 29
1445088358 9
1445088358 28
1445088358 22
1445088358 26
1445088358 13
1445088360 23
1445088360 15
1445088360 20
1445088360 29
1445088370 31
1445088371 17
1445088372 23
1445088372 15
1445088372 20
1445088372 29
1445088379 31
1445088379 17
1445088380 23
1445088380 15
1445088380 20
1445088380 29
1445088391 31
1445088391 17
1445088392 23
1445088392 15
1445088392 20
1445088392 29
1445088402 31
1445088402 17
1445088403 23
1445088403 15
1445088403 20
1445088403 29
1445088412 31
1445088412 17
1445088414 23
1445088414 15
1445088414 20
1445088414 29
1445088425 31
1445088425 17
1445088425 14
1445088425 23
1445088425 15
1445088425 20
1445088430 30
1445088430 25
1445088430 1
1445088463 4
1445088463 24
1445088463 16
1445088463 18
1445088463 11
