1445088355 8
1445088355 147
1445088355 16
1445088355 102
1445088355 83
1445088355 8
1445088356 147
1445088357 160
1445088358 82
1445088358 67
1445088358 22
1445088358 102
1445088358 3
1445088358 75
1445088358 25
1445088358 25
1445088358 154
1445088360 102
1445088360 25
1445088360 25
1445088360 102
1445088370 75
1445088371 25
1445088372 102
1445088372 25
1445088372 25
1445088372 102
1445088379 75
1445088379 25
1445088380 102
1445088380 25
1445088380 25
1445088380 102
1445088391 75
1445088391 25
1445088392 102
1445088392 25
1445088392 25
1445088392 102
1445088402 75
1445088402 25
1445088403 102
1445088403 25
1445088403 25
1445088403 102
1445088412 75
1445088412 25
1445088414 102
1445088414 25
1445088414 25
1445088414 102
1445088425 75
1445088425 25
1445088425 67
1445088425 102
1445088425 25
1445088425 25
1445088430 75
1445088430 102
1445088430 160
1445088463 129
1445088463 3
1445088463 16
1445088463 16
1445088463 111
