1445248573 47
1445248573 41
1445248573 42
1445248573 46
1445248573 34
1445248573 28
1445248574 4
1445248575 27
1445248576 36
1445248576 40
1445248576 37
1445248576 33
1445248576 29
1445248576 18
1445248576 13
1445248576 16
1445248576 1
1445248576 15
1445248576 8
1445248577 31
1445248577 12
1445248577 18
1445248577 13
1445248577 1
1445248577 15
1445248577 8
1445248577 31
1445248577 10
1445248616 16
1445248616 18
1445248616 13
1445248616 1
1445248616 15
1445248616 8
1445248617 31
1445248617 6
1445248641 18
1445248641 13
1445248641 16
1445248641 1
1445248641 15
1445248641 8
1445248642 31
1445248642 5
1445248642 18
1445248642 13
1445248642 1
1445248642 15
1445248642 8
1445248643 31
1445248643 7
1445248729 16
1445248729 18
1445248729 13
1445248729 1
1445248729 15
1445248729 8
1445248730 31
1445248730 9
1445248772 16
1445248772 24
1445248772 25
1445248772 1
1445248772 15
1445248772 8
1445248791 31
1445248791 21
1445248792 16
1445248792 24
1445248792 25
1445248792 1
1445248792 15
1445248792 8
1445248809 31
1445248809 20
1445248889 16
1445248889 22
1445248889 23
1445248889 1
1445248889 15
1445248889 8
1445248899 31
1445248899 14
1445248918 16
1445248918 22
1445248918 23
1445248918 1
1445248918 15
1445248918 8
1445248929 31
1445248929 19
1445248929 30
1445248929 11
1445248929 35
1445248929 32
1445248929 48
1445248929 3
1445248929 17
1445249000 26
1445249000 38
1445249000 2
1445249000 45
1445249000 44
1445249000 43
1445249000 39
