1445248573 8
1445248573 147
1445248573 16
1445248573 102
1445248573 83
1445248573 8
1445248574 147
1445248575 160
1445248576 82
1445248576 67
1445248576 154
1445248576 0
1445248576 58
1445248576 78
1445248576 78
1445248576 58
1445248576 60
1445248576 60
1445248576 167
1445248577 167
1445248577 1
1445248577 78
1445248577 78
1445248577 60
1445248577 60
1445248577 167
1445248577 167
1445248577 1
1445248616 58
1445248616 78
1445248616 78
1445248616 60
1445248616 60
1445248616 167
1445248617 167
1445248617 1
1445248641 78
1445248641 78
1445248641 58
1445248641 60
1445248641 60
1445248641 167
1445248642 167
1445248642 1
1445248642 78
1445248642 78
1445248642 60
1445248642 60
1445248642 167
1445248643 167
1445248643 1
1445248729 58
1445248729 78
1445248729 78
1445248729 60
1445248729 60
1445248729 167
1445248730 167
1445248730 1
1445248772 58
1445248772 78
1445248772 78
1445248772 60
1445248772 60
1445248772 167
1445248791 167
1445248791 66
1445248792 58
1445248792 78
1445248792 78
1445248792 60
1445248792 60
1445248792 167
1445248809 167
1445248809 66
1445248889 58
1445248889 78
1445248889 78
1445248889 60
1445248889 60
1445248889 167
1445248899 167
1445248899 66
1445248918 58
1445248918 78
1445248918 78
1445248918 60
1445248918 60
1445248918 167
1445248929 167
1445248929 66
1445248929 58
1445248929 0
1445248929 120
1445248929 120
1445248929 102
1445248929 160
1445248929 60
1445249000 129
1445249000 129
1445249000 167
1445249000 3
1445249000 16
1445249000 16
1445249000 111
