1445076923 35
1445076925 35
1445076925 35
1445076926 35
1445076929 35
1445076929 35
1445076930 35
1445076930 35
1445076930 35
1445076930 35
1445076930 35
1445076930 35
1445076930 35
1445076930 35
1445076930 35
1445076930 35
1445076930 35
1445076930 35
1445076930 35
1445076931 35
1445076931 35
1445076931 35
1445076931 35
1445076953 14
1445076953 52
1445076953 11
1445076953 4
1445076953 131
1445076953 131
1445076953 126
1445076953 149
1445076953 149
1445076953 149
1445076953 23
1445076953 23
1445076953 19
1445076953 51
1445076953 51
1445076953 72
1445076953 45
1445076953 45
1445076953 45
1445076953 116
1445076953 116
1445076953 116
1445076953 116
1445076953 98
1445076953 98
1445076953 98
1445076953 98
1445076953 126
1445076953 98
1445076953 9
1445076953 137
1445076953 128
1445076953 98
1445076953 98
1445076953 81
1445076953 52
1445076953 11
1445076953 4
1445076953 131
1445076953 131
1445076953 126
1445076953 149
1445076953 149
1445076953 149
1445076953 23
1445076953 23
1445076953 19
1445076953 51
1445076953 51
1445076953 72
1445076953 45
1445076953 45
1445076953 45
1445076953 116
1445076953 116
1445076953 116
1445076953 116
1445076953 98
1445076953 98
1445076953 98
1445076953 98
1445076953 126
1445076953 98
1445076953 9
1445076953 137
1445076953 128
1445076953 98
1445076953 98
1445076953 35
1445076953 35
1445076953 35
1445076953 35
1445076953 35
1445076953 35
1445076954 35
1445076954 35
1445076954 35
1445076954 35
1445076954 35
1445076954 35
1445076954 8
1445076954 35
1445076954 35
1445076954 35
1445076954 35
1445076954 35
1445076954 35
1445076954 35
1445076954 64
1445076954 5
1445076955 64
1445076955 35
1445076956 35
1445076956 35
1445076956 35
1445076956 35
1445076956 35
1445076956 35
1445076956 35
1445076956 35
1445076956 35
1445076956 35
1445076957 35
1445076957 35
1445076957 35
1445076957 35
1445076957 35
1445076957 35
1445076957 35
1445076957 35
1445076957 35
1445076957 35
1445076957 35
1445076957 35
1445076957 35
1445076957 35
1445076957 35
1445076957 35
1445076957 35
1445076957 35
1445076957 35
1445076957 35
1445076957 35
1445076957 35
1445076957 35
1445076957 35
1445076957 35
1445076957 35
1445076957 35
1445076957 35
1445076957 35
1445076957 35
1445076957 35
1445076957 35
1445076957 35
1445076957 35
1445076957 35
1445076957 35
1445076957 35
1445076957 35
1445076957 35
1445076957 35
1445076957 35
1445076957 35
1445076957 35
1445076957 35
1445076957 35
1445076957 35
1445076957 35
1445076957 35
1445076957 35
1445076957 35
1445076957 35
1445076957 35
1445076958 35
1445076958 35
1445076958 35
1445076958 35
1445076959 35
1445076959 35
1445076959 35
1445076959 35
1445076959 35
1445076959 35
1445076959 35
1445076959 35
1445076959 35
1445076959 35
1445076959 35
1445076959 35
1445076959 35
1445076959 35
1445076959 35
1445076959 35
1445076959 35
1445076959 35
1445076959 35
1445076959 35
1445076959 35
1445076959 35
1445076959 35
1445076959 35
1445076959 35
1445076959 35
1445076959 35
1445076959 35
1445076959 35
1445076959 35
1445076959 35
1445076959 35
1445076959 35
1445076959 35
1445076959 35
1445076959 35
1445076959 35
1445076959 35
1445076959 35
1445076959 35
1445076959 35
1445076959 35
1445076959 35
1445076959 35
1445076959 35
1445076959 35
1445076959 35
1445076959 35
1445076959 35
1445076959 35
1445076959 35
1445076959 35
1445076959 35
1445076959 35
1445076959 35
1445076959 35
1445076959 35
1445076959 35
1445076959 35
1445076959 35
1445076959 35
1445076959 35
1445076959 35
1445076959 35
1445076959 35
1445076959 35
1445076959 35
1445076959 35
1445076959 35
1445076959 35
1445076959 35
1445076959 35
1445076959 35
1445076959 35
1445076959 35
1445076959 35
1445076959 35
1445076959 35
1445076959 35
1445076959 35
1445076959 35
1445076959 35
1445076959 35
1445076959 35
1445076959 35
1445076959 35
1445076960 35
1445076960 35
1445076960 35
1445076960 35
1445076960 35
1445076960 35
1445076960 35
1445076960 35
1445076960 35
1445076960 35
1445076960 35
1445076960 35
1445076960 35
1445076960 35
1445076960 35
1445076960 35
1445076960 35
1445076960 35
1445076960 35
1445076960 35
1445076960 35
1445076960 35
1445076960 35
1445076960 35
1445076960 35
1445076960 35
1445076960 35
1445076960 35
1445076960 35
1445076961 35
1445076961 35
1445076961 35
1445076961 35
1445076961 35
1445076961 35
1445076961 35
1445076961 35
1445076961 35
1445076961 35
1445076961 35
1445076961 35
1445076961 35
1445076961 35
1445076961 35
1445076961 35
1445076961 35
1445076962 35
1445076962 35
1445076962 110
1445076962 35
1445076962 35
1445076963 35
1445076963 35
1445076963 35
1445076963 35
1445076963 35
1445076963 35
1445076963 35
1445076963 35
1445076963 35
1445076964 35
1445076964 35
1445076964 35
1445076964 35
1445076964 35
1445076964 35
1445076964 35
1445076964 35
1445076964 35
1445076964 35
1445076964 35
1445076964 35
1445076964 35
1445076964 35
1445076964 35
1445076964 35
1445076964 35
1445076964 35
1445076965 35
1445076965 35
1445076965 35
1445076965 35
1445076965 35
1445076970 35
1445076971 35
1445076971 35
1445076972 35
1445076972 35
1445076972 35
1445076972 35
1445076972 35
1445076972 35
1445076973 35
1445076973 35
1445076974 35
1445076974 35
1445076975 35
1445076975 35
1445076975 35
1445076975 35
1445076975 35
1445076976 35
1445076976 35
1445076976 35
1445076978 35
1445076978 35
1445076978 35
1445076978 35
1445076978 35
1445076978 35
1445076978 35
1445076979 35
1445076979 35
1445076979 35
1445076981 35
1445076981 35
1445076981 35
1445076981 35
1445076981 35
1445076981 35
1445076981 35
1445076982 35
1445076982 35
1445076982 35
1445076984 35
1445076984 35
1445076984 35
1445076984 35
1445076984 35
1445076984 35
1445076984 35
1445076984 35
1445076984 35
1445076985 35
1445076985 35
1445076986 35
1445076987 35
1445076987 35
1445076987 35
1445076987 35
1445076987 35
1445076987 35
1445076987 35
1445076988 35
1445076988 35
1445076989 35
1445076990 35
1445076990 35
1445076990 35
1445076990 35
1445076990 35
1445076990 35
1445076990 35
1445076991 35
1445076991 35
1445076992 35
1445076993 35
1445076993 35
1445076993 35
1445076993 35
1445076993 35
1445076993 35
1445076993 35
1445076994 35
1445076994 35
1445076995 35
1445076996 35
1445076996 35
1445076996 35
1445076996 35
1445076996 35
1445076996 35
1445076996 35
1445076996 35
1445076997 35
1445076997 35
1445076998 35
1445076999 35
1445076999 35
1445076999 35
1445077000 35
1445077000 35
1445077000 35
1445077000 35
1445077000 35
1445077000 35
1445077001 35
1445077002 35
1445077003 35
1445077003 35
1445077003 35
1445077003 35
1445077003 35
1445077003 35
1445077003 35
1445077003 35
1445077004 35
1445077005 35
1445077006 35
1445077006 35
1445077006 35
1445077006 35
1445077006 35
1445077006 35
1445077006 35
1445077006 35
1445077007 35
1445077009 35
1445077009 35
1445077009 35
1445077009 35
1445077009 35
1445077009 35
1445077009 35
1445077009 35
1445077009 35
1445077010 35
1445077012 35
1445077012 35
1445077012 35
1445077012 35
1445077012 35
1445077012 35
1445077012 35
1445077012 35
1445077013 35
1445077013 35
1445077014 35
1445077015 35
1445077015 35
1445077015 35
1445077015 35
1445077015 35
1445077015 35
1445077015 35
1445077016 35
1445077016 35
1445077016 35
1445077016 35
1445077016 35
1445077016 35
1445077016 35
1445077016 35
1445077016 35
1445077016 35
1445077016 35
1445077016 35
1445077016 35
1445077016 35
1445077016 35
1445077016 35
1445077016 35
1445077017 35
1445077017 35
1445077017 35
1445077017 35
1445077017 35
1445077017 35
1445077017 35
1445077018 35
1445077018 35
1445077018 35
1445077018 35
1445077018 35
1445077018 35
1445077018 35
1445077018 113
1445077018 119
1445077018 170
1445077018 35
1445077018 35
1445077018 35
1445077018 35
1445077018 35
1445077018 35
1445077018 35
1445077018 35
1445077018 35
1445077019 35
1445077019 35
1445077019 35
1445077019 35
1445077019 35
1445077019 35
1445077019 35
1445077019 35
1445077019 35
1445077019 35
1445077019 35
1445077019 35
1445077019 35
1445077019 35
1445077019 35
1445077019 35
1445077019 35
1445077019 35
1445077019 35
1445077019 35
1445077019 35
1445077019 35
1445077019 35
1445077019 35
1445077020 35
1445077021 35
1445077021 35
1445077021 35
1445077022 35
1445077022 35
1445077022 35
1445077022 35
1445077022 35
1445077022 35
1445077022 35
1445077022 35
1445077022 35
1445077023 35
1445077023 35
1445077023 35
1445077025 35
1445077025 35
1445077025 35
1445077025 35
1445077025 35
1445077025 35
1445077025 35
1445077025 35
1445077025 35
1445077025 35
1445077026 35
1445077028 35
1445077028 35
1445077028 35
1445077028 35
1445077028 35
1445077028 35
1445077028 35
1445077028 35
1445077028 35
1445077029 35
1445077030 35
1445077031 35
1445077031 35
1445077031 35
1445077031 35
1445077031 35
1445077031 35
1445077031 35
1445077031 35
1445077031 35
1445077031 35
1445077031 35
1445077031 35
1445077031 35
1445077031 35
1445077031 35
1445077031 35
1445077032 35
1445077032 35
1445077032 35
1445077032 35
1445077033 35
1445077033 35
1445077033 35
1445077033 35
1445077033 35
1445077033 35
1445077033 35
1445077033 35
1445077033 35
1445077033 35
1445077033 35
1445077033 35
1445077033 35
1445077034 35
1445077034 35
1445077034 35
1445077034 35
1445077034 35
1445077034 35
1445077034 35
1445077034 35
1445077034 35
1445077034 35
1445077034 35
1445077035 35
1445077035 35
1445077035 35
1445077035 35
1445077035 35
1445077036 35
1445077037 35
1445077037 35
1445077037 35
1445077037 35
1445077037 35
1445077037 35
1445077037 35
1445077037 35
1445077037 35
1445077037 35
1445077038 35
1445077038 35
1445077038 35
1445077039 35
1445077040 35
1445077040 35
1445077040 35
1445077040 35
1445077041 35
1445077041 35
1445077041 35
1445077041 35
1445077041 35
1445077041 35
1445077041 35
1445077041 35
1445077042 35
1445077042 35
1445077043 35
1445077043 35
1445077044 35
1445077044 35
1445077044 35
1445077044 35
1445077045 35
1445077045 35
1445077045 35
1445077045 35
1445077045 35
1445077046 35
1445077046 35
1445077046 35
1445077046 35
1445077046 35
1445077046 35
1445077046 35
1445077046 35
1445077046 35
1445077046 35
1445077046 35
1445077047 35
1445077047 35
1445077047 35
1445077047 35
1445077047 35
1445077047 35
1445077048 35
1445077048 35
1445077048 35
1445077048 35
1445077048 35
1445077048 35
1445077048 35
1445077048 35
1445077048 35
1445077048 35
1445077048 35
1445077048 35
1445077048 35
1445077049 35
1445077049 35
1445077049 35
1445077049 35
1445077049 35
1445077049 35
1445077049 35
1445077049 35
1445077049 35
1445077049 35
1445077049 35
1445077049 35
1445077049 35
1445077050 35
1445077050 35
1445077050 35
1445077051 35
1445077051 35
1445077051 35
1445077051 35
1445077051 35
1445077051 35
1445077051 35
1445077051 35
1445077051 35
1445077052 35
1445077052 35
1445077052 35
1445077052 35
1445077052 35
1445077052 35
1445077052 35
1445077053 35
1445077053 35
1445077053 35
1445077053 35
1445077054 35
1445077055 35
1445077055 35
1445077055 35
1445077055 35
1445077055 35
1445077055 35
1445077055 35
1445077055 35
1445077055 35
1445077055 35
1445077055 35
1445077055 35
1445077056 35
1445077056 35
1445077056 35
1445077056 35
1445077057 35
1445077057 35
1445077058 35
1445077058 35
1445077058 35
1445077058 35
1445077058 35
1445077059 35
1445077059 35
1445077059 35
1445077059 35
1445077059 35
1445077059 35
1445077059 35
1445077059 35
1445077060 35
1445077060 35
1445077061 35
1445077061 35
1445077061 35
1445077061 35
1445077061 35
1445077062 35
1445077062 35
1445077062 35
1445077062 35
1445077062 35
1445077062 35
1445077062 35
1445077062 35
1445077063 35
1445077063 35
1445077064 35
1445077064 35
1445077064 35
1445077064 35
1445077064 35
1445077065 35
1445077065 35
1445077065 35
1445077065 35
1445077065 35
1445077065 35
1445077065 35
1445077066 35
1445077066 35
1445077066 35
1445077067 35
1445077067 35
1445077067 35
1445077068 35
1445077068 35
1445077068 35
1445077068 35
1445077068 35
1445077069 35
1445077069 35
1445077069 35
1445077069 35
1445077069 35
1445077069 35
1445077069 35
1445077070 35
1445077070 35
1445077071 35
1445077071 35
1445077071 35
1445077071 35
1445077071 35
1445077071 35
1445077072 35
1445077072 35
1445077072 35
1445077072 35
1445077072 35
1445077072 35
1445077072 35
1445077072 35
1445077074 35
1445077074 35
1445077074 35
1445077074 35
1445077074 35
1445077074 35
1445077074 35
1445077075 35
1445077075 35
1445077075 35
1445077075 35
1445077075 35
1445077075 35
1445077075 35
1445077075 35
1445077076 35
1445077077 35
1445077077 35
1445077077 35
1445077077 35
1445077077 35
1445077077 35
1445077078 35
1445077078 35
1445077078 35
1445077079 35
1445077080 35
1445077080 35
1445077080 35
1445077080 35
1445077080 35
1445077080 35
1445077080 35
1445077081 35
1445077081 35
1445077081 35
1445077081 35
1445077081 35
1445077082 35
1445077082 35
1445077082 35
1445077082 35
1445077082 35
1445077082 35
1445077082 35
1445077082 35
1445077082 35
1445077082 35
1445077082 35
1445077082 35
1445077083 35
1445077083 35
1445077083 35
1445077083 35
1445077083 35
1445077083 35
1445077083 35
1445077083 35
1445077083 35
1445077083 35
1445077083 35
1445077083 35
1445077083 35
1445077083 35
1445077083 35
1445077083 35
1445077083 35
1445077083 35
1445077083 35
1445077083 35
1445077084 35
1445077084 35
1445077084 35
1445077084 35
1445077084 113
1445077084 119
1445077084 170
1445077084 35
1445077084 35
1445077084 35
1445077084 35
1445077084 35
1445077085 35
1445077085 35
1445077085 35
1445077085 113
1445077085 119
1445077085 170
1445077085 35
1445077085 35
1445077085 35
1445077085 35
1445077085 35
1445077085 35
1445077085 35
1445077085 35
1445077085 35
1445077085 35
1445077085 35
1445077086 35
1445077086 35
1445077086 35
1445077086 35
1445077086 35
1445077086 35
1445077086 35
1445077086 35
1445077086 35
1445077087 35
1445077087 35
1445077087 35
1445077087 113
1445077087 119
1445077087 170
1445077087 35
1445077087 35
1445077087 35
1445077087 35
1445077088 35
1445077088 35
1445077088 35
1445077088 35
1445077088 35
1445077088 35
1445077088 35
1445077088 35
1445077088 35
1445077088 35
1445077088 35
1445077089 35
1445077089 35
1445077089 35
1445077089 35
1445077089 35
1445077089 35
1445077089 35
1445077089 35
1445077090 35
1445077090 35
1445077090 113
1445077090 119
1445077090 170
1445077090 35
1445077090 35
1445077090 35
1445077090 35
1445077090 35
1445077092 35
1445077092 35
1445077092 35
1445077092 35
1445077092 35
1445077092 35
1445077092 35
1445077093 35
1445077093 35
1445077093 35
1445077093 35
1445077094 35
1445077094 35
1445077094 35
1445077094 35
1445077094 35
1445077094 35
1445077094 35
1445077094 35
1445077094 35
1445077094 35
1445077094 35
1445077094 35
1445077094 35
1445077094 35
1445077094 35
1445077094 35
1445077094 35
1445077094 35
1445077094 35
1445077095 35
1445077095 36
1445077095 164
1445077095 106
1445077095 4
1445077095 106
1445077095 106
1445077095 61
1445077095 15
1445077095 61
1445077095 61
1445077095 61
1445077095 61
1445077095 35
1445077095 35
1445077095 89
1445077095 35
1445077095 35
1445077095 35
1445077095 35
1445077095 35
1445077095 35
1445077095 35
1445077095 35
1445077095 35
1445077095 35
1445077095 113
1445077095 119
1445077095 170
1445077095 35
1445077096 35
1445077096 35
1445077096 35
1445077096 35
1445077096 113
1445077096 119
1445077096 170
1445077096 35
1445077096 35
1445077097 35
1445077098 35
1445077098 35
1445077098 35
1445077098 35
1445077098 35
1445077099 35
1445077099 35
1445077099 35
1445077100 35
1445077100 35
1445077101 35
1445077102 35
1445077102 35
1445077102 35
1445077102 35
1445077102 35
1445077102 35
1445077103 35
1445077103 35
1445077104 35
1445077104 35
1445077104 35
1445077104 35
1445077104 35
1445077104 35
1445077104 35
1445077104 35
1445077104 35
1445077104 35
1445077104 35
1445077104 35
1445077104 35
1445077105 35
1445077105 35
1445077105 35
1445077105 35
1445077105 35
1445077105 35
1445077105 113
1445077105 119
1445077105 170
1445077105 35
1445077105 35
1445077106 35
1445077106 35
1445077107 35
1445077107 35
1445077108 35
1445077108 35
1445077108 35
1445077108 35
1445077108 35
1445077108 35
1445077108 35
1445077108 35
1445077108 35
1445077108 35
1445077108 35
1445077108 35
1445077108 35
1445077108 35
1445077109 35
1445077109 35
1445077109 35
1445077109 35
1445077110 35
1445077110 35
1445077110 35
1445077110 35
1445077110 35
1445077110 113
1445077110 119
1445077110 170
1445077111 35
1445077111 35
1445077111 35
1445077112 35
1445077112 35
1445077112 35
1445077113 35
1445077113 35
1445077114 35
1445077114 35
1445077115 35
1445077115 35
1445077116 35
1445077116 35
1445077116 35
1445077117 35
1445077118 35
1445077118 35
1445077118 35
1445077118 35
1445077119 35
1445077119 35
1445077119 35
1445077120 35
1445077120 35
1445077121 35
1445077121 35
1445077121 35
1445077121 35
1445077122 35
1445077122 35
1445077122 35
1445077124 35
1445077124 35
1445077124 35
1445077125 35
1445077125 35
1445077125 35
1445077126 35
1445077127 35
1445077127 35
1445077127 35
1445077127 35
1445077128 35
1445077128 35
1445077128 35
1445077129 35
1445077130 35
1445077130 35
1445077130 35
1445077130 35
1445077131 35
1445077131 35
1445077131 35
1445077132 35
1445077133 35
1445077133 35
1445077133 35
1445077133 35
1445077133 35
1445077133 35
1445077133 35
1445077133 35
1445077133 35
1445077133 35
1445077133 35
1445077133 35
1445077133 35
1445077133 35
1445077133 35
1445077133 35
1445077133 35
1445077133 35
1445077133 35
1445077133 35
1445077134 35
1445077134 36
1445077134 164
1445077134 106
1445077134 4
1445077134 106
1445077134 106
1445077134 61
1445077134 15
1445077134 61
1445077134 61
1445077134 61
1445077134 61
1445077134 89
1445077134 35
1445077134 35
1445077134 35
1445077134 35
1445077134 35
1445077136 35
1445077136 35
1445077136 35
1445077136 35
1445077136 113
1445077136 119
1445077136 170
1445077136 35
1445077136 35
1445077136 113
1445077136 119
1445077136 170
1445077136 35
1445077137 35
1445077137 35
1445077137 35
1445077138 35
1445077139 35
1445077139 35
1445077140 35
1445077140 35
1445077140 35
1445077141 35
1445077141 35
1445077142 35
1445077142 35
1445077143 35
1445077143 35
1445077144 35
1445077144 35
1445077145 35
1445077145 35
1445077146 35
1445077147 35
1445077147 35
1445077148 35
1445077148 35
1445077149 35
1445077149 35
1445077150 35
1445077150 35
1445077151 35
1445077151 35
1445077152 35
1445077153 35
1445077153 35
1445077153 35
1445077154 35
1445077154 35
1445077155 35
1445077156 35
1445077156 35
1445077156 35
1445077157 35
1445077157 35
1445077158 35
1445077159 35
1445077159 35
1445077159 35
1445077160 35
1445077161 35
1445077162 35
1445077162 35
1445077163 35
1445077163 35
1445077163 35
1445077164 35
1445077165 35
1445077165 35
1445077166 35
1445077166 35
1445077166 35
1445077167 35
1445077168 35
1445077168 35
1445077169 35
1445077169 35
1445077169 35
1445077170 35
1445077171 35
1445077171 35
1445077172 35
1445077172 35
1445077172 35
1445077173 35
1445077174 35
1445077174 35
1445077175 35
1445077175 35
1445077175 35
1445077176 35
1445077177 35
1445077177 35
1445077178 35
1445077178 35
1445077178 35
1445077179 35
1445077180 35
1445077180 35
1445077181 35
1445077181 35
1445077181 35
1445077182 35
1445077183 35
1445077183 35
1445077184 35
1445077184 35
1445077184 35
1445077185 35
1445077186 35
1445077186 35
1445077186 35
1445077186 35
1445077186 35
1445077186 35
1445077186 35
1445077186 35
1445077186 35
1445077186 35
1445077186 35
1445077186 35
1445077186 35
1445077186 35
1445077186 35
1445077186 35
1445077186 35
1445077187 35
1445077187 35
1445077187 89
1445077187 35
1445077187 35
1445077187 35
1445077187 36
1445077187 164
1445077187 106
1445077187 4
1445077187 106
1445077187 106
1445077187 61
1445077187 15
1445077187 61
1445077187 61
1445077187 61
1445077187 61
1445077187 35
1445077187 35
1445077188 35
1445077188 35
1445077188 35
1445077188 113
1445077188 119
1445077188 170
1445077188 35
1445077188 35
1445077188 113
1445077188 119
1445077188 170
1445077189 35
1445077190 35
1445077190 35
1445077191 35
1445077192 35
1445077193 35
1445077194 35
1445077194 35
1445077195 35
1445077196 35
1445077197 35
1445077197 35
1445077198 35
1445077199 35
1445077200 35
1445077200 35
1445077201 35
1445077202 35
1445077203 35
1445077203 35
1445077204 35
1445077204 35
1445077206 35
1445077209 35
1445077212 35
1445077215 35
1445077230 35
1445077233 35
1445077236 35
1445077239 35
1445077242 35
1445077245 35
1445077248 35
1445077251 35
1445077254 35
1445077257 35
1445077260 35
1445077264 35
1445077267 35
1445077270 35
1445077273 35
1445077274 35
1445077274 35
1445077274 35
1445077274 35
1445077274 35
1445077274 35
1445077274 35
1445077274 35
1445077274 35
1445077274 35
1445077274 35
1445077274 35
1445077274 35
1445077274 35
1445077274 35
1445077274 35
1445077274 35
1445077274 35
1445077274 35
1445077274 35
1445077274 35
1445077274 35
1445077274 35
1445077274 35
1445077274 35
1445077274 35
1445077274 35
1445077274 17
1445077275 35
1445077275 17
1445077275 35
1445077275 130
1445077275 35
1445077275 130
1445077275 35
1445077275 34
1445077275 70
1445077275 35
1445077275 34
1445077275 130
1445077275 35
1445077275 34
1445077275 17
1445077275 35
1445077275 35
1445077275 35
1445077275 35
1445077276 35
1445077276 35
1445077276 35
1445077276 35
1445077276 35
1445077276 35
